"기준일","요일","성별","연령대","시도","시군구","읍면동","업종","통화건수"
"20180101","월","남","10대","서울특별시","강남구","도곡동","중국집","5"
"20180101","월","남","10대","서울특별시","강남구","삼성동","중국집","5"
"20180101","월","남","20대","서울특별시","강남구","논현동","중국집","16"
"20180101","월","남","20대","서울특별시","강남구","삼성동","중국집","19"
"20180101","월","남","30대","서울특별시","강남구","개포동","중국집","5"
"20180101","월","남","30대","서울특별시","강남구","삼성동","중국집","64"
"20180101","월","남","40대","서울특별시","강남구","개포동","중국집","5"
"20180101","월","남","40대","서울특별시","강남구","논현동","중국집","28"
"20180101","월","남","10대","서울특별시","강남구","논현동","중국집","5"
"20180101","월","남","40대","서울특별시","강남구","삼성동","중국집","65"
"20180101","월","남","30대","서울특별시","강남구","세곡동","중국집","5"
"20180101","월","남","40대","서울특별시","강남구","역삼동","중국집","37"
"20180101","월","남","30대","서울특별시","강남구","역삼동","중국집","46"
"20180101","월","남","50대","서울특별시","강남구","논현동","중국집","17"
"20180101","월","남","50대","서울특별시","강남구","압구정동","중국집","5"
"20180101","월","남","60대이상","서울특별시","강남구","대치동","중국집","5"
"20180101","월","남","60대이상","서울특별시","강남구","세곡동","중국집","5"
"20180101","월","남","60대이상","서울특별시","강남구","역삼동","중국집","15"
"20180101","월","남","20대","서울특별시","강남구","역삼동","중국집","29"
"20180101","월","여","10대","서울특별시","강남구","삼성동","중국집","5"
"20180101","월","남","50대","서울특별시","강남구","역삼동","중국집","18"
"20180101","월","여","10대","서울특별시","강남구","역삼동","중국집","5"
"20180101","월","남","30대","서울특별시","강남구","대치동","중국집","5"
"20180101","월","남","50대","서울특별시","강남구","삼성동","중국집","31"
"20180101","월","여","20대","서울특별시","강남구","논현동","중국집","6"
"20180101","월","여","20대","서울특별시","강남구","삼성동","중국집","11"
"20180101","월","남","60대이상","서울특별시","강남구","논현동","중국집","13"
"20180101","월","남","20대","서울특별시","강남구","대치동","중국집","5"
"20180101","월","남","60대이상","서울특별시","강남구","삼성동","중국집","13"
"20180101","월","남","20대","서울특별시","강남구","세곡동","중국집","5"
"20180101","월","여","20대","서울특별시","강남구","도곡동","중국집","9"
"20180101","월","여","20대","서울특별시","강남구","압구정동","중국집","5"
"20180101","월","남","40대","서울특별시","강남구","도곡동","중국집","5"
"20180101","월","여","20대","서울특별시","강남구","세곡동","중국집","6"
"20180101","월","남","30대","서울특별시","강남구","도곡동","중국집","5"
"20180101","월","여","20대","서울특별시","강남구","역삼동","중국집","10"
"20180101","월","여","30대","서울특별시","강남구","도곡동","중국집","9"
"20180101","월","여","30대","서울특별시","강남구","삼성동","중국집","37"
"20180101","월","여","30대","서울특별시","강남구","세곡동","중국집","8"
"20180101","월","여","10대","서울특별시","강남구","논현동","중국집","5"
"20180101","월","여","10대","서울특별시","강남구","세곡동","중국집","5"
"20180101","월","여","30대","서울특별시","강남구","압구정동","중국집","5"
"20180101","월","여","30대","서울특별시","강남구","역삼동","중국집","33"
"20180101","월","여","40대","서울특별시","강남구","개포동","중국집","5"
"20180101","월","여","30대","서울특별시","강남구","일원동","중국집","5"
"20180101","월","여","40대","서울특별시","강남구","논현동","중국집","29"
"20180101","월","여","40대","서울특별시","강남구","대치동","중국집","5"
"20180101","월","여","40대","서울특별시","강남구","도곡동","중국집","7"
"20180101","월","여","40대","서울특별시","강남구","삼성동","중국집","71"
"20180101","월","남","10대","서울특별시","강남구","역삼동","중국집","5"
"20180101","월","여","40대","서울특별시","강남구","압구정동","중국집","5"
"20180101","월","여","50대","서울특별시","강남구","논현동","중국집","24"
"20180101","월","여","50대","서울특별시","강남구","대치동","중국집","5"
"20180101","월","여","50대","서울특별시","강남구","도곡동","중국집","5"
"20180101","월","여","40대","서울특별시","강남구","역삼동","중국집","33"
"20180101","월","남","40대","서울특별시","강남구","세곡동","중국집","7"
"20180101","월","남","50대","서울특별시","강남구","도곡동","중국집","5"
"20180101","월","여","20대","서울특별시","강남구","대치동","중국집","5"
"20180101","월","남","30대","서울특별시","강남구","압구정동","중국집","5"
"20180101","월","여","50대","서울특별시","강남구","삼성동","중국집","42"
"20180101","월","여","40대","서울특별시","강남구","세곡동","중국집","9"
"20180101","월","여","50대","서울특별시","강남구","수서동","중국집","5"
"20180101","월","남","60대이상","서울특별시","강남구","개포동","중국집","5"
"20180101","월","남","30대","서울특별시","강남구","논현동","중국집","28"
"20180101","월","여","50대","서울특별시","강남구","역삼동","중국집","16"
"20180101","월","여","60대이상","서울특별시","강남구","논현동","중국집","10"
"20180101","월","여","30대","서울특별시","강남구","논현동","중국집","24"
"20180101","월","여","60대이상","서울특별시","강남구","도곡동","중국집","5"
"20180101","월","남","50대","서울특별시","강남구","개포동","중국집","5"
"20180101","월","여","60대이상","서울특별시","강남구","삼성동","중국집","21"
"20180101","월","여","60대이상","서울특별시","강남구","세곡동","중국집","5"
"20180101","월","여","60대이상","서울특별시","강남구","압구정동","중국집","5"
"20180101","월","여","60대이상","서울특별시","강남구","역삼동","중국집","10"
"20180101","월","남","10대","서울특별시","강동구","길동","중국집","10"
"20180101","월","남","20대","서울특별시","강동구","길동","중국집","37"
"20180101","월","남","20대","서울특별시","강동구","성내동","중국집","5"
"20180101","월","남","30대","서울특별시","강동구","암사동","중국집","5"
"20180101","월","남","40대","서울특별시","강동구","둔촌동","중국집","5"
"20180101","월","남","40대","서울특별시","강동구","명일동","중국집","5"
"20180101","월","남","40대","서울특별시","강동구","성내동","중국집","5"
"20180101","월","남","20대","서울특별시","강동구","명일동","중국집","5"
"20180101","월","남","40대","서울특별시","강동구","암사동","중국집","5"
"20180101","월","남","30대","서울특별시","강동구","천호동","중국집","5"
"20180101","월","남","40대","서울특별시","강동구","천호동","중국집","7"
"20180101","월","남","50대","서울특별시","강동구","길동","중국집","43"
"20180101","월","남","50대","서울특별시","강동구","천호동","중국집","5"
"20180101","월","남","60대이상","서울특별시","강동구","길동","중국집","26"
"20180101","월","남","60대이상","서울특별시","강동구","명일동","중국집","5"
"20180101","월","남","30대","서울특별시","강동구","길동","중국집","62"
"20180101","월","남","60대이상","서울특별시","강동구","성내동","중국집","5"
"20180101","월","남","60대이상","서울특별시","강동구","암사동","중국집","5"
"20180101","월","남","60대이상","서울특별시","강동구","고덕동","중국집","5"
"20180101","월","남","60대이상","서울특별시","강동구","천호동","중국집","5"
"20180101","월","여","10대","서울특별시","강동구","길동","중국집","5"
"20180101","월","남","50대","서울특별시","강동구","암사동","중국집","5"
"20180101","월","남","30대","서울특별시","강동구","둔촌동","중국집","5"
"20180101","월","남","50대","서울특별시","강동구","명일동","중국집","5"
"20180101","월","여","20대","서울특별시","강동구","길동","중국집","15"
"20180101","월","여","20대","서울특별시","강동구","둔촌동","중국집","5"
"20180101","월","여","20대","서울특별시","강동구","명일동","중국집","5"
"20180101","월","여","20대","서울특별시","강동구","성내동","중국집","5"
"20180101","월","여","30대","서울특별시","강동구","길동","중국집","45"
"20180101","월","여","30대","서울특별시","강동구","명일동","중국집","5"
"20180101","월","여","30대","서울특별시","강동구","성내동","중국집","6"
"20180101","월","여","30대","서울특별시","강동구","암사동","중국집","9"
"20180101","월","여","20대","서울특별시","강동구","천호동","중국집","5"
"20180101","월","여","30대","서울특별시","강동구","천호동","중국집","5"
"20180101","월","여","40대","서울특별시","강동구","길동","중국집","86"
"20180101","월","남","30대","서울특별시","강동구","명일동","중국집","5"
"20180101","월","여","20대","서울특별시","강동구","암사동","중국집","5"
"20180101","월","여","40대","서울특별시","강동구","명일동","중국집","5"
"20180101","월","남","50대","서울특별시","강동구","성내동","중국집","5"
"20180101","월","여","40대","서울특별시","강동구","성내동","중국집","7"
"20180101","월","여","40대","서울특별시","강동구","암사동","중국집","5"
"20180101","월","여","50대","서울특별시","강동구","길동","중국집","34"
"20180101","월","남","60대이상","서울특별시","강동구","둔촌동","중국집","5"
"20180101","월","여","50대","서울특별시","강동구","둔촌동","중국집","5"
"20180101","월","남","20대","서울특별시","강동구","천호동","중국집","5"
"20180101","월","여","50대","서울특별시","강동구","명일동","중국집","5"
"20180101","월","여","50대","서울특별시","강동구","성내동","중국집","6"
"20180101","월","여","50대","서울특별시","강동구","암사동","중국집","5"
"20180101","월","여","60대이상","서울특별시","강동구","길동","중국집","18"
"20180101","월","여","40대","서울특별시","강동구","천호동","중국집","5"
"20180101","월","여","60대이상","서울특별시","강동구","명일동","중국집","5"
"20180101","월","남","40대","서울특별시","강동구","길동","중국집","72"
"20180101","월","여","60대이상","서울특별시","강동구","성내동","중국집","5"
"20180101","월","여","60대이상","서울특별시","강동구","암사동","중국집","5"
"20180101","월","남","10대","서울특별시","강북구","번동","중국집","5"
"20180101","월","남","10대","서울특별시","강북구","수유동","중국집","5"
"20180101","월","남","20대","서울특별시","강북구","미아동","중국집","29"
"20180101","월","남","20대","서울특별시","강북구","번동","중국집","10"
"20180101","월","남","20대","서울특별시","강북구","우이동","중국집","5"
"20180101","월","남","30대","서울특별시","강북구","미아동","중국집","72"
"20180101","월","남","30대","서울특별시","강북구","번동","중국집","21"
"20180101","월","남","40대","서울특별시","강북구","번동","중국집","14"
"20180101","월","남","50대","서울특별시","강북구","번동","중국집","5"
"20180101","월","남","50대","서울특별시","강북구","수유동","중국집","5"
"20180101","월","남","60대이상","서울특별시","강북구","미아동","중국집","23"
"20180101","월","남","60대이상","서울특별시","강북구","번동","중국집","10"
"20180101","월","남","60대이상","서울특별시","강북구","우이동","중국집","5"
"20180101","월","여","10대","서울특별시","강북구","미아동","중국집","6"
"20180101","월","여","10대","서울특별시","강북구","우이동","중국집","5"
"20180101","월","여","20대","서울특별시","강북구","미아동","중국집","16"
"20180101","월","남","40대","서울특별시","강북구","우이동","중국집","5"
"20180101","월","여","10대","서울특별시","강북구","번동","중국집","5"
"20180101","월","남","50대","서울특별시","강북구","미아동","중국집","38"
"20180101","월","여","20대","서울특별시","강북구","번동","중국집","5"
"20180101","월","여","20대","서울특별시","강북구","수유동","중국집","5"
"20180101","월","여","30대","서울특별시","강북구","미아동","중국집","39"
"20180101","월","여","30대","서울특별시","강북구","번동","중국집","7"
"20180101","월","여","30대","서울특별시","강북구","우이동","중국집","5"
"20180101","월","여","40대","서울특별시","강북구","미아동","중국집","56"
"20180101","월","여","40대","서울특별시","강북구","번동","중국집","22"
"20180101","월","남","30대","서울특별시","강북구","우이동","중국집","5"
"20180101","월","남","40대","서울특별시","강북구","미아동","중국집","86"
"20180101","월","여","50대","서울특별시","강북구","번동","중국집","10"
"20180101","월","여","50대","서울특별시","강북구","미아동","중국집","51"
"20180101","월","여","60대이상","서울특별시","강북구","미아동","중국집","30"
"20180101","월","여","60대이상","서울특별시","강북구","번동","중국집","9"
"20180101","월","여","60대이상","서울특별시","강북구","우이동","중국집","5"
"20180101","월","남","10대","서울특별시","강북구","미아동","중국집","9"
"20180101","월","남","10대","서울특별시","강서구","가양동","중국집","5"
"20180101","월","남","10대","서울특별시","강서구","화곡동","중국집","8"
"20180101","월","남","20대","서울특별시","강서구","등촌동","중국집","16"
"20180101","월","남","20대","서울특별시","강서구","마곡동","중국집","5"
"20180101","월","남","20대","서울특별시","강서구","화곡동","중국집","22"
"20180101","월","남","30대","서울특별시","강서구","가양동","중국집","25"
"20180101","월","남","30대","서울특별시","강서구","등촌동","중국집","30"
"20180101","월","남","30대","서울특별시","강서구","마곡동","중국집","5"
"20180101","월","남","30대","서울특별시","강서구","방화동","중국집","6"
"20180101","월","남","30대","서울특별시","강서구","외발산동","중국집","5"
"20180101","월","남","40대","서울특별시","강서구","가양동","중국집","28"
"20180101","월","남","40대","서울특별시","강서구","화곡동","중국집","75"
"20180101","월","남","50대","서울특별시","강서구","내발산동","중국집","26"
"20180101","월","남","50대","서울특별시","강서구","등촌동","중국집","16"
"20180101","월","남","20대","서울특별시","강서구","방화동","중국집","5"
"20180101","월","남","40대","서울특별시","강서구","등촌동","중국집","14"
"20180101","월","남","50대","서울특별시","강서구","외발산동","중국집","5"
"20180101","월","남","50대","서울특별시","강서구","화곡동","중국집","33"
"20180101","월","남","60대이상","서울특별시","강서구","내발산동","중국집","17"
"20180101","월","여","10대","서울특별시","강서구","가양동","중국집","5"
"20180101","월","남","60대이상","서울특별시","강서구","방화동","중국집","5"
"20180101","월","여","10대","서울특별시","강서구","내발산동","중국집","5"
"20180101","월","남","20대","서울특별시","강서구","내발산동","중국집","21"
"20180101","월","여","10대","서울특별시","강서구","화곡동","중국집","7"
"20180101","월","여","20대","서울특별시","강서구","가양동","중국집","11"
"20180101","월","여","20대","서울특별시","강서구","내발산동","중국집","16"
"20180101","월","남","40대","서울특별시","강서구","내발산동","중국집","57"
"20180101","월","남","30대","서울특별시","강서구","내발산동","중국집","46"
"20180101","월","여","20대","서울특별시","강서구","등촌동","중국집","8"
"20180101","월","여","20대","서울특별시","강서구","외발산동","중국집","5"
"20180101","월","여","20대","서울특별시","강서구","화곡동","중국집","13"
"20180101","월","여","30대","서울특별시","강서구","가양동","중국집","17"
"20180101","월","여","30대","서울특별시","강서구","내발산동","중국집","35"
"20180101","월","여","30대","서울특별시","강서구","등촌동","중국집","21"
"20180101","월","여","30대","서울특별시","강서구","마곡동","중국집","5"
"20180101","월","남","60대이상","서울특별시","강서구","외발산동","중국집","5"
"20180101","월","여","20대","서울특별시","강서구","방화동","중국집","5"
"20180101","월","여","30대","서울특별시","강서구","방화동","중국집","5"
"20180101","월","여","30대","서울특별시","강서구","화곡동","중국집","39"
"20180101","월","남","10대","서울특별시","강서구","내발산동","중국집","5"
"20180101","월","여","40대","서울특별시","강서구","가양동","중국집","25"
"20180101","월","여","40대","서울특별시","강서구","내발산동","중국집","61"
"20180101","월","여","40대","서울특별시","강서구","등촌동","중국집","27"
"20180101","월","남","30대","서울특별시","강서구","화곡동","중국집","69"
"20180101","월","여","50대","서울특별시","강서구","내발산동","중국집","19"
"20180101","월","남","20대","서울특별시","강서구","가양동","중국집","13"
"20180101","월","남","60대이상","서울특별시","강서구","등촌동","중국집","15"
"20180101","월","여","50대","서울특별시","강서구","등촌동","중국집","12"
"20180101","월","여","50대","서울특별시","강서구","마곡동","중국집","5"
"20180101","월","여","40대","서울특별시","강서구","화곡동","중국집","87"
"20180101","월","여","50대","서울특별시","강서구","방화동","중국집","5"
"20180101","월","남","60대이상","서울특별시","강서구","가양동","중국집","5"
"20180101","월","여","60대이상","서울특별시","강서구","가양동","중국집","5"
"20180101","월","남","20대","서울특별시","강서구","외발산동","중국집","5"
"20180101","월","여","60대이상","서울특별시","강서구","내발산동","중국집","12"
"20180101","월","남","60대이상","서울특별시","강서구","화곡동","중국집","17"
"20180101","월","여","60대이상","서울특별시","강서구","등촌동","중국집","9"
"20180101","월","여","50대","서울특별시","강서구","화곡동","중국집","40"
"20180101","월","여","60대이상","서울특별시","강서구","외발산동","중국집","5"
"20180101","월","여","50대","서울특별시","강서구","가양동","중국집","11"
"20180101","월","여","60대이상","서울특별시","강서구","화곡동","중국집","16"
"20180101","월","남","50대","서울특별시","강서구","가양동","중국집","9"
"20180101","월","여","10대","서울특별시","강서구","등촌동","중국집","5"
"20180101","월","남","10대","서울특별시","관악구","봉천동","중국집","5"
"20180101","월","남","10대","서울특별시","관악구","신림동","중국집","5"
"20180101","월","남","20대","서울특별시","관악구","신림동","중국집","11"
"20180101","월","남","30대","서울특별시","관악구","봉천동","중국집","13"
"20180101","월","남","40대","서울특별시","관악구","봉천동","중국집","8"
"20180101","월","남","50대","서울특별시","관악구","봉천동","중국집","5"
"20180101","월","남","60대이상","서울특별시","관악구","봉천동","중국집","5"
"20180101","월","남","60대이상","서울특별시","관악구","신림동","중국집","5"
"20180101","월","남","30대","서울특별시","관악구","신림동","중국집","27"
"20180101","월","여","10대","서울특별시","관악구","신림동","중국집","5"
"20180101","월","여","20대","서울특별시","관악구","봉천동","중국집","5"
"20180101","월","여","20대","서울특별시","관악구","신림동","중국집","6"
"20180101","월","여","30대","서울특별시","관악구","봉천동","중국집","11"
"20180101","월","여","30대","서울특별시","관악구","신림동","중국집","11"
"20180101","월","여","40대","서울특별시","관악구","봉천동","중국집","7"
"20180101","월","여","40대","서울특별시","관악구","신림동","중국집","13"
"20180101","월","남","40대","서울특별시","관악구","신림동","중국집","5"
"20180101","월","남","20대","서울특별시","관악구","봉천동","중국집","5"
"20180101","월","여","50대","서울특별시","관악구","봉천동","중국집","5"
"20180101","월","여","60대이상","서울특별시","관악구","봉천동","중국집","5"
"20180101","월","여","50대","서울특별시","관악구","신림동","중국집","5"
"20180101","월","여","60대이상","서울특별시","관악구","신림동","중국집","5"
"20180101","월","남","10대","서울특별시","광진구","자양동","중국집","5"
"20180101","월","남","30대","서울특별시","광진구","중곡동","중국집","5"
"20180101","월","남","40대","서울특별시","광진구","구의동","중국집","5"
"20180101","월","남","40대","서울특별시","광진구","능동","중국집","5"
"20180101","월","남","40대","서울특별시","광진구","자양동","중국집","8"
"20180101","월","남","60대이상","서울특별시","광진구","능동","중국집","5"
"20180101","월","남","60대이상","서울특별시","광진구","화양동","중국집","5"
"20180101","월","여","20대","서울특별시","광진구","구의동","중국집","5"
"20180101","월","여","20대","서울특별시","광진구","능동","중국집","5"
"20180101","월","여","20대","서울특별시","광진구","자양동","중국집","8"
"20180101","월","여","30대","서울특별시","광진구","능동","중국집","5"
"20180101","월","여","30대","서울특별시","광진구","구의동","중국집","5"
"20180101","월","여","30대","서울특별시","광진구","자양동","중국집","5"
"20180101","월","남","20대","서울특별시","광진구","자양동","중국집","5"
"20180101","월","여","30대","서울특별시","광진구","중곡동","중국집","5"
"20180101","월","여","40대","서울특별시","광진구","광장동","중국집","5"
"20180101","월","여","40대","서울특별시","광진구","구의동","중국집","5"
"20180101","월","남","60대이상","서울특별시","광진구","자양동","중국집","5"
"20180101","월","여","40대","서울특별시","광진구","자양동","중국집","5"
"20180101","월","여","40대","서울특별시","광진구","중곡동","중국집","5"
"20180101","월","여","10대","서울특별시","광진구","화양동","중국집","5"
"20180101","월","여","40대","서울특별시","광진구","화양동","중국집","5"
"20180101","월","여","50대","서울특별시","광진구","능동","중국집","5"
"20180101","월","여","50대","서울특별시","광진구","자양동","중국집","5"
"20180101","월","여","50대","서울특별시","광진구","화양동","중국집","5"
"20180101","월","여","60대이상","서울특별시","광진구","능동","중국집","5"
"20180101","월","여","60대이상","서울특별시","광진구","자양동","중국집","5"
"20180101","월","여","60대이상","서울특별시","광진구","중곡동","중국집","5"
"20180101","월","남","30대","서울특별시","광진구","자양동","중국집","5"
"20180101","월","남","10대","서울특별시","구로구","개봉동","중국집","5"
"20180101","월","남","20대","서울특별시","구로구","개봉동","중국집","18"
"20180101","월","남","10대","서울특별시","구로구","궁동","중국집","5"
"20180101","월","남","20대","서울특별시","구로구","궁동","중국집","5"
"20180101","월","남","20대","서울특별시","구로구","신도림동","중국집","5"
"20180101","월","남","30대","서울특별시","구로구","개봉동","중국집","29"
"20180101","월","남","30대","서울특별시","구로구","구로동","중국집","5"
"20180101","월","남","30대","서울특별시","구로구","신도림동","중국집","5"
"20180101","월","남","40대","서울특별시","구로구","구로동","중국집","5"
"20180101","월","남","20대","서울특별시","구로구","구로동","중국집","5"
"20180101","월","남","40대","서울특별시","구로구","궁동","중국집","5"
"20180101","월","남","40대","서울특별시","구로구","신도림동","중국집","5"
"20180101","월","남","50대","서울특별시","구로구","개봉동","중국집","22"
"20180101","월","남","50대","서울특별시","구로구","구로동","중국집","5"
"20180101","월","남","60대이상","서울특별시","구로구","개봉동","중국집","7"
"20180101","월","여","10대","서울특별시","구로구","개봉동","중국집","5"
"20180101","월","여","20대","서울특별시","구로구","개봉동","중국집","8"
"20180101","월","여","20대","서울특별시","구로구","구로동","중국집","5"
"20180101","월","여","20대","서울특별시","구로구","궁동","중국집","5"
"20180101","월","여","30대","서울특별시","구로구","개봉동","중국집","30"
"20180101","월","여","30대","서울특별시","구로구","궁동","중국집","5"
"20180101","월","여","40대","서울특별시","구로구","개봉동","중국집","31"
"20180101","월","여","40대","서울특별시","구로구","구로동","중국집","5"
"20180101","월","여","30대","서울특별시","구로구","구로동","중국집","5"
"20180101","월","여","40대","서울특별시","구로구","신도림동","중국집","5"
"20180101","월","여","50대","서울특별시","구로구","개봉동","중국집","30"
"20180101","월","남","40대","서울특별시","구로구","개봉동","중국집","45"
"20180101","월","여","50대","서울특별시","구로구","궁동","중국집","5"
"20180101","월","여","60대이상","서울특별시","구로구","개봉동","중국집","13"
"20180101","월","여","60대이상","서울특별시","구로구","궁동","중국집","5"
"20180101","월","남","20대","서울특별시","금천구","가산동","중국집","10"
"20180101","월","남","30대","서울특별시","금천구","가산동","중국집","7"
"20180101","월","남","30대","서울특별시","금천구","시흥동","중국집","5"
"20180101","월","남","40대","서울특별시","금천구","가산동","중국집","9"
"20180101","월","남","50대","서울특별시","금천구","가산동","중국집","8"
"20180101","월","남","60대이상","서울특별시","금천구","가산동","중국집","5"
"20180101","월","남","30대","서울특별시","금천구","독산동","중국집","5"
"20180101","월","남","60대이상","서울특별시","금천구","독산동","중국집","5"
"20180101","월","남","60대이상","서울특별시","금천구","시흥동","중국집","5"
"20180101","월","여","10대","서울특별시","금천구","가산동","중국집","5"
"20180101","월","여","20대","서울특별시","금천구","가산동","중국집","5"
"20180101","월","여","20대","서울특별시","금천구","시흥동","중국집","5"
"20180101","월","여","30대","서울특별시","금천구","가산동","중국집","5"
"20180101","월","여","30대","서울특별시","금천구","시흥동","중국집","5"
"20180101","월","여","40대","서울특별시","금천구","가산동","중국집","10"
"20180101","월","여","40대","서울특별시","금천구","독산동","중국집","5"
"20180101","월","여","40대","서울특별시","금천구","시흥동","중국집","5"
"20180101","월","여","50대","서울특별시","금천구","가산동","중국집","5"
"20180101","월","여","50대","서울특별시","금천구","독산동","중국집","5"
"20180101","월","남","40대","서울특별시","금천구","시흥동","중국집","7"
"20180101","월","여","50대","서울특별시","금천구","시흥동","중국집","5"
"20180101","월","여","60대이상","서울특별시","금천구","시흥동","중국집","5"
"20180101","월","남","10대","서울특별시","노원구","상계동","중국집","10"
"20180101","월","남","10대","서울특별시","노원구","월계동","중국집","5"
"20180101","월","남","10대","서울특별시","노원구","중계동","중국집","5"
"20180101","월","남","20대","서울특별시","노원구","상계동","중국집","36"
"20180101","월","남","30대","서울특별시","노원구","상계동","중국집","46"
"20180101","월","남","40대","서울특별시","노원구","상계동","중국집","74"
"20180101","월","남","40대","서울특별시","노원구","월계동","중국집","5"
"20180101","월","남","30대","서울특별시","노원구","월계동","중국집","10"
"20180101","월","남","40대","서울특별시","노원구","중계동","중국집","5"
"20180101","월","남","40대","서울특별시","노원구","공릉동","중국집","9"
"20180101","월","남","60대이상","서울특별시","노원구","상계동","중국집","21"
"20180101","월","남","60대이상","서울특별시","노원구","월계동","중국집","5"
"20180101","월","남","20대","서울특별시","노원구","공릉동","중국집","5"
"20180101","월","남","60대이상","서울특별시","노원구","중계동","중국집","5"
"20180101","월","여","10대","서울특별시","노원구","공릉동","중국집","5"
"20180101","월","여","10대","서울특별시","노원구","중계동","중국집","5"
"20180101","월","여","20대","서울특별시","노원구","공릉동","중국집","5"
"20180101","월","남","50대","서울특별시","노원구","중계동","중국집","5"
"20180101","월","여","20대","서울특별시","노원구","상계동","중국집","13"
"20180101","월","남","60대이상","서울특별시","노원구","공릉동","중국집","5"
"20180101","월","여","20대","서울특별시","노원구","월계동","중국집","5"
"20180101","월","여","10대","서울특별시","노원구","상계동","중국집","5"
"20180101","월","여","20대","서울특별시","노원구","중계동","중국집","5"
"20180101","월","남","30대","서울특별시","노원구","공릉동","중국집","5"
"20180101","월","여","40대","서울특별시","노원구","공릉동","중국집","5"
"20180101","월","여","30대","서울특별시","노원구","월계동","중국집","5"
"20180101","월","여","40대","서울특별시","노원구","상계동","중국집","102"
"20180101","월","여","40대","서울특별시","노원구","월계동","중국집","5"
"20180101","월","여","40대","서울특별시","노원구","중계동","중국집","5"
"20180101","월","여","50대","서울특별시","노원구","상계동","중국집","47"
"20180101","월","여","50대","서울특별시","노원구","월계동","중국집","5"
"20180101","월","남","20대","서울특별시","노원구","월계동","중국집","5"
"20180101","월","여","50대","서울특별시","노원구","중계동","중국집","5"
"20180101","월","여","60대이상","서울특별시","노원구","상계동","중국집","28"
"20180101","월","여","30대","서울특별시","노원구","상계동","중국집","46"
"20180101","월","남","50대","서울특별시","노원구","상계동","중국집","55"
"20180101","월","여","60대이상","서울특별시","노원구","월계동","중국집","5"
"20180101","월","남","20대","서울특별시","노원구","중계동","중국집","5"
"20180101","월","남","10대","서울특별시","노원구","공릉동","중국집","5"
"20180101","월","여","60대이상","서울특별시","노원구","중계동","중국집","5"
"20180101","월","여","60대이상","서울특별시","노원구","공릉동","중국집","5"
"20180101","월","남","20대","서울특별시","도봉구","쌍문동","중국집","6"
"20180101","월","남","30대","서울특별시","도봉구","도봉동","중국집","5"
"20180101","월","남","30대","서울특별시","도봉구","방학동","중국집","5"
"20180101","월","남","30대","서울특별시","도봉구","쌍문동","중국집","5"
"20180101","월","남","40대","서울특별시","도봉구","도봉동","중국집","5"
"20180101","월","남","40대","서울특별시","도봉구","방학동","중국집","5"
"20180101","월","남","40대","서울특별시","도봉구","쌍문동","중국집","5"
"20180101","월","남","50대","서울특별시","도봉구","쌍문동","중국집","5"
"20180101","월","남","60대이상","서울특별시","도봉구","방학동","중국집","5"
"20180101","월","남","60대이상","서울특별시","도봉구","쌍문동","중국집","5"
"20180101","월","여","10대","서울특별시","도봉구","쌍문동","중국집","5"
"20180101","월","여","20대","서울특별시","도봉구","방학동","중국집","5"
"20180101","월","여","20대","서울특별시","도봉구","쌍문동","중국집","6"
"20180101","월","여","30대","서울특별시","도봉구","방학동","중국집","5"
"20180101","월","여","30대","서울특별시","도봉구","쌍문동","중국집","6"
"20180101","월","여","40대","서울특별시","도봉구","도봉동","중국집","5"
"20180101","월","여","40대","서울특별시","도봉구","방학동","중국집","5"
"20180101","월","여","40대","서울특별시","도봉구","쌍문동","중국집","5"
"20180101","월","여","50대","서울특별시","도봉구","도봉동","중국집","5"
"20180101","월","여","60대이상","서울특별시","도봉구","도봉동","중국집","5"
"20180101","월","여","60대이상","서울특별시","도봉구","방학동","중국집","5"
"20180101","월","남","20대","서울특별시","동대문구","장안동","중국집","41"
"20180101","월","남","20대","서울특별시","동대문구","답십리동","중국집","5"
"20180101","월","남","20대","서울특별시","동대문구","전농동","중국집","5"
"20180101","월","남","20대","서울특별시","동대문구","제기동","중국집","34"
"20180101","월","남","30대","서울특별시","동대문구","답십리동","중국집","5"
"20180101","월","남","30대","서울특별시","동대문구","전농동","중국집","5"
"20180101","월","남","30대","서울특별시","동대문구","제기동","중국집","31"
"20180101","월","남","20대","서울특별시","동대문구","휘경동","중국집","5"
"20180101","월","남","40대","서울특별시","동대문구","장안동","중국집","52"
"20180101","월","남","40대","서울특별시","동대문구","전농동","중국집","5"
"20180101","월","남","40대","서울특별시","동대문구","제기동","중국집","52"
"20180101","월","남","50대","서울특별시","동대문구","답십리동","중국집","5"
"20180101","월","남","50대","서울특별시","동대문구","장안동","중국집","38"
"20180101","월","남","50대","서울특별시","동대문구","전농동","중국집","5"
"20180101","월","남","50대","서울특별시","동대문구","제기동","중국집","23"
"20180101","월","남","60대이상","서울특별시","동대문구","답십리동","중국집","5"
"20180101","월","남","60대이상","서울특별시","동대문구","전농동","중국집","5"
"20180101","월","남","10대","서울특별시","동대문구","장안동","중국집","7"
"20180101","월","남","60대이상","서울특별시","동대문구","제기동","중국집","24"
"20180101","월","여","20대","서울특별시","동대문구","답십리동","중국집","5"
"20180101","월","여","20대","서울특별시","동대문구","장안동","중국집","12"
"20180101","월","여","20대","서울특별시","동대문구","제기동","중국집","16"
"20180101","월","여","30대","서울특별시","동대문구","답십리동","중국집","5"
"20180101","월","여","30대","서울특별시","동대문구","장안동","중국집","34"
"20180101","월","여","30대","서울특별시","동대문구","제기동","중국집","34"
"20180101","월","여","40대","서울특별시","동대문구","전농동","중국집","5"
"20180101","월","남","60대이상","서울특별시","동대문구","장안동","중국집","12"
"20180101","월","여","40대","서울특별시","동대문구","제기동","중국집","27"
"20180101","월","남","30대","서울특별시","동대문구","장안동","중국집","50"
"20180101","월","여","40대","서울특별시","동대문구","휘경동","중국집","5"
"20180101","월","여","50대","서울특별시","동대문구","답십리동","중국집","5"
"20180101","월","여","50대","서울특별시","동대문구","장안동","중국집","18"
"20180101","월","여","50대","서울특별시","동대문구","제기동","중국집","25"
"20180101","월","여","30대","서울특별시","동대문구","전농동","중국집","5"
"20180101","월","여","60대이상","서울특별시","동대문구","장안동","중국집","13"
"20180101","월","남","10대","서울특별시","동대문구","제기동","중국집","5"
"20180101","월","여","60대이상","서울특별시","동대문구","전농동","중국집","5"
"20180101","월","여","50대","서울특별시","동대문구","전농동","중국집","5"
"20180101","월","여","40대","서울특별시","동대문구","장안동","중국집","51"
"20180101","월","여","60대이상","서울특별시","동대문구","제기동","중국집","16"
"20180101","월","여","10대","서울특별시","동대문구","장안동","중국집","5"
"20180101","월","남","20대","서울특별시","동작구","노량진동","중국집","5"
"20180101","월","남","20대","서울특별시","동작구","상도동","중국집","5"
"20180101","월","남","30대","서울특별시","동작구","노량진동","중국집","5"
"20180101","월","남","30대","서울특별시","동작구","본동","중국집","5"
"20180101","월","남","40대","서울특별시","동작구","본동","중국집","5"
"20180101","월","남","40대","서울특별시","동작구","노량진동","중국집","5"
"20180101","월","남","40대","서울특별시","동작구","사당동","중국집","5"
"20180101","월","남","40대","서울특별시","동작구","상도동","중국집","5"
"20180101","월","남","30대","서울특별시","동작구","상도동","중국집","5"
"20180101","월","남","40대","서울특별시","동작구","신대방동","중국집","105"
"20180101","월","남","50대","서울특별시","동작구","대방동","중국집","5"
"20180101","월","남","50대","서울특별시","동작구","사당동","중국집","5"
"20180101","월","남","50대","서울특별시","동작구","상도동","중국집","5"
"20180101","월","남","20대","서울특별시","동작구","본동","중국집","5"
"20180101","월","남","60대이상","서울특별시","동작구","대방동","중국집","5"
"20180101","월","남","60대이상","서울특별시","동작구","신대방동","중국집","49"
"20180101","월","여","10대","서울특별시","동작구","신대방동","중국집","5"
"20180101","월","남","50대","서울특별시","동작구","신대방동","중국집","53"
"20180101","월","여","20대","서울특별시","동작구","상도동","중국집","5"
"20180101","월","여","20대","서울특별시","동작구","신대방동","중국집","48"
"20180101","월","여","30대","서울특별시","동작구","노량진동","중국집","5"
"20180101","월","여","30대","서울특별시","동작구","본동","중국집","5"
"20180101","월","남","20대","서울특별시","동작구","신대방동","중국집","70"
"20180101","월","남","30대","서울특별시","동작구","사당동","중국집","5"
"20180101","월","남","10대","서울특별시","동작구","신대방동","중국집","8"
"20180101","월","여","30대","서울특별시","동작구","상도동","중국집","5"
"20180101","월","여","30대","서울특별시","동작구","신대방동","중국집","87"
"20180101","월","여","40대","서울특별시","동작구","사당동","중국집","5"
"20180101","월","여","40대","서울특별시","동작구","상도동","중국집","7"
"20180101","월","여","40대","서울특별시","동작구","본동","중국집","5"
"20180101","월","남","10대","서울특별시","동작구","상도동","중국집","5"
"20180101","월","여","40대","서울특별시","동작구","신대방동","중국집","100"
"20180101","월","남","50대","서울특별시","동작구","노량진동","중국집","5"
"20180101","월","여","50대","서울특별시","동작구","노량진동","중국집","5"
"20180101","월","여","20대","서울특별시","동작구","노량진동","중국집","5"
"20180101","월","여","30대","서울특별시","동작구","사당동","중국집","5"
"20180101","월","여","50대","서울특별시","동작구","상도동","중국집","5"
"20180101","월","남","30대","서울특별시","동작구","신대방동","중국집","114"
"20180101","월","여","50대","서울특별시","동작구","신대방동","중국집","59"
"20180101","월","여","60대이상","서울특별시","동작구","본동","중국집","5"
"20180101","월","여","60대이상","서울특별시","동작구","상도동","중국집","5"
"20180101","월","여","20대","서울특별시","동작구","흑석동","중국집","5"
"20180101","월","여","60대이상","서울특별시","동작구","신대방동","중국집","39"
"20180101","월","남","20대","서울특별시","동작구","사당동","중국집","5"
"20180101","월","남","20대","서울특별시","마포구","서교동","중국집","5"
"20180101","월","남","20대","서울특별시","마포구","신수동","중국집","5"
"20180101","월","남","20대","서울특별시","마포구","창전동","중국집","5"
"20180101","월","남","20대","서울특별시","마포구","합정동","중국집","5"
"20180101","월","남","30대","서울특별시","마포구","망원동","중국집","5"
"20180101","월","남","30대","서울특별시","마포구","염리동","중국집","5"
"20180101","월","남","30대","서울특별시","마포구","창전동","중국집","5"
"20180101","월","남","40대","서울특별시","마포구","공덕동","중국집","5"
"20180101","월","남","40대","서울특별시","마포구","서교동","중국집","5"
"20180101","월","남","30대","서울특별시","마포구","아현동","중국집","5"
"20180101","월","남","40대","서울특별시","마포구","신수동","중국집","5"
"20180101","월","남","40대","서울특별시","마포구","아현동","중국집","5"
"20180101","월","남","30대","서울특별시","마포구","신수동","중국집","5"
"20180101","월","남","10대","서울특별시","마포구","상암동","중국집","5"
"20180101","월","남","10대","서울특별시","마포구","합정동","중국집","5"
"20180101","월","남","40대","서울특별시","마포구","합정동","중국집","7"
"20180101","월","남","50대","서울특별시","마포구","망원동","중국집","5"
"20180101","월","남","50대","서울특별시","마포구","상암동","중국집","9"
"20180101","월","남","50대","서울특별시","마포구","합정동","중국집","7"
"20180101","월","남","60대이상","서울특별시","마포구","대흥동","중국집","5"
"20180101","월","남","60대이상","서울특별시","마포구","상암동","중국집","5"
"20180101","월","남","60대이상","서울특별시","마포구","신공덕동","중국집","5"
"20180101","월","여","10대","서울특별시","마포구","상암동","중국집","5"
"20180101","월","여","20대","서울특별시","마포구","상암동","중국집","5"
"20180101","월","여","20대","서울특별시","마포구","신수동","중국집","5"
"20180101","월","여","20대","서울특별시","마포구","염리동","중국집","5"
"20180101","월","여","20대","서울특별시","마포구","합정동","중국집","6"
"20180101","월","여","20대","서울특별시","마포구","마포동","중국집","5"
"20180101","월","여","30대","서울특별시","마포구","대흥동","중국집","5"
"20180101","월","여","30대","서울특별시","마포구","마포동","중국집","5"
"20180101","월","여","30대","서울특별시","마포구","망원동","중국집","5"
"20180101","월","여","20대","서울특별시","마포구","망원동","중국집","5"
"20180101","월","여","30대","서울특별시","마포구","상암동","중국집","13"
"20180101","월","여","30대","서울특별시","마포구","신수동","중국집","5"
"20180101","월","여","30대","서울특별시","마포구","합정동","중국집","8"
"20180101","월","남","20대","서울특별시","마포구","상암동","중국집","7"
"20180101","월","여","40대","서울특별시","마포구","상암동","중국집","22"
"20180101","월","여","30대","서울특별시","마포구","신공덕동","중국집","5"
"20180101","월","여","40대","서울특별시","마포구","신수동","중국집","5"
"20180101","월","여","40대","서울특별시","마포구","아현동","중국집","5"
"20180101","월","남","40대","서울특별시","마포구","망원동","중국집","5"
"20180101","월","남","60대이상","서울특별시","마포구","합정동","중국집","5"
"20180101","월","남","40대","서울특별시","마포구","마포동","중국집","5"
"20180101","월","남","30대","서울특별시","마포구","합정동","중국집","9"
"20180101","월","여","40대","서울특별시","마포구","합정동","중국집","9"
"20180101","월","여","40대","서울특별시","마포구","창전동","중국집","5"
"20180101","월","여","40대","서울특별시","마포구","신공덕동","중국집","5"
"20180101","월","여","50대","서울특별시","마포구","마포동","중국집","5"
"20180101","월","여","50대","서울특별시","마포구","망원동","중국집","5"
"20180101","월","여","50대","서울특별시","마포구","상암동","중국집","12"
"20180101","월","여","50대","서울특별시","마포구","합정동","중국집","5"
"20180101","월","남","30대","서울특별시","마포구","상암동","중국집","12"
"20180101","월","남","40대","서울특별시","마포구","상암동","중국집","14"
"20180101","월","여","60대이상","서울특별시","마포구","공덕동","중국집","5"
"20180101","월","남","50대","서울특별시","마포구","마포동","중국집","5"
"20180101","월","여","60대이상","서울특별시","마포구","상암동","중국집","5"
"20180101","월","여","60대이상","서울특별시","마포구","합정동","중국집","5"
"20180101","월","남","20대","서울특별시","서대문구","북가좌동","중국집","5"
"20180101","월","남","20대","서울특별시","서대문구","북아현동","중국집","5"
"20180101","월","남","10대","서울특별시","서대문구","홍제동","중국집","6"
"20180101","월","남","10대","서울특별시","서대문구","창천동","중국집","5"
"20180101","월","남","20대","서울특별시","서대문구","홍제동","중국집","15"
"20180101","월","남","30대","서울특별시","서대문구","창천동","중국집","21"
"20180101","월","남","40대","서울특별시","서대문구","북가좌동","중국집","5"
"20180101","월","남","30대","서울특별시","서대문구","홍제동","중국집","22"
"20180101","월","남","40대","서울특별시","서대문구","연희동","중국집","42"
"20180101","월","남","40대","서울특별시","서대문구","창천동","중국집","17"
"20180101","월","남","40대","서울특별시","서대문구","남가좌동","중국집","5"
"20180101","월","남","40대","서울특별시","서대문구","충정로3가","중국집","5"
"20180101","월","남","50대","서울특별시","서대문구","창천동","중국집","9"
"20180101","월","남","50대","서울특별시","서대문구","충정로3가","중국집","5"
"20180101","월","남","20대","서울특별시","서대문구","연희동","중국집","28"
"20180101","월","남","50대","서울특별시","서대문구","홍제동","중국집","18"
"20180101","월","남","60대이상","서울특별시","서대문구","연희동","중국집","16"
"20180101","월","남","60대이상","서울특별시","서대문구","창천동","중국집","5"
"20180101","월","여","10대","서울특별시","서대문구","연희동","중국집","5"
"20180101","월","여","20대","서울특별시","서대문구","남가좌동","중국집","5"
"20180101","월","남","40대","서울특별시","서대문구","홍은동","중국집","5"
"20180101","월","여","20대","서울특별시","서대문구","북아현동","중국집","5"
"20180101","월","여","20대","서울특별시","서대문구","연희동","중국집","15"
"20180101","월","여","20대","서울특별시","서대문구","홍은동","중국집","5"
"20180101","월","남","30대","서울특별시","서대문구","북가좌동","중국집","5"
"20180101","월","여","20대","서울특별시","서대문구","홍제동","중국집","7"
"20180101","월","남","50대","서울특별시","서대문구","남가좌동","중국집","5"
"20180101","월","여","30대","서울특별시","서대문구","북가좌동","중국집","5"
"20180101","월","여","30대","서울특별시","서대문구","창천동","중국집","14"
"20180101","월","남","20대","서울특별시","서대문구","홍은동","중국집","5"
"20180101","월","남","50대","서울특별시","서대문구","연희동","중국집","18"
"20180101","월","여","30대","서울특별시","서대문구","홍은동","중국집","5"
"20180101","월","여","30대","서울특별시","서대문구","홍제동","중국집","27"
"20180101","월","남","10대","서울특별시","서대문구","연희동","중국집","5"
"20180101","월","남","30대","서울특별시","서대문구","충정로2가","중국집","5"
"20180101","월","여","40대","서울특별시","서대문구","연희동","중국집","38"
"20180101","월","여","30대","서울특별시","서대문구","연희동","중국집","29"
"20180101","월","여","40대","서울특별시","서대문구","창천동","중국집","14"
"20180101","월","남","60대이상","서울특별시","서대문구","홍제동","중국집","6"
"20180101","월","남","40대","서울특별시","서대문구","홍제동","중국집","24"
"20180101","월","여","40대","서울특별시","서대문구","홍은동","중국집","5"
"20180101","월","여","40대","서울특별시","서대문구","홍제동","중국집","30"
"20180101","월","여","50대","서울특별시","서대문구","연희동","중국집","19"
"20180101","월","남","20대","서울특별시","서대문구","충정로3가","중국집","5"
"20180101","월","여","50대","서울특별시","서대문구","충정로3가","중국집","5"
"20180101","월","여","40대","서울특별시","서대문구","충정로3가","중국집","5"
"20180101","월","남","50대","서울특별시","서대문구","홍은동","중국집","5"
"20180101","월","여","50대","서울특별시","서대문구","홍은동","중국집","5"
"20180101","월","여","50대","서울특별시","서대문구","홍제동","중국집","9"
"20180101","월","여","50대","서울특별시","서대문구","창천동","중국집","10"
"20180101","월","여","60대이상","서울특별시","서대문구","남가좌동","중국집","5"
"20180101","월","여","60대이상","서울특별시","서대문구","북가좌동","중국집","5"
"20180101","월","남","30대","서울특별시","서대문구","연희동","중국집","25"
"20180101","월","여","20대","서울특별시","서대문구","창천동","중국집","5"
"20180101","월","남","20대","서울특별시","서대문구","창천동","중국집","8"
"20180101","월","여","60대이상","서울특별시","서대문구","연희동","중국집","12"
"20180101","월","여","60대이상","서울특별시","서대문구","창천동","중국집","5"
"20180101","월","남","10대","서울특별시","서대문구","홍은동","중국집","5"
"20180101","월","여","60대이상","서울특별시","서대문구","홍제동","중국집","10"
"20180101","월","남","10대","서울특별시","서초구","반포동","중국집","5"
"20180101","월","남","10대","서울특별시","서초구","방배동","중국집","6"
"20180101","월","남","10대","서울특별시","서초구","서초동","중국집","5"
"20180101","월","남","20대","서울특별시","서초구","양재동","중국집","13"
"20180101","월","남","20대","서울특별시","서초구","서초동","중국집","5"
"20180101","월","남","30대","서울특별시","서초구","방배동","중국집","58"
"20180101","월","남","30대","서울특별시","서초구","양재동","중국집","26"
"20180101","월","남","40대","서울특별시","서초구","내곡동","중국집","5"
"20180101","월","남","30대","서울특별시","서초구","내곡동","중국집","5"
"20180101","월","남","40대","서울특별시","서초구","반포동","중국집","14"
"20180101","월","남","40대","서울특별시","서초구","방배동","중국집","46"
"20180101","월","남","40대","서울특별시","서초구","양재동","중국집","31"
"20180101","월","남","50대","서울특별시","서초구","내곡동","중국집","5"
"20180101","월","남","30대","서울특별시","서초구","반포동","중국집","8"
"20180101","월","남","50대","서울특별시","서초구","반포동","중국집","9"
"20180101","월","남","20대","서울특별시","서초구","잠원동","중국집","5"
"20180101","월","남","10대","서울특별시","서초구","양재동","중국집","5"
"20180101","월","남","60대이상","서울특별시","서초구","반포동","중국집","6"
"20180101","월","남","60대이상","서울특별시","서초구","방배동","중국집","20"
"20180101","월","남","50대","서울특별시","서초구","양재동","중국집","21"
"20180101","월","남","60대이상","서울특별시","서초구","양재동","중국집","7"
"20180101","월","남","30대","서울특별시","서초구","서초동","중국집","6"
"20180101","월","여","10대","서울특별시","서초구","반포동","중국집","5"
"20180101","월","여","10대","서울특별시","서초구","방배동","중국집","5"
"20180101","월","여","10대","서울특별시","서초구","서초동","중국집","5"
"20180101","월","남","20대","서울특별시","서초구","반포동","중국집","6"
"20180101","월","여","10대","서울특별시","서초구","양재동","중국집","5"
"20180101","월","여","20대","서울특별시","서초구","반포동","중국집","5"
"20180101","월","여","20대","서울특별시","서초구","방배동","중국집","13"
"20180101","월","여","20대","서울특별시","서초구","양재동","중국집","13"
"20180101","월","여","30대","서울특별시","서초구","반포동","중국집","19"
"20180101","월","여","30대","서울특별시","서초구","방배동","중국집","43"
"20180101","월","남","20대","서울특별시","서초구","내곡동","중국집","5"
"20180101","월","여","30대","서울특별시","서초구","서초동","중국집","5"
"20180101","월","여","30대","서울특별시","서초구","양재동","중국집","20"
"20180101","월","여","40대","서울특별시","서초구","반포동","중국집","30"
"20180101","월","여","40대","서울특별시","서초구","방배동","중국집","57"
"20180101","월","여","40대","서울특별시","서초구","서초동","중국집","6"
"20180101","월","여","40대","서울특별시","서초구","양재동","중국집","20"
"20180101","월","여","50대","서울특별시","서초구","반포동","중국집","10"
"20180101","월","여","50대","서울특별시","서초구","방배동","중국집","27"
"20180101","월","남","20대","서울특별시","서초구","방배동","중국집","18"
"20180101","월","남","40대","서울특별시","서초구","서초동","중국집","9"
"20180101","월","여","50대","서울특별시","서초구","서초동","중국집","6"
"20180101","월","여","50대","서울특별시","서초구","양재동","중국집","5"
"20180101","월","남","50대","서울특별시","서초구","방배동","중국집","33"
"20180101","월","여","50대","서울특별시","서초구","잠원동","중국집","5"
"20180101","월","남","60대이상","서울특별시","서초구","서초동","중국집","6"
"20180101","월","여","60대이상","서울특별시","서초구","반포동","중국집","8"
"20180101","월","여","60대이상","서울특별시","서초구","서초동","중국집","5"
"20180101","월","여","60대이상","서울특별시","서초구","양재동","중국집","8"
"20180101","월","여","60대이상","서울특별시","서초구","방배동","중국집","20"
"20180101","월","여","60대이상","서울특별시","서초구","잠원동","중국집","5"
"20180101","월","남","50대","서울특별시","서초구","서초동","중국집","9"
"20180101","월","남","10대","서울특별시","성동구","성수동2가","중국집","5"
"20180101","월","남","20대","서울특별시","성동구","마장동","중국집","5"
"20180101","월","남","20대","서울특별시","성동구","성수동1가","중국집","5"
"20180101","월","남","20대","서울특별시","성동구","옥수동","중국집","5"
"20180101","월","남","30대","서울특별시","성동구","성수동2가","중국집","89"
"20180101","월","남","30대","서울특별시","성동구","옥수동","중국집","8"
"20180101","월","남","40대","서울특별시","성동구","성수동2가","중국집","50"
"20180101","월","남","50대","서울특별시","성동구","성수동2가","중국집","37"
"20180101","월","남","50대","서울특별시","성동구","옥수동","중국집","7"
"20180101","월","남","60대이상","서울특별시","성동구","성수동2가","중국집","16"
"20180101","월","남","60대이상","서울특별시","성동구","옥수동","중국집","5"
"20180101","월","여","10대","서울특별시","성동구","성수동2가","중국집","7"
"20180101","월","여","10대","서울특별시","성동구","옥수동","중국집","5"
"20180101","월","남","40대","서울특별시","성동구","옥수동","중국집","11"
"20180101","월","여","20대","서울특별시","성동구","성수동2가","중국집","25"
"20180101","월","여","20대","서울특별시","성동구","옥수동","중국집","5"
"20180101","월","여","30대","서울특별시","성동구","옥수동","중국집","13"
"20180101","월","여","30대","서울특별시","성동구","행당동","중국집","5"
"20180101","월","여","30대","서울특별시","성동구","성수동1가","중국집","5"
"20180101","월","여","40대","서울특별시","성동구","성수동2가","중국집","62"
"20180101","월","여","30대","서울특별시","성동구","성수동2가","중국집","65"
"20180101","월","여","40대","서울특별시","성동구","옥수동","중국집","14"
"20180101","월","여","50대","서울특별시","성동구","성수동2가","중국집","31"
"20180101","월","여","50대","서울특별시","성동구","옥수동","중국집","5"
"20180101","월","남","20대","서울특별시","성동구","성수동2가","중국집","40"
"20180101","월","여","60대이상","서울특별시","성동구","성수동2가","중국집","11"
"20180101","월","여","60대이상","서울특별시","성동구","옥수동","중국집","5"
"20180101","월","남","20대","서울특별시","성북구","동선동2가","중국집","24"
"20180101","월","남","20대","서울특별시","성북구","동선동3가","중국집","5"
"20180101","월","남","20대","서울특별시","성북구","삼선동5가","중국집","5"
"20180101","월","남","20대","서울특별시","성북구","정릉동","중국집","5"
"20180101","월","남","30대","서울특별시","성북구","길음동","중국집","5"
"20180101","월","남","30대","서울특별시","성북구","동선동2가","중국집","55"
"20180101","월","남","20대","서울특별시","성북구","하월곡동","중국집","5"
"20180101","월","남","10대","서울특별시","성북구","동선동2가","중국집","8"
"20180101","월","남","30대","서울특별시","성북구","삼선동5가","중국집","5"
"20180101","월","남","40대","서울특별시","성북구","동선동2가","중국집","35"
"20180101","월","남","40대","서울특별시","성북구","정릉동","중국집","5"
"20180101","월","남","50대","서울특별시","성북구","길음동","중국집","5"
"20180101","월","남","50대","서울특별시","성북구","정릉동","중국집","5"
"20180101","월","남","40대","서울특별시","성북구","하월곡동","중국집","5"
"20180101","월","남","50대","서울특별시","성북구","종암동","중국집","5"
"20180101","월","남","60대이상","서울특별시","성북구","동선동2가","중국집","12"
"20180101","월","남","60대이상","서울특별시","성북구","삼선동5가","중국집","5"
"20180101","월","남","60대이상","서울특별시","성북구","장위동","중국집","5"
"20180101","월","남","40대","서울특별시","성북구","종암동","중국집","5"
"20180101","월","남","60대이상","서울특별시","성북구","정릉동","중국집","5"
"20180101","월","여","10대","서울특별시","성북구","하월곡동","중국집","5"
"20180101","월","여","20대","서울특별시","성북구","동선동2가","중국집","14"
"20180101","월","여","20대","서울특별시","성북구","삼선동5가","중국집","5"
"20180101","월","여","20대","서울특별시","성북구","하월곡동","중국집","5"
"20180101","월","여","30대","서울특별시","성북구","길음동","중국집","5"
"20180101","월","여","30대","서울특별시","성북구","상월곡동","중국집","5"
"20180101","월","여","30대","서울특별시","성북구","성북동","중국집","5"
"20180101","월","여","30대","서울특별시","성북구","정릉동","중국집","5"
"20180101","월","여","20대","서울특별시","성북구","정릉동","중국집","5"
"20180101","월","남","30대","서울특별시","성북구","정릉동","중국집","5"
"20180101","월","여","30대","서울특별시","성북구","하월곡동","중국집","5"
"20180101","월","여","40대","서울특별시","성북구","동선동2가","중국집","44"
"20180101","월","여","40대","서울특별시","성북구","삼선동5가","중국집","5"
"20180101","월","여","40대","서울특별시","성북구","성북동","중국집","5"
"20180101","월","여","40대","서울특별시","성북구","하월곡동","중국집","5"
"20180101","월","남","20대","서울특별시","성북구","길음동","중국집","5"
"20180101","월","남","10대","서울특별시","성북구","정릉동","중국집","5"
"20180101","월","여","40대","서울특별시","성북구","정릉동","중국집","6"
"20180101","월","여","50대","서울특별시","성북구","동선동2가","중국집","26"
"20180101","월","남","40대","서울특별시","성북구","성북동","중국집","5"
"20180101","월","남","10대","서울특별시","성북구","길음동","중국집","5"
"20180101","월","여","50대","서울특별시","성북구","하월곡동","중국집","5"
"20180101","월","여","60대이상","서울특별시","성북구","동선동2가","중국집","18"
"20180101","월","여","10대","서울특별시","성북구","동선동2가","중국집","5"
"20180101","월","여","30대","서울특별시","성북구","동선동2가","중국집","43"
"20180101","월","여","60대이상","서울특별시","성북구","성북동","중국집","5"
"20180101","월","남","50대","서울특별시","성북구","동선동2가","중국집","32"
"20180101","월","여","60대이상","서울특별시","성북구","정릉동","중국집","5"
"20180101","월","남","40대","서울특별시","성북구","상월곡동","중국집","5"
"20180101","월","여","60대이상","서울특별시","성북구","종암동","중국집","5"
"20180101","월","여","60대이상","서울특별시","성북구","하월곡동","중국집","5"
"20180101","월","여","20대","서울특별시","성북구","종암동","중국집","5"
"20180101","월","남","30대","서울특별시","성북구","하월곡동","중국집","5"
"20180101","월","남","30대","서울특별시","성북구","동선동3가","중국집","5"
"20180101","월","남","10대","서울특별시","송파구","가락동","중국집","5"
"20180101","월","남","10대","서울특별시","송파구","송파동","중국집","10"
"20180101","월","남","20대","서울특별시","송파구","가락동","중국집","5"
"20180101","월","남","20대","서울특별시","송파구","풍납동","중국집","5"
"20180101","월","남","30대","서울특별시","송파구","송파동","중국집","89"
"20180101","월","남","30대","서울특별시","송파구","풍납동","중국집","5"
"20180101","월","남","40대","서울특별시","송파구","가락동","중국집","13"
"20180101","월","남","40대","서울특별시","송파구","송파동","중국집","81"
"20180101","월","남","40대","서울특별시","송파구","잠실동","중국집","5"
"20180101","월","남","50대","서울특별시","송파구","가락동","중국집","5"
"20180101","월","남","50대","서울특별시","송파구","방이동","중국집","5"
"20180101","월","남","50대","서울특별시","송파구","송파동","중국집","44"
"20180101","월","남","50대","서울특별시","송파구","잠실동","중국집","5"
"20180101","월","남","60대이상","서울특별시","송파구","송파동","중국집","26"
"20180101","월","남","60대이상","서울특별시","송파구","풍납동","중국집","5"
"20180101","월","남","60대이상","서울특별시","송파구","가락동","중국집","5"
"20180101","월","남","20대","서울특별시","송파구","송파동","중국집","39"
"20180101","월","여","10대","서울특별시","송파구","송파동","중국집","7"
"20180101","월","여","10대","서울특별시","송파구","풍납동","중국집","5"
"20180101","월","여","20대","서울특별시","송파구","가락동","중국집","5"
"20180101","월","여","20대","서울특별시","송파구","송파동","중국집","22"
"20180101","월","여","20대","서울특별시","송파구","풍납동","중국집","5"
"20180101","월","여","30대","서울특별시","송파구","송파동","중국집","63"
"20180101","월","여","30대","서울특별시","송파구","풍납동","중국집","5"
"20180101","월","여","40대","서울특별시","송파구","방이동","중국집","5"
"20180101","월","여","20대","서울특별시","송파구","방이동","중국집","5"
"20180101","월","여","40대","서울특별시","송파구","송파동","중국집","93"
"20180101","월","여","40대","서울특별시","송파구","풍납동","중국집","5"
"20180101","월","남","10대","서울특별시","송파구","마천동","중국집","5"
"20180101","월","여","50대","서울특별시","송파구","가락동","중국집","13"
"20180101","월","여","50대","서울특별시","송파구","송파동","중국집","38"
"20180101","월","여","60대이상","서울특별시","송파구","가락동","중국집","5"
"20180101","월","여","40대","서울특별시","송파구","가락동","중국집","17"
"20180101","월","여","30대","서울특별시","송파구","가락동","중국집","12"
"20180101","월","여","60대이상","서울특별시","송파구","방이동","중국집","5"
"20180101","월","남","40대","서울특별시","송파구","풍납동","중국집","5"
"20180101","월","여","60대이상","서울특별시","송파구","송파동","중국집","30"
"20180101","월","남","30대","서울특별시","송파구","가락동","중국집","13"
"20180101","월","남","20대","서울특별시","양천구","신월동","중국집","5"
"20180101","월","남","20대","서울특별시","양천구","신정동","중국집","7"
"20180101","월","남","40대","서울특별시","양천구","신월동","중국집","9"
"20180101","월","남","50대","서울특별시","양천구","목동","중국집","5"
"20180101","월","남","50대","서울특별시","양천구","신월동","중국집","5"
"20180101","월","남","50대","서울특별시","양천구","신정동","중국집","5"
"20180101","월","남","10대","서울특별시","양천구","신정동","중국집","5"
"20180101","월","남","60대이상","서울특별시","양천구","신정동","중국집","5"
"20180101","월","남","20대","서울특별시","양천구","목동","중국집","5"
"20180101","월","여","10대","서울특별시","양천구","신월동","중국집","5"
"20180101","월","남","40대","서울특별시","양천구","신정동","중국집","14"
"20180101","월","여","10대","서울특별시","양천구","신정동","중국집","5"
"20180101","월","여","20대","서울특별시","양천구","목동","중국집","5"
"20180101","월","남","60대이상","서울특별시","양천구","신월동","중국집","5"
"20180101","월","남","30대","서울특별시","양천구","신월동","중국집","5"
"20180101","월","여","20대","서울특별시","양천구","신월동","중국집","5"
"20180101","월","남","30대","서울특별시","양천구","목동","중국집","5"
"20180101","월","여","20대","서울특별시","양천구","신정동","중국집","6"
"20180101","월","여","30대","서울특별시","양천구","신월동","중국집","5"
"20180101","월","남","30대","서울특별시","양천구","신정동","중국집","13"
"20180101","월","여","30대","서울특별시","양천구","신정동","중국집","10"
"20180101","월","여","40대","서울특별시","양천구","목동","중국집","5"
"20180101","월","여","40대","서울특별시","양천구","신월동","중국집","6"
"20180101","월","여","40대","서울특별시","양천구","신정동","중국집","28"
"20180101","월","여","50대","서울특별시","양천구","목동","중국집","5"
"20180101","월","여","50대","서울특별시","양천구","신월동","중국집","6"
"20180101","월","여","10대","서울특별시","양천구","목동","중국집","5"
"20180101","월","여","50대","서울특별시","양천구","신정동","중국집","17"
"20180101","월","여","60대이상","서울특별시","양천구","목동","중국집","5"
"20180101","월","남","10대","서울특별시","영등포구","여의도동","중국집","5"
"20180101","월","남","20대","서울특별시","영등포구","대림동","중국집","5"
"20180101","월","남","20대","서울특별시","영등포구","문래동3가","중국집","8"
"20180101","월","남","30대","서울특별시","영등포구","대림동","중국집","5"
"20180101","월","남","30대","서울특별시","영등포구","여의도동","중국집","7"
"20180101","월","남","40대","서울특별시","영등포구","문래동3가","중국집","23"
"20180101","월","남","40대","서울특별시","영등포구","신길동","중국집","5"
"20180101","월","남","40대","서울특별시","영등포구","여의도동","중국집","9"
"20180101","월","남","40대","서울특별시","영등포구","영등포동1가","중국집","6"
"20180101","월","남","40대","서울특별시","영등포구","영등포동7가","중국집","5"
"20180101","월","남","40대","서울특별시","영등포구","영등포동8가","중국집","5"
"20180101","월","남","30대","서울특별시","영등포구","문래동2가","중국집","28"
"20180101","월","남","50대","서울특별시","영등포구","문래동3가","중국집","10"
"20180101","월","남","30대","서울특별시","영등포구","신길동","중국집","5"
"20180101","월","남","10대","서울특별시","영등포구","문래동3가","중국집","5"
"20180101","월","남","50대","서울특별시","영등포구","영등포동1가","중국집","5"
"20180101","월","남","40대","서울특별시","영등포구","문래동2가","중국집","15"
"20180101","월","남","60대이상","서울특별시","영등포구","대림동","중국집","5"
"20180101","월","남","60대이상","서울특별시","영등포구","문래동2가","중국집","5"
"20180101","월","남","60대이상","서울특별시","영등포구","영등포동7가","중국집","5"
"20180101","월","남","30대","서울특별시","영등포구","당산동6가","중국집","5"
"20180101","월","여","10대","서울특별시","영등포구","문래동2가","중국집","5"
"20180101","월","남","20대","서울특별시","영등포구","문래동2가","중국집","8"
"20180101","월","여","10대","서울특별시","영등포구","문래동3가","중국집","5"
"20180101","월","여","20대","서울특별시","영등포구","문래동2가","중국집","5"
"20180101","월","남","30대","서울특별시","영등포구","문래동3가","중국집","13"
"20180101","월","여","20대","서울특별시","영등포구","문래동3가","중국집","5"
"20180101","월","여","20대","서울특별시","영등포구","영등포동1가","중국집","5"
"20180101","월","여","30대","서울특별시","영등포구","대림동","중국집","5"
"20180101","월","남","50대","서울특별시","영등포구","문래동2가","중국집","11"
"20180101","월","남","20대","서울특별시","영등포구","여의도동","중국집","5"
"20180101","월","여","30대","서울특별시","영등포구","문래동3가","중국집","17"
"20180101","월","여","30대","서울특별시","영등포구","신길동","중국집","5"
"20180101","월","여","30대","서울특별시","영등포구","영등포동1가","중국집","5"
"20180101","월","여","30대","서울특별시","영등포구","문래동2가","중국집","19"
"20180101","월","여","30대","서울특별시","영등포구","당산동6가","중국집","5"
"20180101","월","여","40대","서울특별시","영등포구","당산동6가","중국집","5"
"20180101","월","여","40대","서울특별시","영등포구","대림동","중국집","5"
"20180101","월","여","40대","서울특별시","영등포구","문래동2가","중국집","11"
"20180101","월","여","40대","서울특별시","영등포구","문래동3가","중국집","11"
"20180101","월","남","50대","서울특별시","영등포구","여의도동","중국집","6"
"20180101","월","남","10대","서울특별시","영등포구","문래동2가","중국집","5"
"20180101","월","남","40대","서울특별시","영등포구","대림동","중국집","5"
"20180101","월","여","40대","서울특별시","영등포구","여의도동","중국집","5"
"20180101","월","여","40대","서울특별시","영등포구","영등포동1가","중국집","5"
"20180101","월","남","60대이상","서울특별시","영등포구","문래동3가","중국집","5"
"20180101","월","여","50대","서울특별시","영등포구","문래동2가","중국집","8"
"20180101","월","여","40대","서울특별시","영등포구","영등포동3가","중국집","5"
"20180101","월","여","50대","서울특별시","영등포구","문래동3가","중국집","6"
"20180101","월","여","50대","서울특별시","영등포구","여의도동","중국집","10"
"20180101","월","여","60대이상","서울특별시","영등포구","문래동2가","중국집","5"
"20180101","월","남","60대이상","서울특별시","영등포구","여의도동","중국집","5"
"20180101","월","여","60대이상","서울특별시","영등포구","문래동3가","중국집","5"
"20180101","월","여","30대","서울특별시","영등포구","여의도동","중국집","5"
"20180101","월","여","60대이상","서울특별시","영등포구","신길동","중국집","5"
"20180101","월","여","60대이상","서울특별시","영등포구","여의도동","중국집","5"
"20180101","월","여","60대이상","서울특별시","영등포구","영등포동1가","중국집","5"
"20180101","월","남","20대","서울특별시","용산구","보광동","중국집","5"
"20180101","월","남","20대","서울특별시","용산구","신계동","중국집","5"
"20180101","월","남","20대","서울특별시","용산구","원효로4가","중국집","5"
"20180101","월","남","20대","서울특별시","용산구","이태원동","중국집","5"
"20180101","월","남","20대","서울특별시","용산구","한남동","중국집","5"
"20180101","월","남","20대","서울특별시","용산구","효창동","중국집","5"
"20180101","월","남","30대","서울특별시","용산구","동자동","중국집","5"
"20180101","월","남","20대","서울특별시","용산구","도원동","중국집","5"
"20180101","월","남","10대","서울특별시","용산구","한강로3가","중국집","5"
"20180101","월","남","30대","서울특별시","용산구","신계동","중국집","5"
"20180101","월","남","30대","서울특별시","용산구","이촌동","중국집","5"
"20180101","월","남","30대","서울특별시","용산구","이태원동","중국집","5"
"20180101","월","남","30대","서울특별시","용산구","한강로3가","중국집","13"
"20180101","월","남","10대","서울특별시","용산구","후암동","중국집","5"
"20180101","월","남","30대","서울특별시","용산구","후암동","중국집","25"
"20180101","월","남","40대","서울특별시","용산구","원효로4가","중국집","5"
"20180101","월","남","40대","서울특별시","용산구","이촌동","중국집","5"
"20180101","월","남","40대","서울특별시","용산구","이태원동","중국집","5"
"20180101","월","남","40대","서울특별시","용산구","한강로3가","중국집","27"
"20180101","월","남","40대","서울특별시","용산구","후암동","중국집","20"
"20180101","월","남","50대","서울특별시","용산구","한남동","중국집","5"
"20180101","월","남","60대이상","서울특별시","용산구","보광동","중국집","5"
"20180101","월","남","10대","서울특별시","용산구","이태원동","중국집","5"
"20180101","월","남","20대","서울특별시","용산구","이촌동","중국집","5"
"20180101","월","남","60대이상","서울특별시","용산구","한강로3가","중국집","13"
"20180101","월","여","20대","서울특별시","용산구","갈월동","중국집","5"
"20180101","월","여","20대","서울특별시","용산구","동자동","중국집","5"
"20180101","월","여","20대","서울특별시","용산구","보광동","중국집","5"
"20180101","월","여","20대","서울특별시","용산구","이촌동","중국집","5"
"20180101","월","여","10대","서울특별시","용산구","이촌동","중국집","5"
"20180101","월","여","20대","서울특별시","용산구","이태원동","중국집","5"
"20180101","월","여","20대","서울특별시","용산구","한강로3가","중국집","5"
"20180101","월","여","20대","서울특별시","용산구","후암동","중국집","10"
"20180101","월","여","30대","서울특별시","용산구","도원동","중국집","5"
"20180101","월","여","30대","서울특별시","용산구","동자동","중국집","5"
"20180101","월","여","30대","서울특별시","용산구","보광동","중국집","5"
"20180101","월","남","50대","서울특별시","용산구","한강로3가","중국집","13"
"20180101","월","여","30대","서울특별시","용산구","원효로4가","중국집","5"
"20180101","월","남","60대이상","서울특별시","용산구","후암동","중국집","7"
"20180101","월","여","30대","서울특별시","용산구","이촌동","중국집","7"
"20180101","월","여","30대","서울특별시","용산구","한강로3가","중국집","18"
"20180101","월","여","30대","서울특별시","용산구","한남동","중국집","5"
"20180101","월","여","30대","서울특별시","용산구","후암동","중국집","11"
"20180101","월","여","40대","서울특별시","용산구","보광동","중국집","5"
"20180101","월","여","40대","서울특별시","용산구","원효로4가","중국집","5"
"20180101","월","여","40대","서울특별시","용산구","이촌동","중국집","5"
"20180101","월","남","20대","서울특별시","용산구","한강로3가","중국집","7"
"20180101","월","여","40대","서울특별시","용산구","한강로3가","중국집","26"
"20180101","월","여","40대","서울특별시","용산구","효창동","중국집","5"
"20180101","월","여","40대","서울특별시","용산구","후암동","중국집","19"
"20180101","월","여","50대","서울특별시","용산구","이촌동","중국집","5"
"20180101","월","남","40대","서울특별시","용산구","도원동","중국집","5"
"20180101","월","여","50대","서울특별시","용산구","한강로3가","중국집","16"
"20180101","월","여","50대","서울특별시","용산구","한남동","중국집","5"
"20180101","월","여","50대","서울특별시","용산구","후암동","중국집","9"
"20180101","월","여","60대이상","서울특별시","용산구","이촌동","중국집","5"
"20180101","월","여","10대","서울특별시","용산구","후암동","중국집","5"
"20180101","월","여","60대이상","서울특별시","용산구","이태원동","중국집","5"
"20180101","월","여","60대이상","서울특별시","용산구","동자동","중국집","5"
"20180101","월","여","60대이상","서울특별시","용산구","한강로3가","중국집","15"
"20180101","월","여","60대이상","서울특별시","용산구","후암동","중국집","5"
"20180101","월","남","20대","서울특별시","용산구","후암동","중국집","5"
"20180101","월","남","50대","서울특별시","용산구","후암동","중국집","14"
"20180101","월","남","10대","서울특별시","은평구","증산동","중국집","5"
"20180101","월","남","20대","서울특별시","은평구","불광동","중국집","11"
"20180101","월","남","30대","서울특별시","은평구","구산동","중국집","5"
"20180101","월","남","20대","서울특별시","은평구","구산동","중국집","5"
"20180101","월","남","30대","서울특별시","은평구","불광동","중국집","48"
"20180101","월","남","30대","서울특별시","은평구","수색동","중국집","5"
"20180101","월","남","30대","서울특별시","은평구","증산동","중국집","5"
"20180101","월","남","40대","서울특별시","은평구","구산동","중국집","5"
"20180101","월","남","40대","서울특별시","은평구","증산동","중국집","5"
"20180101","월","남","50대","서울특별시","은평구","불광동","중국집","23"
"20180101","월","남","60대이상","서울특별시","은평구","구산동","중국집","5"
"20180101","월","남","60대이상","서울특별시","은평구","불광동","중국집","17"
"20180101","월","남","10대","서울특별시","은평구","불광동","중국집","5"
"20180101","월","남","60대이상","서울특별시","은평구","수색동","중국집","5"
"20180101","월","여","10대","서울특별시","은평구","구산동","중국집","5"
"20180101","월","여","10대","서울특별시","은평구","불광동","중국집","5"
"20180101","월","남","40대","서울특별시","은평구","불광동","중국집","40"
"20180101","월","여","20대","서울특별시","은평구","구산동","중국집","5"
"20180101","월","여","20대","서울특별시","은평구","불광동","중국집","12"
"20180101","월","여","20대","서울특별시","은평구","수색동","중국집","5"
"20180101","월","남","60대이상","서울특별시","은평구","증산동","중국집","5"
"20180101","월","여","20대","서울특별시","은평구","증산동","중국집","5"
"20180101","월","여","30대","서울특별시","은평구","불광동","중국집","24"
"20180101","월","여","30대","서울특별시","은평구","증산동","중국집","5"
"20180101","월","남","50대","서울특별시","은평구","증산동","중국집","5"
"20180101","월","여","40대","서울특별시","은평구","구산동","중국집","5"
"20180101","월","여","40대","서울특별시","은평구","불광동","중국집","51"
"20180101","월","여","50대","서울특별시","은평구","불광동","중국집","18"
"20180101","월","여","50대","서울특별시","은평구","수색동","중국집","5"
"20180101","월","남","20대","서울특별시","은평구","증산동","중국집","5"
"20180101","월","여","60대이상","서울특별시","은평구","구산동","중국집","5"
"20180101","월","여","40대","서울특별시","은평구","증산동","중국집","5"
"20180101","월","여","60대이상","서울특별시","은평구","불광동","중국집","26"
"20180101","월","여","30대","서울특별시","은평구","구산동","중국집","5"
"20180101","월","남","20대","서울특별시","종로구","교남동","중국집","5"
"20180101","월","남","20대","서울특별시","종로구","동숭동","중국집","5"
"20180101","월","남","20대","서울특별시","종로구","종로3가","중국집","5"
"20180101","월","남","30대","서울특별시","종로구","낙원동","중국집","5"
"20180101","월","남","30대","서울특별시","종로구","숭인동","중국집","5"
"20180101","월","남","30대","서울특별시","종로구","신문로2가","중국집","5"
"20180101","월","남","30대","서울특별시","종로구","평창동","중국집","5"
"20180101","월","남","40대","서울특별시","종로구","낙원동","중국집","5"
"20180101","월","남","20대","서울특별시","종로구","평창동","중국집","5"
"20180101","월","남","40대","서울특별시","종로구","신문로2가","중국집","5"
"20180101","월","남","40대","서울특별시","종로구","평창동","중국집","5"
"20180101","월","남","50대","서울특별시","종로구","교남동","중국집","5"
"20180101","월","남","50대","서울특별시","종로구","창성동","중국집","5"
"20180101","월","남","40대","서울특별시","종로구","창성동","중국집","5"
"20180101","월","남","60대이상","서울특별시","종로구","원서동","중국집","5"
"20180101","월","남","30대","서울특별시","종로구","동숭동","중국집","5"
"20180101","월","남","60대이상","서울특별시","종로구","평창동","중국집","5"
"20180101","월","남","60대이상","서울특별시","종로구","명륜1가","중국집","5"
"20180101","월","남","50대","서울특별시","종로구","평창동","중국집","5"
"20180101","월","여","10대","서울특별시","종로구","교남동","중국집","5"
"20180101","월","여","10대","서울특별시","종로구","숭인동","중국집","5"
"20180101","월","여","20대","서울특별시","종로구","평창동","중국집","5"
"20180101","월","남","30대","서울특별시","종로구","서린동","중국집","5"
"20180101","월","여","30대","서울특별시","종로구","관수동","중국집","5"
"20180101","월","여","30대","서울특별시","종로구","교남동","중국집","5"
"20180101","월","남","50대","서울특별시","종로구","원서동","중국집","5"
"20180101","월","여","30대","서울특별시","종로구","동숭동","중국집","5"
"20180101","월","여","30대","서울특별시","종로구","신문로2가","중국집","5"
"20180101","월","여","20대","서울특별시","종로구","서린동","중국집","5"
"20180101","월","여","20대","서울특별시","종로구","원서동","중국집","5"
"20180101","월","여","30대","서울특별시","종로구","원서동","중국집","5"
"20180101","월","여","30대","서울특별시","종로구","종로6가","중국집","5"
"20180101","월","여","30대","서울특별시","종로구","숭인동","중국집","5"
"20180101","월","여","30대","서울특별시","종로구","평창동","중국집","5"
"20180101","월","여","20대","서울특별시","종로구","숭인동","중국집","5"
"20180101","월","남","20대","서울특별시","종로구","낙원동","중국집","5"
"20180101","월","여","40대","서울특별시","종로구","동숭동","중국집","5"
"20180101","월","여","40대","서울특별시","종로구","신문로2가","중국집","5"
"20180101","월","남","60대이상","서울특별시","종로구","숭인동","중국집","5"
"20180101","월","여","40대","서울특별시","종로구","옥인동","중국집","5"
"20180101","월","남","40대","서울특별시","종로구","동숭동","중국집","5"
"20180101","월","여","40대","서울특별시","종로구","종로6가","중국집","5"
"20180101","월","여","20대","서울특별시","종로구","동숭동","중국집","5"
"20180101","월","여","40대","서울특별시","종로구","창신동","중국집","5"
"20180101","월","여","40대","서울특별시","종로구","평창동","중국집","5"
"20180101","월","여","30대","서울특별시","종로구","창성동","중국집","5"
"20180101","월","여","50대","서울특별시","종로구","낙원동","중국집","5"
"20180101","월","여","50대","서울특별시","종로구","명륜1가","중국집","5"
"20180101","월","여","50대","서울특별시","종로구","서린동","중국집","5"
"20180101","월","남","10대","서울특별시","종로구","평창동","중국집","5"
"20180101","월","여","50대","서울특별시","종로구","신문로2가","중국집","5"
"20180101","월","여","50대","서울특별시","종로구","원서동","중국집","5"
"20180101","월","여","20대","서울특별시","종로구","교남동","중국집","5"
"20180101","월","여","50대","서울특별시","종로구","종로5가","중국집","5"
"20180101","월","여","50대","서울특별시","종로구","창성동","중국집","5"
"20180101","월","여","40대","서울특별시","종로구","숭인동","중국집","5"
"20180101","월","여","50대","서울특별시","종로구","평창동","중국집","5"
"20180101","월","여","60대이상","서울특별시","종로구","낙원동","중국집","5"
"20180101","월","남","50대","서울특별시","종로구","명륜1가","중국집","5"
"20180101","월","여","60대이상","서울특별시","종로구","평창동","중국집","5"
"20180101","월","남","10대","서울특별시","중구","수하동","중국집","5"
"20180101","월","남","10대","서울특별시","중구","신당동","중국집","6"
"20180101","월","남","20대","서울특별시","중구","수하동","중국집","12"
"20180101","월","남","20대","서울특별시","중구","신당동","중국집","35"
"20180101","월","남","20대","서울특별시","중구","을지로6가","중국집","5"
"20180101","월","남","20대","서울특별시","중구","필동2가","중국집","5"
"20180101","월","남","30대","서울특별시","중구","수하동","중국집","28"
"20180101","월","남","30대","서울특별시","중구","신당동","중국집","52"
"20180101","월","남","30대","서울특별시","중구","을지로1가","중국집","5"
"20180101","월","남","30대","서울특별시","중구","정동","중국집","5"
"20180101","월","남","40대","서울특별시","중구","정동","중국집","5"
"20180101","월","남","40대","서울특별시","중구","수하동","중국집","34"
"20180101","월","남","50대","서울특별시","중구","수하동","중국집","14"
"20180101","월","남","50대","서울특별시","중구","을지로3가","중국집","5"
"20180101","월","남","60대이상","서울특별시","중구","명동1가","중국집","5"
"20180101","월","남","60대이상","서울특별시","중구","수하동","중국집","6"
"20180101","월","남","60대이상","서울특별시","중구","신당동","중국집","12"
"20180101","월","남","60대이상","서울특별시","중구","주교동","중국집","5"
"20180101","월","여","10대","서울특별시","중구","신당동","중국집","5"
"20180101","월","남","30대","서울특별시","중구","을지로6가","중국집","5"
"20180101","월","여","20대","서울특별시","중구","무교동","중국집","5"
"20180101","월","여","20대","서울특별시","중구","수하동","중국집","6"
"20180101","월","여","20대","서울특별시","중구","신당동","중국집","18"
"20180101","월","남","40대","서울특별시","중구","신당동","중국집","51"
"20180101","월","여","10대","서울특별시","중구","수하동","중국집","5"
"20180101","월","여","20대","서울특별시","중구","을지로6가","중국집","5"
"20180101","월","여","20대","서울특별시","중구","주교동","중국집","5"
"20180101","월","여","20대","서울특별시","중구","충무로1가","중국집","5"
"20180101","월","남","60대이상","서울특별시","중구","충무로1가","중국집","5"
"20180101","월","여","20대","서울특별시","중구","서소문동","중국집","5"
"20180101","월","남","40대","서울특별시","중구","서소문동","중국집","5"
"20180101","월","여","30대","서울특별시","중구","명동1가","중국집","5"
"20180101","월","여","30대","서울특별시","중구","수하동","중국집","11"
"20180101","월","여","30대","서울특별시","중구","신당동","중국집","43"
"20180101","월","여","30대","서울특별시","중구","을지로6가","중국집","5"
"20180101","월","여","40대","서울특별시","중구","수하동","중국집","10"
"20180101","월","여","40대","서울특별시","중구","신당동","중국집","43"
"20180101","월","여","40대","서울특별시","중구","을지로6가","중국집","5"
"20180101","월","남","50대","서울특별시","중구","신당동","중국집","29"
"20180101","월","여","40대","서울특별시","중구","충무로1가","중국집","5"
"20180101","월","여","50대","서울특별시","중구","수하동","중국집","5"
"20180101","월","여","50대","서울특별시","중구","신당동","중국집","21"
"20180101","월","남","30대","서울특별시","중구","무교동","중국집","5"
"20180101","월","여","60대이상","서울특별시","중구","수하동","중국집","10"
"20180101","월","여","30대","서울특별시","중구","필동2가","중국집","5"
"20180101","월","여","60대이상","서울특별시","중구","신당동","중국집","21"
"20180101","월","여","60대이상","서울특별시","중구","정동","중국집","5"
"20180101","월","남","20대","서울특별시","중랑구","면목동","중국집","16"
"20180101","월","남","20대","서울특별시","중랑구","신내동","중국집","5"
"20180101","월","남","30대","서울특별시","중랑구","상봉동","중국집","5"
"20180101","월","남","40대","서울특별시","중랑구","면목동","중국집","46"
"20180101","월","남","50대","서울특별시","중랑구","망우동","중국집","6"
"20180101","월","남","40대","서울특별시","중랑구","망우동","중국집","5"
"20180101","월","남","50대","서울특별시","중랑구","묵동","중국집","5"
"20180101","월","남","50대","서울특별시","중랑구","신내동","중국집","5"
"20180101","월","남","50대","서울특별시","중랑구","중화동","중국집","5"
"20180101","월","남","60대이상","서울특별시","중랑구","망우동","중국집","5"
"20180101","월","여","20대","서울특별시","중랑구","망우동","중국집","5"
"20180101","월","여","20대","서울특별시","중랑구","묵동","중국집","5"
"20180101","월","남","60대이상","서울특별시","중랑구","면목동","중국집","11"
"20180101","월","여","20대","서울특별시","중랑구","상봉동","중국집","5"
"20180101","월","여","20대","서울특별시","중랑구","중화동","중국집","5"
"20180101","월","남","30대","서울특별시","중랑구","망우동","중국집","5"
"20180101","월","여","30대","서울특별시","중랑구","면목동","중국집","30"
"20180101","월","여","20대","서울특별시","중랑구","면목동","중국집","14"
"20180101","월","남","10대","서울특별시","중랑구","면목동","중국집","5"
"20180101","월","여","30대","서울특별시","중랑구","묵동","중국집","5"
"20180101","월","남","30대","서울특별시","중랑구","면목동","중국집","57"
"20180101","월","여","30대","서울특별시","중랑구","신내동","중국집","5"
"20180101","월","남","50대","서울특별시","중랑구","면목동","중국집","30"
"20180101","월","여","40대","서울특별시","중랑구","면목동","중국집","43"
"20180101","월","남","30대","서울특별시","중랑구","묵동","중국집","5"
"20180101","월","여","40대","서울특별시","중랑구","신내동","중국집","5"
"20180101","월","여","50대","서울특별시","중랑구","망우동","중국집","6"
"20180101","월","여","50대","서울특별시","중랑구","면목동","중국집","48"
"20180101","월","여","40대","서울특별시","중랑구","망우동","중국집","5"
"20180101","월","여","60대이상","서울특별시","중랑구","면목동","중국집","8"
"20180101","월","여","60대이상","서울특별시","중랑구","신내동","중국집","5"
"20180102","화","남","20대","서울특별시","강남구","논현동","중국집","20"
"20180102","화","남","20대","서울특별시","강남구","세곡동","중국집","5"
"20180102","화","남","20대","서울특별시","강남구","수서동","중국집","5"
"20180102","화","남","20대","서울특별시","강남구","역삼동","중국집","36"
"20180102","화","남","10대","서울특별시","강남구","역삼동","중국집","6"
"20180102","화","남","30대","서울특별시","강남구","논현동","중국집","53"
"20180102","화","남","30대","서울특별시","강남구","도곡동","중국집","5"
"20180102","화","남","30대","서울특별시","강남구","역삼동","중국집","67"
"20180102","화","남","40대","서울특별시","강남구","대치동","중국집","5"
"20180102","화","남","40대","서울특별시","강남구","역삼동","중국집","63"
"20180102","화","남","50대","서울특별시","강남구","논현동","중국집","23"
"20180102","화","남","50대","서울특별시","강남구","삼성동","중국집","31"
"20180102","화","남","10대","서울특별시","강남구","개포동","중국집","5"
"20180102","화","남","50대","서울특별시","강남구","압구정동","중국집","5"
"20180102","화","남","50대","서울특별시","강남구","역삼동","중국집","36"
"20180102","화","남","60대이상","서울특별시","강남구","개포동","중국집","5"
"20180102","화","남","60대이상","서울특별시","강남구","대치동","중국집","5"
"20180102","화","남","50대","서울특별시","강남구","수서동","중국집","5"
"20180102","화","남","60대이상","서울특별시","강남구","압구정동","중국집","5"
"20180102","화","여","10대","서울특별시","강남구","개포동","중국집","5"
"20180102","화","여","10대","서울특별시","강남구","논현동","중국집","5"
"20180102","화","남","50대","서울특별시","강남구","세곡동","중국집","5"
"20180102","화","남","40대","서울특별시","강남구","압구정동","중국집","5"
"20180102","화","여","10대","서울특별시","강남구","도곡동","중국집","5"
"20180102","화","남","20대","서울특별시","강남구","도곡동","중국집","5"
"20180102","화","여","10대","서울특별시","강남구","역삼동","중국집","5"
"20180102","화","남","40대","서울특별시","강남구","세곡동","중국집","9"
"20180102","화","여","20대","서울특별시","강남구","개포동","중국집","5"
"20180102","화","남","60대이상","서울특별시","강남구","청담동","중국집","5"
"20180102","화","여","10대","서울특별시","강남구","삼성동","중국집","5"
"20180102","화","여","20대","서울특별시","강남구","삼성동","중국집","20"
"20180102","화","여","20대","서울특별시","강남구","세곡동","중국집","5"
"20180102","화","여","30대","서울특별시","강남구","논현동","중국집","38"
"20180102","화","남","20대","서울특별시","강남구","삼성동","중국집","46"
"20180102","화","여","30대","서울특별시","강남구","삼성동","중국집","53"
"20180102","화","여","30대","서울특별시","강남구","세곡동","중국집","14"
"20180102","화","남","30대","서울특별시","강남구","수서동","중국집","5"
"20180102","화","여","30대","서울특별시","강남구","수서동","중국집","5"
"20180102","화","여","30대","서울특별시","강남구","압구정동","중국집","5"
"20180102","화","남","40대","서울특별시","강남구","수서동","중국집","5"
"20180102","화","남","30대","서울특별시","강남구","대치동","중국집","5"
"20180102","화","남","40대","서울특별시","강남구","삼성동","중국집","75"
"20180102","화","여","30대","서울특별시","강남구","역삼동","중국집","58"
"20180102","화","여","20대","서울특별시","강남구","도곡동","중국집","5"
"20180102","화","남","60대이상","서울특별시","강남구","논현동","중국집","13"
"20180102","화","남","30대","서울특별시","강남구","삼성동","중국집","78"
"20180102","화","남","20대","서울특별시","강남구","개포동","중국집","5"
"20180102","화","여","30대","서울특별시","강남구","일원동","중국집","5"
"20180102","화","여","20대","서울특별시","강남구","압구정동","중국집","5"
"20180102","화","여","40대","서울특별시","강남구","논현동","중국집","50"
"20180102","화","남","30대","서울특별시","강남구","세곡동","중국집","5"
"20180102","화","여","40대","서울특별시","강남구","대치동","중국집","5"
"20180102","화","여","40대","서울특별시","강남구","도곡동","중국집","12"
"20180102","화","남","40대","서울특별시","강남구","일원동","중국집","5"
"20180102","화","남","30대","서울특별시","강남구","압구정동","중국집","5"
"20180102","화","남","30대","서울특별시","강남구","개포동","중국집","5"
"20180102","화","여","40대","서울특별시","강남구","삼성동","중국집","85"
"20180102","화","여","40대","서울특별시","강남구","수서동","중국집","5"
"20180102","화","여","30대","서울특별시","강남구","도곡동","중국집","5"
"20180102","화","남","20대","서울특별시","강남구","대치동","중국집","5"
"20180102","화","여","40대","서울특별시","강남구","압구정동","중국집","5"
"20180102","화","여","40대","서울특별시","강남구","일원동","중국집","5"
"20180102","화","여","50대","서울특별시","강남구","개포동","중국집","5"
"20180102","화","남","40대","서울특별시","강남구","논현동","중국집","44"
"20180102","화","남","60대이상","서울특별시","강남구","삼성동","중국집","30"
"20180102","화","여","20대","서울특별시","강남구","역삼동","중국집","33"
"20180102","화","여","50대","서울특별시","강남구","도곡동","중국집","8"
"20180102","화","남","20대","서울특별시","강남구","압구정동","중국집","5"
"20180102","화","남","10대","서울특별시","강남구","세곡동","중국집","5"
"20180102","화","여","40대","서울특별시","강남구","세곡동","중국집","9"
"20180102","화","여","40대","서울특별시","강남구","역삼동","중국집","46"
"20180102","화","여","50대","서울특별시","강남구","삼성동","중국집","28"
"20180102","화","여","40대","서울특별시","강남구","개포동","중국집","5"
"20180102","화","여","50대","서울특별시","강남구","세곡동","중국집","5"
"20180102","화","남","60대이상","서울특별시","강남구","수서동","중국집","5"
"20180102","화","여","50대","서울특별시","강남구","압구정동","중국집","5"
"20180102","화","남","40대","서울특별시","강남구","도곡동","중국집","5"
"20180102","화","여","50대","서울특별시","강남구","역삼동","중국집","27"
"20180102","화","남","60대이상","서울특별시","강남구","도곡동","중국집","5"
"20180102","화","여","50대","서울특별시","강남구","일원동","중국집","5"
"20180102","화","여","20대","서울특별시","강남구","논현동","중국집","17"
"20180102","화","여","60대이상","서울특별시","강남구","개포동","중국집","5"
"20180102","화","여","50대","서울특별시","강남구","논현동","중국집","27"
"20180102","화","여","60대이상","서울특별시","강남구","논현동","중국집","23"
"20180102","화","여","20대","서울특별시","강남구","대치동","중국집","5"
"20180102","화","여","60대이상","서울특별시","강남구","도곡동","중국집","5"
"20180102","화","여","60대이상","서울특별시","강남구","삼성동","중국집","24"
"20180102","화","남","10대","서울특별시","강남구","삼성동","중국집","15"
"20180102","화","여","60대이상","서울특별시","강남구","수서동","중국집","5"
"20180102","화","남","60대이상","서울특별시","강남구","역삼동","중국집","29"
"20180102","화","여","60대이상","서울특별시","강남구","압구정동","중국집","5"
"20180102","화","여","30대","서울특별시","강남구","개포동","중국집","5"
"20180102","화","여","10대","서울특별시","강남구","세곡동","중국집","5"
"20180102","화","여","60대이상","서울특별시","강남구","역삼동","중국집","13"
"20180102","화","남","10대","서울특별시","강남구","도곡동","중국집","5"
"20180102","화","남","10대","서울특별시","강남구","일원동","중국집","5"
"20180102","화","여","60대이상","서울특별시","강남구","일원동","중국집","5"
"20180102","화","남","10대","서울특별시","강동구","명일동","중국집","5"
"20180102","화","남","20대","서울특별시","강동구","둔촌동","중국집","5"
"20180102","화","남","20대","서울특별시","강동구","성내동","중국집","7"
"20180102","화","남","30대","서울특별시","강동구","상일동","중국집","5"
"20180102","화","남","30대","서울특별시","강동구","성내동","중국집","8"
"20180102","화","남","30대","서울특별시","강동구","암사동","중국집","5"
"20180102","화","남","40대","서울특별시","강동구","상일동","중국집","5"
"20180102","화","남","40대","서울특별시","강동구","성내동","중국집","5"
"20180102","화","남","50대","서울특별시","강동구","길동","중국집","38"
"20180102","화","남","40대","서울특별시","강동구","길동","중국집","58"
"20180102","화","남","50대","서울특별시","강동구","명일동","중국집","5"
"20180102","화","남","50대","서울특별시","강동구","암사동","중국집","5"
"20180102","화","남","40대","서울특별시","강동구","천호동","중국집","5"
"20180102","화","남","60대이상","서울특별시","강동구","명일동","중국집","5"
"20180102","화","남","60대이상","서울특별시","강동구","천호동","중국집","5"
"20180102","화","여","10대","서울특별시","강동구","길동","중국집","5"
"20180102","화","남","40대","서울특별시","강동구","명일동","중국집","5"
"20180102","화","여","10대","서울특별시","강동구","성내동","중국집","5"
"20180102","화","여","20대","서울특별시","강동구","명일동","중국집","5"
"20180102","화","남","60대이상","서울특별시","강동구","성내동","중국집","5"
"20180102","화","남","10대","서울특별시","강동구","성내동","중국집","5"
"20180102","화","여","30대","서울특별시","강동구","명일동","중국집","5"
"20180102","화","여","30대","서울특별시","강동구","상일동","중국집","5"
"20180102","화","남","30대","서울특별시","강동구","길동","중국집","41"
"20180102","화","여","20대","서울특별시","강동구","상일동","중국집","5"
"20180102","화","여","30대","서울특별시","강동구","성내동","중국집","5"
"20180102","화","여","30대","서울특별시","강동구","암사동","중국집","5"
"20180102","화","여","30대","서울특별시","강동구","천호동","중국집","5"
"20180102","화","여","40대","서울특별시","강동구","길동","중국집","77"
"20180102","화","여","40대","서울특별시","강동구","명일동","중국집","5"
"20180102","화","여","40대","서울특별시","강동구","성내동","중국집","7"
"20180102","화","여","40대","서울특별시","강동구","암사동","중국집","5"
"20180102","화","여","40대","서울특별시","강동구","천호동","중국집","5"
"20180102","화","남","60대이상","서울특별시","강동구","길동","중국집","34"
"20180102","화","남","20대","서울특별시","강동구","길동","중국집","22"
"20180102","화","여","20대","서울특별시","강동구","길동","중국집","17"
"20180102","화","여","50대","서울특별시","강동구","길동","중국집","34"
"20180102","화","여","50대","서울특별시","강동구","성내동","중국집","6"
"20180102","화","여","20대","서울특별시","강동구","성내동","중국집","5"
"20180102","화","여","50대","서울특별시","강동구","암사동","중국집","5"
"20180102","화","여","50대","서울특별시","강동구","천호동","중국집","5"
"20180102","화","여","60대이상","서울특별시","강동구","길동","중국집","21"
"20180102","화","여","60대이상","서울특별시","강동구","명일동","중국집","5"
"20180102","화","남","20대","서울특별시","강동구","암사동","중국집","5"
"20180102","화","여","60대이상","서울특별시","강동구","성내동","중국집","5"
"20180102","화","여","30대","서울특별시","강동구","길동","중국집","43"
"20180102","화","여","60대이상","서울특별시","강동구","암사동","중국집","5"
"20180102","화","남","40대","서울특별시","강동구","암사동","중국집","5"
"20180102","화","남","10대","서울특별시","강동구","길동","중국집","15"
"20180102","화","여","60대이상","서울특별시","강동구","천호동","중국집","5"
"20180102","화","남","30대","서울특별시","강동구","천호동","중국집","5"
"20180102","화","남","10대","서울특별시","강북구","번동","중국집","5"
"20180102","화","남","10대","서울특별시","강북구","수유동","중국집","5"
"20180102","화","남","10대","서울특별시","강북구","우이동","중국집","5"
"20180102","화","남","20대","서울특별시","강북구","미아동","중국집","35"
"20180102","화","남","20대","서울특별시","강북구","번동","중국집","11"
"20180102","화","남","20대","서울특별시","강북구","우이동","중국집","5"
"20180102","화","남","30대","서울특별시","강북구","번동","중국집","16"
"20180102","화","남","30대","서울특별시","강북구","우이동","중국집","5"
"20180102","화","남","40대","서울특별시","강북구","미아동","중국집","70"
"20180102","화","남","30대","서울특별시","강북구","미아동","중국집","57"
"20180102","화","남","50대","서울특별시","강북구","미아동","중국집","60"
"20180102","화","남","10대","서울특별시","강북구","미아동","중국집","11"
"20180102","화","남","60대이상","서울특별시","강북구","미아동","중국집","26"
"20180102","화","남","60대이상","서울특별시","강북구","번동","중국집","9"
"20180102","화","남","60대이상","서울특별시","강북구","우이동","중국집","5"
"20180102","화","여","10대","서울특별시","강북구","미아동","중국집","5"
"20180102","화","여","10대","서울특별시","강북구","번동","중국집","5"
"20180102","화","여","20대","서울특별시","강북구","미아동","중국집","14"
"20180102","화","여","20대","서울특별시","강북구","번동","중국집","5"
"20180102","화","여","30대","서울특별시","강북구","미아동","중국집","43"
"20180102","화","남","40대","서울특별시","강북구","번동","중국집","17"
"20180102","화","여","30대","서울특별시","강북구","번동","중국집","9"
"20180102","화","여","30대","서울특별시","강북구","수유동","중국집","5"
"20180102","화","여","30대","서울특별시","강북구","우이동","중국집","5"
"20180102","화","여","40대","서울특별시","강북구","미아동","중국집","64"
"20180102","화","여","40대","서울특별시","강북구","번동","중국집","17"
"20180102","화","여","40대","서울특별시","강북구","우이동","중국집","5"
"20180102","화","여","50대","서울특별시","강북구","미아동","중국집","33"
"20180102","화","여","50대","서울특별시","강북구","번동","중국집","9"
"20180102","화","여","50대","서울특별시","강북구","우이동","중국집","5"
"20180102","화","여","60대이상","서울특별시","강북구","미아동","중국집","36"
"20180102","화","남","50대","서울특별시","강북구","번동","중국집","7"
"20180102","화","여","60대이상","서울특별시","강북구","번동","중국집","17"
"20180102","화","남","10대","서울특별시","강서구","가양동","중국집","5"
"20180102","화","남","20대","서울특별시","강서구","등촌동","중국집","9"
"20180102","화","남","30대","서울특별시","강서구","등촌동","중국집","17"
"20180102","화","남","30대","서울특별시","강서구","방화동","중국집","5"
"20180102","화","남","30대","서울특별시","강서구","화곡동","중국집","34"
"20180102","화","남","40대","서울특별시","강서구","마곡동","중국집","5"
"20180102","화","남","40대","서울특별시","강서구","화곡동","중국집","33"
"20180102","화","남","10대","서울특별시","강서구","등촌동","중국집","5"
"20180102","화","남","50대","서울특별시","강서구","내발산동","중국집","36"
"20180102","화","남","50대","서울특별시","강서구","마곡동","중국집","5"
"20180102","화","남","50대","서울특별시","강서구","방화동","중국집","5"
"20180102","화","남","60대이상","서울특별시","강서구","가양동","중국집","10"
"20180102","화","남","20대","서울특별시","강서구","화곡동","중국집","19"
"20180102","화","남","20대","서울특별시","강서구","내발산동","중국집","23"
"20180102","화","남","60대이상","서울특별시","강서구","내발산동","중국집","22"
"20180102","화","남","60대이상","서울특별시","강서구","화곡동","중국집","25"
"20180102","화","남","20대","서울특별시","강서구","가양동","중국집","19"
"20180102","화","남","40대","서울특별시","강서구","가양동","중국집","21"
"20180102","화","여","10대","서울특별시","강서구","가양동","중국집","5"
"20180102","화","여","10대","서울특별시","강서구","화곡동","중국집","5"
"20180102","화","여","20대","서울특별시","강서구","가양동","중국집","6"
"20180102","화","여","20대","서울특별시","강서구","내발산동","중국집","12"
"20180102","화","여","20대","서울특별시","강서구","화곡동","중국집","13"
"20180102","화","남","50대","서울특별시","강서구","가양동","중국집","10"
"20180102","화","여","30대","서울특별시","강서구","가양동","중국집","15"
"20180102","화","여","30대","서울특별시","강서구","내발산동","중국집","19"
"20180102","화","남","50대","서울특별시","강서구","등촌동","중국집","11"
"20180102","화","여","30대","서울특별시","강서구","마곡동","중국집","5"
"20180102","화","남","40대","서울특별시","강서구","방화동","중국집","5"
"20180102","화","여","30대","서울특별시","강서구","방화동","중국집","5"
"20180102","화","남","30대","서울특별시","강서구","가양동","중국집","27"
"20180102","화","여","40대","서울특별시","강서구","내발산동","중국집","54"
"20180102","화","여","40대","서울특별시","강서구","등촌동","중국집","23"
"20180102","화","여","40대","서울특별시","강서구","방화동","중국집","5"
"20180102","화","남","10대","서울특별시","강서구","내발산동","중국집","8"
"20180102","화","여","10대","서울특별시","강서구","내발산동","중국집","7"
"20180102","화","여","40대","서울특별시","강서구","가양동","중국집","28"
"20180102","화","여","40대","서울특별시","강서구","외발산동","중국집","5"
"20180102","화","여","40대","서울특별시","강서구","화곡동","중국집","78"
"20180102","화","남","10대","서울특별시","강서구","화곡동","중국집","9"
"20180102","화","여","30대","서울특별시","강서구","등촌동","중국집","15"
"20180102","화","남","60대이상","서울특별시","강서구","등촌동","중국집","5"
"20180102","화","여","50대","서울특별시","강서구","가양동","중국집","18"
"20180102","화","여","10대","서울특별시","강서구","등촌동","중국집","5"
"20180102","화","여","50대","서울특별시","강서구","내발산동","중국집","21"
"20180102","화","여","50대","서울특별시","강서구","등촌동","중국집","14"
"20180102","화","여","50대","서울특별시","강서구","방화동","중국집","5"
"20180102","화","여","30대","서울특별시","강서구","화곡동","중국집","28"
"20180102","화","여","50대","서울특별시","강서구","화곡동","중국집","16"
"20180102","화","남","40대","서울특별시","강서구","등촌동","중국집","24"
"20180102","화","남","30대","서울특별시","강서구","내발산동","중국집","46"
"20180102","화","여","60대이상","서울특별시","강서구","가양동","중국집","7"
"20180102","화","여","60대이상","서울특별시","강서구","내발산동","중국집","14"
"20180102","화","남","50대","서울특별시","강서구","화곡동","중국집","15"
"20180102","화","여","20대","서울특별시","강서구","등촌동","중국집","9"
"20180102","화","여","60대이상","서울특별시","강서구","등촌동","중국집","5"
"20180102","화","여","60대이상","서울특별시","강서구","방화동","중국집","5"
"20180102","화","여","50대","서울특별시","강서구","마곡동","중국집","5"
"20180102","화","여","60대이상","서울특별시","강서구","화곡동","중국집","15"
"20180102","화","여","60대이상","서울특별시","강서구","마곡동","중국집","5"
"20180102","화","남","40대","서울특별시","강서구","내발산동","중국집","41"
"20180102","화","남","10대","서울특별시","관악구","봉천동","중국집","5"
"20180102","화","남","10대","서울특별시","관악구","신림동","중국집","5"
"20180102","화","남","20대","서울특별시","관악구","봉천동","중국집","7"
"20180102","화","남","20대","서울특별시","관악구","신림동","중국집","12"
"20180102","화","남","30대","서울특별시","관악구","봉천동","중국집","5"
"20180102","화","남","30대","서울특별시","관악구","신림동","중국집","12"
"20180102","화","남","40대","서울특별시","관악구","봉천동","중국집","6"
"20180102","화","남","40대","서울특별시","관악구","신림동","중국집","6"
"20180102","화","남","50대","서울특별시","관악구","봉천동","중국집","5"
"20180102","화","남","60대이상","서울특별시","관악구","봉천동","중국집","5"
"20180102","화","남","60대이상","서울특별시","관악구","신림동","중국집","5"
"20180102","화","여","10대","서울특별시","관악구","신림동","중국집","5"
"20180102","화","여","20대","서울특별시","관악구","봉천동","중국집","5"
"20180102","화","여","20대","서울특별시","관악구","신림동","중국집","9"
"20180102","화","여","30대","서울특별시","관악구","봉천동","중국집","7"
"20180102","화","여","30대","서울특별시","관악구","신림동","중국집","5"
"20180102","화","여","40대","서울특별시","관악구","봉천동","중국집","5"
"20180102","화","여","40대","서울특별시","관악구","신림동","중국집","5"
"20180102","화","여","50대","서울특별시","관악구","봉천동","중국집","5"
"20180102","화","여","50대","서울특별시","관악구","신림동","중국집","5"
"20180102","화","남","50대","서울특별시","관악구","신림동","중국집","5"
"20180102","화","여","60대이상","서울특별시","관악구","봉천동","중국집","5"
"20180102","화","여","60대이상","서울특별시","관악구","신림동","중국집","7"
"20180102","화","남","20대","서울특별시","광진구","광장동","중국집","5"
"20180102","화","남","20대","서울특별시","광진구","능동","중국집","5"
"20180102","화","남","20대","서울특별시","광진구","화양동","중국집","5"
"20180102","화","남","30대","서울특별시","광진구","자양동","중국집","10"
"20180102","화","남","40대","서울특별시","광진구","광장동","중국집","5"
"20180102","화","남","40대","서울특별시","광진구","능동","중국집","5"
"20180102","화","남","40대","서울특별시","광진구","자양동","중국집","6"
"20180102","화","남","40대","서울특별시","광진구","중곡동","중국집","5"
"20180102","화","남","40대","서울특별시","광진구","화양동","중국집","5"
"20180102","화","남","50대","서울특별시","광진구","자양동","중국집","5"
"20180102","화","남","60대이상","서울특별시","광진구","광장동","중국집","5"
"20180102","화","남","60대이상","서울특별시","광진구","능동","중국집","5"
"20180102","화","남","20대","서울특별시","광진구","자양동","중국집","7"
"20180102","화","남","60대이상","서울특별시","광진구","자양동","중국집","5"
"20180102","화","남","60대이상","서울특별시","광진구","화양동","중국집","5"
"20180102","화","여","20대","서울특별시","광진구","자양동","중국집","5"
"20180102","화","여","40대","서울특별시","광진구","광장동","중국집","5"
"20180102","화","여","40대","서울특별시","광진구","구의동","중국집","5"
"20180102","화","남","20대","서울특별시","광진구","중곡동","중국집","5"
"20180102","화","여","40대","서울특별시","광진구","능동","중국집","5"
"20180102","화","여","40대","서울특별시","광진구","자양동","중국집","7"
"20180102","화","여","40대","서울특별시","광진구","중곡동","중국집","5"
"20180102","화","여","40대","서울특별시","광진구","화양동","중국집","5"
"20180102","화","남","60대이상","서울특별시","광진구","구의동","중국집","5"
"20180102","화","여","50대","서울특별시","광진구","광장동","중국집","5"
"20180102","화","여","50대","서울특별시","광진구","자양동","중국집","5"
"20180102","화","남","30대","서울특별시","광진구","광장동","중국집","5"
"20180102","화","여","50대","서울특별시","광진구","화양동","중국집","5"
"20180102","화","여","60대이상","서울특별시","광진구","자양동","중국집","5"
"20180102","화","남","10대","서울특별시","구로구","개봉동","중국집","5"
"20180102","화","남","20대","서울특별시","구로구","개봉동","중국집","13"
"20180102","화","남","20대","서울특별시","구로구","신도림동","중국집","5"
"20180102","화","남","30대","서울특별시","구로구","개봉동","중국집","31"
"20180102","화","남","30대","서울특별시","구로구","구로동","중국집","6"
"20180102","화","남","30대","서울특별시","구로구","궁동","중국집","5"
"20180102","화","남","30대","서울특별시","구로구","신도림동","중국집","5"
"20180102","화","남","20대","서울특별시","구로구","구로동","중국집","5"
"20180102","화","남","40대","서울특별시","구로구","개봉동","중국집","31"
"20180102","화","남","40대","서울특별시","구로구","신도림동","중국집","5"
"20180102","화","남","50대","서울특별시","구로구","궁동","중국집","5"
"20180102","화","남","50대","서울특별시","구로구","신도림동","중국집","5"
"20180102","화","남","60대이상","서울특별시","구로구","개봉동","중국집","9"
"20180102","화","남","60대이상","서울특별시","구로구","구로동","중국집","5"
"20180102","화","남","60대이상","서울특별시","구로구","궁동","중국집","5"
"20180102","화","남","50대","서울특별시","구로구","개봉동","중국집","24"
"20180102","화","여","10대","서울특별시","구로구","개봉동","중국집","5"
"20180102","화","여","20대","서울특별시","구로구","개봉동","중국집","5"
"20180102","화","여","20대","서울특별시","구로구","구로동","중국집","5"
"20180102","화","여","20대","서울특별시","구로구","궁동","중국집","5"
"20180102","화","남","50대","서울특별시","구로구","구로동","중국집","5"
"20180102","화","여","30대","서울특별시","구로구","개봉동","중국집","19"
"20180102","화","여","30대","서울특별시","구로구","구로동","중국집","5"
"20180102","화","여","30대","서울특별시","구로구","궁동","중국집","5"
"20180102","화","여","30대","서울특별시","구로구","신도림동","중국집","5"
"20180102","화","남","40대","서울특별시","구로구","구로동","중국집","5"
"20180102","화","여","40대","서울특별시","구로구","궁동","중국집","5"
"20180102","화","여","50대","서울특별시","구로구","개봉동","중국집","13"
"20180102","화","여","50대","서울특별시","구로구","구로동","중국집","5"
"20180102","화","여","40대","서울특별시","구로구","개봉동","중국집","37"
"20180102","화","여","50대","서울특별시","구로구","궁동","중국집","5"
"20180102","화","여","60대이상","서울특별시","구로구","개봉동","중국집","7"
"20180102","화","여","60대이상","서울특별시","구로구","궁동","중국집","5"
"20180102","화","남","20대","서울특별시","금천구","가산동","중국집","5"
"20180102","화","남","20대","서울특별시","금천구","독산동","중국집","5"
"20180102","화","남","30대","서울특별시","금천구","시흥동","중국집","5"
"20180102","화","남","40대","서울특별시","금천구","가산동","중국집","17"
"20180102","화","남","40대","서울특별시","금천구","독산동","중국집","5"
"20180102","화","남","40대","서울특별시","금천구","시흥동","중국집","5"
"20180102","화","남","30대","서울특별시","금천구","가산동","중국집","18"
"20180102","화","남","50대","서울특별시","금천구","가산동","중국집","15"
"20180102","화","남","60대이상","서울특별시","금천구","가산동","중국집","5"
"20180102","화","여","10대","서울특별시","금천구","가산동","중국집","5"
"20180102","화","여","10대","서울특별시","금천구","시흥동","중국집","5"
"20180102","화","남","30대","서울특별시","금천구","독산동","중국집","8"
"20180102","화","여","20대","서울특별시","금천구","가산동","중국집","6"
"20180102","화","여","20대","서울특별시","금천구","독산동","중국집","5"
"20180102","화","여","30대","서울특별시","금천구","가산동","중국집","10"
"20180102","화","여","30대","서울특별시","금천구","독산동","중국집","5"
"20180102","화","남","60대이상","서울특별시","금천구","독산동","중국집","5"
"20180102","화","남","10대","서울특별시","금천구","시흥동","중국집","5"
"20180102","화","여","30대","서울특별시","금천구","시흥동","중국집","5"
"20180102","화","여","40대","서울특별시","금천구","가산동","중국집","10"
"20180102","화","여","40대","서울특별시","금천구","시흥동","중국집","5"
"20180102","화","남","50대","서울특별시","금천구","독산동","중국집","5"
"20180102","화","여","50대","서울특별시","금천구","가산동","중국집","5"
"20180102","화","여","50대","서울특별시","금천구","독산동","중국집","5"
"20180102","화","여","60대이상","서울특별시","금천구","가산동","중국집","5"
"20180102","화","여","60대이상","서울특별시","금천구","시흥동","중국집","5"
"20180102","화","남","10대","서울특별시","금천구","독산동","중국집","5"
"20180102","화","남","20대","서울특별시","금천구","시흥동","중국집","5"
"20180102","화","남","10대","서울특별시","노원구","공릉동","중국집","5"
"20180102","화","남","10대","서울특별시","노원구","상계동","중국집","11"
"20180102","화","남","10대","서울특별시","노원구","중계동","중국집","5"
"20180102","화","남","20대","서울특별시","노원구","상계동","중국집","23"
"20180102","화","남","20대","서울특별시","노원구","월계동","중국집","5"
"20180102","화","남","30대","서울특별시","노원구","상계동","중국집","34"
"20180102","화","남","30대","서울특별시","노원구","월계동","중국집","5"
"20180102","화","남","40대","서울특별시","노원구","공릉동","중국집","5"
"20180102","화","남","40대","서울특별시","노원구","상계동","중국집","51"
"20180102","화","남","40대","서울특별시","노원구","월계동","중국집","5"
"20180102","화","남","50대","서울특별시","노원구","상계동","중국집","28"
"20180102","화","남","60대이상","서울특별시","노원구","공릉동","중국집","5"
"20180102","화","남","60대이상","서울특별시","노원구","상계동","중국집","20"
"20180102","화","남","60대이상","서울특별시","노원구","월계동","중국집","5"
"20180102","화","남","60대이상","서울특별시","노원구","중계동","중국집","5"
"20180102","화","여","10대","서울특별시","노원구","상계동","중국집","5"
"20180102","화","여","20대","서울특별시","노원구","상계동","중국집","11"
"20180102","화","여","30대","서울특별시","노원구","중계동","중국집","5"
"20180102","화","남","20대","서울특별시","노원구","공릉동","중국집","6"
"20180102","화","여","40대","서울특별시","노원구","공릉동","중국집","5"
"20180102","화","여","30대","서울특별시","노원구","상계동","중국집","32"
"20180102","화","여","40대","서울특별시","노원구","상계동","중국집","57"
"20180102","화","여","40대","서울특별시","노원구","월계동","중국집","5"
"20180102","화","여","40대","서울특별시","노원구","중계동","중국집","5"
"20180102","화","여","50대","서울특별시","노원구","공릉동","중국집","5"
"20180102","화","여","50대","서울특별시","노원구","상계동","중국집","28"
"20180102","화","여","50대","서울특별시","노원구","월계동","중국집","5"
"20180102","화","남","50대","서울특별시","노원구","월계동","중국집","5"
"20180102","화","여","50대","서울특별시","노원구","중계동","중국집","5"
"20180102","화","남","30대","서울특별시","노원구","공릉동","중국집","5"
"20180102","화","여","60대이상","서울특별시","노원구","상계동","중국집","22"
"20180102","화","남","40대","서울특별시","노원구","중계동","중국집","5"
"20180102","화","여","60대이상","서울특별시","노원구","중계동","중국집","5"
"20180102","화","남","10대","서울특별시","도봉구","방학동","중국집","5"
"20180102","화","남","20대","서울특별시","도봉구","방학동","중국집","5"
"20180102","화","남","20대","서울특별시","도봉구","쌍문동","중국집","5"
"20180102","화","남","30대","서울특별시","도봉구","도봉동","중국집","5"
"20180102","화","남","30대","서울특별시","도봉구","방학동","중국집","5"
"20180102","화","남","30대","서울특별시","도봉구","쌍문동","중국집","5"
"20180102","화","남","40대","서울특별시","도봉구","도봉동","중국집","5"
"20180102","화","남","50대","서울특별시","도봉구","쌍문동","중국집","5"
"20180102","화","남","10대","서울특별시","도봉구","쌍문동","중국집","5"
"20180102","화","남","60대이상","서울특별시","도봉구","방학동","중국집","5"
"20180102","화","남","60대이상","서울특별시","도봉구","쌍문동","중국집","5"
"20180102","화","여","10대","서울특별시","도봉구","도봉동","중국집","5"
"20180102","화","여","20대","서울특별시","도봉구","쌍문동","중국집","5"
"20180102","화","여","30대","서울특별시","도봉구","도봉동","중국집","5"
"20180102","화","여","50대","서울특별시","도봉구","도봉동","중국집","5"
"20180102","화","여","60대이상","서울특별시","도봉구","방학동","중국집","5"
"20180102","화","여","30대","서울특별시","도봉구","방학동","중국집","5"
"20180102","화","여","60대이상","서울특별시","도봉구","쌍문동","중국집","5"
"20180102","화","남","10대","서울특별시","동대문구","장안동","중국집","8"
"20180102","화","남","10대","서울특별시","동대문구","전농동","중국집","5"
"20180102","화","남","10대","서울특별시","동대문구","제기동","중국집","8"
"20180102","화","남","20대","서울특별시","동대문구","장안동","중국집","31"
"20180102","화","남","20대","서울특별시","동대문구","전농동","중국집","5"
"20180102","화","남","20대","서울특별시","동대문구","제기동","중국집","40"
"20180102","화","남","30대","서울특별시","동대문구","장안동","중국집","38"
"20180102","화","남","40대","서울특별시","동대문구","답십리동","중국집","5"
"20180102","화","남","40대","서울특별시","동대문구","장안동","중국집","36"
"20180102","화","남","50대","서울특별시","동대문구","장안동","중국집","24"
"20180102","화","남","50대","서울특별시","동대문구","제기동","중국집","22"
"20180102","화","남","60대이상","서울특별시","동대문구","장안동","중국집","16"
"20180102","화","남","60대이상","서울특별시","동대문구","전농동","중국집","5"
"20180102","화","남","30대","서울특별시","동대문구","제기동","중국집","41"
"20180102","화","남","60대이상","서울특별시","동대문구","제기동","중국집","18"
"20180102","화","여","10대","서울특별시","동대문구","장안동","중국집","5"
"20180102","화","여","10대","서울특별시","동대문구","전농동","중국집","5"
"20180102","화","남","40대","서울특별시","동대문구","제기동","중국집","47"
"20180102","화","남","40대","서울특별시","동대문구","전농동","중국집","5"
"20180102","화","여","10대","서울특별시","동대문구","제기동","중국집","5"
"20180102","화","여","20대","서울특별시","동대문구","장안동","중국집","5"
"20180102","화","여","20대","서울특별시","동대문구","전농동","중국집","5"
"20180102","화","여","20대","서울특별시","동대문구","제기동","중국집","5"
"20180102","화","여","20대","서울특별시","동대문구","휘경동","중국집","5"
"20180102","화","여","30대","서울특별시","동대문구","답십리동","중국집","5"
"20180102","화","남","40대","서울특별시","동대문구","용두동","중국집","5"
"20180102","화","남","60대이상","서울특별시","동대문구","답십리동","중국집","5"
"20180102","화","여","30대","서울특별시","동대문구","장안동","중국집","28"
"20180102","화","여","30대","서울특별시","동대문구","제기동","중국집","15"
"20180102","화","여","40대","서울특별시","동대문구","답십리동","중국집","5"
"20180102","화","여","40대","서울특별시","동대문구","장안동","중국집","44"
"20180102","화","여","40대","서울특별시","동대문구","전농동","중국집","5"
"20180102","화","여","50대","서울특별시","동대문구","답십리동","중국집","5"
"20180102","화","여","50대","서울특별시","동대문구","장안동","중국집","12"
"20180102","화","여","50대","서울특별시","동대문구","전농동","중국집","5"
"20180102","화","여","50대","서울특별시","동대문구","제기동","중국집","34"
"20180102","화","여","60대이상","서울특별시","동대문구","장안동","중국집","5"
"20180102","화","여","40대","서울특별시","동대문구","제기동","중국집","38"
"20180102","화","여","60대이상","서울특별시","동대문구","전농동","중국집","5"
"20180102","화","남","40대","서울특별시","동대문구","휘경동","중국집","5"
"20180102","화","여","60대이상","서울특별시","동대문구","제기동","중국집","15"
"20180102","화","남","10대","서울특별시","동작구","신대방동","중국집","17"
"20180102","화","남","20대","서울특별시","동작구","본동","중국집","7"
"20180102","화","남","30대","서울특별시","동작구","노량진동","중국집","5"
"20180102","화","남","30대","서울특별시","동작구","사당동","중국집","5"
"20180102","화","남","40대","서울특별시","동작구","사당동","중국집","5"
"20180102","화","남","40대","서울특별시","동작구","상도동","중국집","5"
"20180102","화","남","20대","서울특별시","동작구","사당동","중국집","5"
"20180102","화","남","50대","서울특별시","동작구","본동","중국집","5"
"20180102","화","남","50대","서울특별시","동작구","사당동","중국집","5"
"20180102","화","남","50대","서울특별시","동작구","흑석동","중국집","5"
"20180102","화","남","60대이상","서울특별시","동작구","본동","중국집","5"
"20180102","화","남","60대이상","서울특별시","동작구","사당동","중국집","5"
"20180102","화","여","10대","서울특별시","동작구","노량진동","중국집","5"
"20180102","화","여","10대","서울특별시","동작구","본동","중국집","5"
"20180102","화","남","30대","서울특별시","동작구","상도동","중국집","5"
"20180102","화","여","10대","서울특별시","동작구","신대방동","중국집","5"
"20180102","화","여","20대","서울특별시","동작구","노량진동","중국집","5"
"20180102","화","여","20대","서울특별시","동작구","본동","중국집","5"
"20180102","화","여","20대","서울특별시","동작구","사당동","중국집","5"
"20180102","화","여","30대","서울특별시","동작구","노량진동","중국집","5"
"20180102","화","여","30대","서울특별시","동작구","대방동","중국집","5"
"20180102","화","여","30대","서울특별시","동작구","사당동","중국집","5"
"20180102","화","남","60대이상","서울특별시","동작구","신대방동","중국집","38"
"20180102","화","여","30대","서울특별시","동작구","상도동","중국집","5"
"20180102","화","여","30대","서울특별시","동작구","신대방동","중국집","48"
"20180102","화","남","20대","서울특별시","동작구","신대방동","중국집","55"
"20180102","화","남","20대","서울특별시","동작구","상도동","중국집","5"
"20180102","화","여","20대","서울특별시","동작구","신대방동","중국집","23"
"20180102","화","여","40대","서울특별시","동작구","본동","중국집","5"
"20180102","화","여","20대","서울특별시","동작구","상도동","중국집","5"
"20180102","화","남","50대","서울특별시","동작구","노량진동","중국집","5"
"20180102","화","여","40대","서울특별시","동작구","상도동","중국집","5"
"20180102","화","남","60대이상","서울특별시","동작구","대방동","중국집","5"
"20180102","화","여","40대","서울특별시","동작구","신대방동","중국집","91"
"20180102","화","여","50대","서울특별시","동작구","본동","중국집","5"
"20180102","화","여","50대","서울특별시","동작구","신대방동","중국집","47"
"20180102","화","남","30대","서울특별시","동작구","신대방동","중국집","84"
"20180102","화","여","60대이상","서울특별시","동작구","상도동","중국집","5"
"20180102","화","남","40대","서울특별시","동작구","신대방동","중국집","77"
"20180102","화","여","30대","서울특별시","동작구","본동","중국집","5"
"20180102","화","여","60대이상","서울특별시","동작구","신대방동","중국집","27"
"20180102","화","남","50대","서울특별시","동작구","신대방동","중국집","46"
"20180102","화","남","10대","서울특별시","마포구","상암동","중국집","6"
"20180102","화","남","10대","서울특별시","마포구","서교동","중국집","5"
"20180102","화","남","20대","서울특별시","마포구","상암동","중국집","12"
"20180102","화","남","30대","서울특별시","마포구","공덕동","중국집","5"
"20180102","화","남","30대","서울특별시","마포구","신수동","중국집","5"
"20180102","화","남","30대","서울특별시","마포구","염리동","중국집","5"
"20180102","화","남","10대","서울특별시","마포구","마포동","중국집","5"
"20180102","화","남","40대","서울특별시","마포구","대흥동","중국집","5"
"20180102","화","남","40대","서울특별시","마포구","망원동","중국집","5"
"20180102","화","남","40대","서울특별시","마포구","상암동","중국집","19"
"20180102","화","남","20대","서울특별시","마포구","합정동","중국집","8"
"20180102","화","남","40대","서울특별시","마포구","염리동","중국집","5"
"20180102","화","남","50대","서울특별시","마포구","염리동","중국집","5"
"20180102","화","남","50대","서울특별시","마포구","창전동","중국집","5"
"20180102","화","남","50대","서울특별시","마포구","합정동","중국집","6"
"20180102","화","남","60대이상","서울특별시","마포구","노고산동","중국집","5"
"20180102","화","남","60대이상","서울특별시","마포구","마포동","중국집","5"
"20180102","화","남","60대이상","서울특별시","마포구","상암동","중국집","13"
"20180102","화","남","60대이상","서울특별시","마포구","합정동","중국집","5"
"20180102","화","남","50대","서울특별시","마포구","신공덕동","중국집","5"
"20180102","화","여","10대","서울특별시","마포구","마포동","중국집","5"
"20180102","화","남","20대","서울특별시","마포구","창전동","중국집","5"
"20180102","화","여","10대","서울특별시","마포구","상암동","중국집","5"
"20180102","화","남","40대","서울특별시","마포구","합정동","중국집","16"
"20180102","화","남","20대","서울특별시","마포구","마포동","중국집","5"
"20180102","화","여","10대","서울특별시","마포구","서교동","중국집","5"
"20180102","화","여","10대","서울특별시","마포구","합정동","중국집","5"
"20180102","화","여","20대","서울특별시","마포구","아현동","중국집","5"
"20180102","화","여","30대","서울특별시","마포구","대흥동","중국집","5"
"20180102","화","여","30대","서울특별시","마포구","마포동","중국집","5"
"20180102","화","여","30대","서울특별시","마포구","신공덕동","중국집","5"
"20180102","화","남","30대","서울특별시","마포구","마포동","중국집","5"
"20180102","화","여","20대","서울특별시","마포구","합정동","중국집","5"
"20180102","화","남","20대","서울특별시","마포구","서교동","중국집","5"
"20180102","화","남","50대","서울특별시","마포구","상암동","중국집","5"
"20180102","화","남","50대","서울특별시","마포구","대흥동","중국집","5"
"20180102","화","여","30대","서울특별시","마포구","신수동","중국집","5"
"20180102","화","남","30대","서울특별시","마포구","신공덕동","중국집","5"
"20180102","화","여","30대","서울특별시","마포구","합정동","중국집","8"
"20180102","화","여","40대","서울특별시","마포구","공덕동","중국집","5"
"20180102","화","여","40대","서울특별시","마포구","대흥동","중국집","5"
"20180102","화","여","40대","서울특별시","마포구","마포동","중국집","5"
"20180102","화","남","20대","서울특별시","마포구","신공덕동","중국집","5"
"20180102","화","여","30대","서울특별시","마포구","망원동","중국집","5"
"20180102","화","남","30대","서울특별시","마포구","합정동","중국집","16"
"20180102","화","여","40대","서울특별시","마포구","상수동","중국집","5"
"20180102","화","여","40대","서울특별시","마포구","신수동","중국집","5"
"20180102","화","여","40대","서울특별시","마포구","상암동","중국집","19"
"20180102","화","남","40대","서울특별시","마포구","서교동","중국집","5"
"20180102","화","여","40대","서울특별시","마포구","창전동","중국집","5"
"20180102","화","여","30대","서울특별시","마포구","염리동","중국집","5"
"20180102","화","여","40대","서울특별시","마포구","합정동","중국집","15"
"20180102","화","여","30대","서울특별시","마포구","상암동","중국집","13"
"20180102","화","남","30대","서울특별시","마포구","상암동","중국집","20"
"20180102","화","여","50대","서울특별시","마포구","마포동","중국집","5"
"20180102","화","여","50대","서울특별시","마포구","상암동","중국집","12"
"20180102","화","남","30대","서울특별시","마포구","망원동","중국집","5"
"20180102","화","여","50대","서울특별시","마포구","창전동","중국집","5"
"20180102","화","여","20대","서울특별시","마포구","상암동","중국집","8"
"20180102","화","여","50대","서울특별시","마포구","합정동","중국집","5"
"20180102","화","여","60대이상","서울특별시","마포구","아현동","중국집","5"
"20180102","화","여","60대이상","서울특별시","마포구","상암동","중국집","7"
"20180102","화","여","40대","서울특별시","마포구","신공덕동","중국집","5"
"20180102","화","여","60대이상","서울특별시","마포구","창전동","중국집","5"
"20180102","화","여","60대이상","서울특별시","마포구","합정동","중국집","5"
"20180102","화","남","10대","서울특별시","서대문구","북아현동","중국집","5"
"20180102","화","남","10대","서울특별시","서대문구","창천동","중국집","5"
"20180102","화","남","10대","서울특별시","서대문구","홍은동","중국집","5"
"20180102","화","남","20대","서울특별시","서대문구","연희동","중국집","33"
"20180102","화","남","20대","서울특별시","서대문구","창천동","중국집","11"
"20180102","화","남","20대","서울특별시","서대문구","홍제동","중국집","14"
"20180102","화","남","30대","서울특별시","서대문구","북가좌동","중국집","5"
"20180102","화","남","30대","서울특별시","서대문구","연희동","중국집","34"
"20180102","화","남","30대","서울특별시","서대문구","창천동","중국집","21"
"20180102","화","남","30대","서울특별시","서대문구","홍은동","중국집","5"
"20180102","화","남","30대","서울특별시","서대문구","홍제동","중국집","21"
"20180102","화","남","20대","서울특별시","서대문구","홍은동","중국집","5"
"20180102","화","남","40대","서울특별시","서대문구","연희동","중국집","29"
"20180102","화","남","50대","서울특별시","서대문구","남가좌동","중국집","5"
"20180102","화","남","50대","서울특별시","서대문구","연희동","중국집","24"
"20180102","화","남","50대","서울특별시","서대문구","홍은동","중국집","5"
"20180102","화","남","50대","서울특별시","서대문구","홍제동","중국집","17"
"20180102","화","남","60대이상","서울특별시","서대문구","남가좌동","중국집","5"
"20180102","화","남","60대이상","서울특별시","서대문구","창천동","중국집","9"
"20180102","화","남","60대이상","서울특별시","서대문구","홍은동","중국집","5"
"20180102","화","남","40대","서울특별시","서대문구","창천동","중국집","36"
"20180102","화","여","10대","서울특별시","서대문구","연희동","중국집","5"
"20180102","화","여","10대","서울특별시","서대문구","창천동","중국집","5"
"20180102","화","여","10대","서울특별시","서대문구","홍제동","중국집","5"
"20180102","화","여","20대","서울특별시","서대문구","연희동","중국집","16"
"20180102","화","남","50대","서울특별시","서대문구","창천동","중국집","9"
"20180102","화","여","20대","서울특별시","서대문구","창천동","중국집","8"
"20180102","화","여","20대","서울특별시","서대문구","충정로3가","중국집","5"
"20180102","화","여","20대","서울특별시","서대문구","홍제동","중국집","6"
"20180102","화","여","30대","서울특별시","서대문구","북가좌동","중국집","5"
"20180102","화","남","40대","서울특별시","서대문구","홍제동","중국집","20"
"20180102","화","남","60대이상","서울특별시","서대문구","연희동","중국집","16"
"20180102","화","여","30대","서울특별시","서대문구","연희동","중국집","36"
"20180102","화","여","30대","서울특별시","서대문구","창천동","중국집","20"
"20180102","화","여","30대","서울특별시","서대문구","홍제동","중국집","13"
"20180102","화","남","10대","서울특별시","서대문구","연희동","중국집","7"
"20180102","화","여","40대","서울특별시","서대문구","남가좌동","중국집","5"
"20180102","화","여","40대","서울특별시","서대문구","북가좌동","중국집","5"
"20180102","화","여","40대","서울특별시","서대문구","창천동","중국집","19"
"20180102","화","여","40대","서울특별시","서대문구","충정로3가","중국집","5"
"20180102","화","남","60대이상","서울특별시","서대문구","홍제동","중국집","12"
"20180102","화","남","10대","서울특별시","서대문구","홍제동","중국집","6"
"20180102","화","남","30대","서울특별시","서대문구","충정로3가","중국집","5"
"20180102","화","여","40대","서울특별시","서대문구","홍은동","중국집","5"
"20180102","화","여","40대","서울특별시","서대문구","홍제동","중국집","24"
"20180102","화","여","50대","서울특별시","서대문구","남가좌동","중국집","5"
"20180102","화","여","50대","서울특별시","서대문구","북가좌동","중국집","5"
"20180102","화","남","60대이상","서울특별시","서대문구","충정로3가","중국집","5"
"20180102","화","여","50대","서울특별시","서대문구","연희동","중국집","11"
"20180102","화","여","50대","서울특별시","서대문구","창천동","중국집","20"
"20180102","화","여","50대","서울특별시","서대문구","충정로3가","중국집","5"
"20180102","화","남","40대","서울특별시","서대문구","남가좌동","중국집","5"
"20180102","화","여","50대","서울특별시","서대문구","홍은동","중국집","5"
"20180102","화","여","40대","서울특별시","서대문구","연희동","중국집","28"
"20180102","화","여","50대","서울특별시","서대문구","홍제동","중국집","8"
"20180102","화","여","60대이상","서울특별시","서대문구","연희동","중국집","16"
"20180102","화","여","60대이상","서울특별시","서대문구","창천동","중국집","11"
"20180102","화","남","60대이상","서울특별시","서대문구","합동","중국집","5"
"20180102","화","여","60대이상","서울특별시","서대문구","홍제동","중국집","16"
"20180102","화","남","10대","서울특별시","서초구","반포동","중국집","5"
"20180102","화","남","10대","서울특별시","서초구","방배동","중국집","6"
"20180102","화","남","10대","서울특별시","서초구","서초동","중국집","5"
"20180102","화","남","20대","서울특별시","서초구","방배동","중국집","22"
"20180102","화","남","20대","서울특별시","서초구","양재동","중국집","27"
"20180102","화","남","30대","서울특별시","서초구","반포동","중국집","12"
"20180102","화","남","30대","서울특별시","서초구","서초동","중국집","9"
"20180102","화","남","30대","서울특별시","서초구","양재동","중국집","47"
"20180102","화","남","40대","서울특별시","서초구","내곡동","중국집","5"
"20180102","화","남","30대","서울특별시","서초구","방배동","중국집","65"
"20180102","화","남","40대","서울특별시","서초구","반포동","중국집","14"
"20180102","화","남","40대","서울특별시","서초구","방배동","중국집","45"
"20180102","화","남","40대","서울특별시","서초구","서초동","중국집","9"
"20180102","화","남","40대","서울특별시","서초구","양재동","중국집","47"
"20180102","화","남","50대","서울특별시","서초구","내곡동","중국집","5"
"20180102","화","남","50대","서울특별시","서초구","반포동","중국집","18"
"20180102","화","남","50대","서울특별시","서초구","방배동","중국집","39"
"20180102","화","남","50대","서울특별시","서초구","서초동","중국집","11"
"20180102","화","남","20대","서울특별시","서초구","내곡동","중국집","5"
"20180102","화","남","20대","서울특별시","서초구","반포동","중국집","6"
"20180102","화","남","50대","서울특별시","서초구","양재동","중국집","23"
"20180102","화","남","50대","서울특별시","서초구","잠원동","중국집","5"
"20180102","화","남","20대","서울특별시","서초구","서초동","중국집","5"
"20180102","화","남","60대이상","서울특별시","서초구","내곡동","중국집","5"
"20180102","화","남","60대이상","서울특별시","서초구","양재동","중국집","16"
"20180102","화","남","60대이상","서울특별시","서초구","반포동","중국집","5"
"20180102","화","남","60대이상","서울특별시","서초구","잠원동","중국집","5"
"20180102","화","여","10대","서울특별시","서초구","반포동","중국집","5"
"20180102","화","여","10대","서울특별시","서초구","서초동","중국집","5"
"20180102","화","여","10대","서울특별시","서초구","양재동","중국집","5"
"20180102","화","여","20대","서울특별시","서초구","반포동","중국집","6"
"20180102","화","여","20대","서울특별시","서초구","방배동","중국집","7"
"20180102","화","여","20대","서울특별시","서초구","양재동","중국집","5"
"20180102","화","여","30대","서울특별시","서초구","반포동","중국집","6"
"20180102","화","남","10대","서울특별시","서초구","양재동","중국집","5"
"20180102","화","여","30대","서울특별시","서초구","서초동","중국집","5"
"20180102","화","남","60대이상","서울특별시","서초구","서초동","중국집","7"
"20180102","화","여","30대","서울특별시","서초구","양재동","중국집","24"
"20180102","화","남","60대이상","서울특별시","서초구","방배동","중국집","31"
"20180102","화","여","40대","서울특별시","서초구","방배동","중국집","71"
"20180102","화","여","40대","서울특별시","서초구","서초동","중국집","5"
"20180102","화","여","40대","서울특별시","서초구","양재동","중국집","31"
"20180102","화","여","40대","서울특별시","서초구","잠원동","중국집","5"
"20180102","화","여","50대","서울특별시","서초구","반포동","중국집","14"
"20180102","화","여","50대","서울특별시","서초구","방배동","중국집","37"
"20180102","화","여","50대","서울특별시","서초구","서초동","중국집","5"
"20180102","화","여","10대","서울특별시","서초구","방배동","중국집","5"
"20180102","화","여","30대","서울특별시","서초구","방배동","중국집","50"
"20180102","화","여","40대","서울특별시","서초구","반포동","중국집","24"
"20180102","화","여","50대","서울특별시","서초구","양재동","중국집","30"
"20180102","화","여","20대","서울특별시","서초구","서초동","중국집","6"
"20180102","화","여","60대이상","서울특별시","서초구","반포동","중국집","12"
"20180102","화","여","60대이상","서울특별시","서초구","방배동","중국집","36"
"20180102","화","여","60대이상","서울특별시","서초구","서초동","중국집","5"
"20180102","화","여","60대이상","서울특별시","서초구","양재동","중국집","11"
"20180102","화","여","60대이상","서울특별시","서초구","잠원동","중국집","5"
"20180102","화","남","20대","서울특별시","성동구","옥수동","중국집","18"
"20180102","화","남","30대","서울특별시","성동구","마장동","중국집","5"
"20180102","화","남","10대","서울특별시","성동구","성수동2가","중국집","17"
"20180102","화","남","30대","서울특별시","성동구","성수동2가","중국집","72"
"20180102","화","남","10대","서울특별시","성동구","옥수동","중국집","5"
"20180102","화","남","30대","서울특별시","성동구","옥수동","중국집","13"
"20180102","화","남","40대","서울특별시","성동구","성수동2가","중국집","78"
"20180102","화","남","40대","서울특별시","성동구","옥수동","중국집","25"
"20180102","화","남","40대","서울특별시","성동구","행당동","중국집","5"
"20180102","화","남","50대","서울특별시","성동구","성수동2가","중국집","49"
"20180102","화","남","50대","서울특별시","성동구","옥수동","중국집","19"
"20180102","화","남","60대이상","서울특별시","성동구","성수동2가","중국집","25"
"20180102","화","남","60대이상","서울특별시","성동구","옥수동","중국집","7"
"20180102","화","남","60대이상","서울특별시","성동구","행당동","중국집","5"
"20180102","화","여","10대","서울특별시","성동구","옥수동","중국집","5"
"20180102","화","남","20대","서울특별시","성동구","성수동2가","중국집","59"
"20180102","화","여","20대","서울특별시","성동구","성수동2가","중국집","24"
"20180102","화","여","20대","서울특별시","성동구","옥수동","중국집","8"
"20180102","화","여","10대","서울특별시","성동구","성수동2가","중국집","5"
"20180102","화","여","30대","서울특별시","성동구","성수동2가","중국집","48"
"20180102","화","여","30대","서울특별시","성동구","옥수동","중국집","14"
"20180102","화","여","40대","서울특별시","성동구","성수동2가","중국집","69"
"20180102","화","여","40대","서울특별시","성동구","옥수동","중국집","22"
"20180102","화","여","50대","서울특별시","성동구","성수동2가","중국집","38"
"20180102","화","여","50대","서울특별시","성동구","홍익동","중국집","5"
"20180102","화","여","50대","서울특별시","성동구","옥수동","중국집","8"
"20180102","화","여","50대","서울특별시","성동구","행당동","중국집","5"
"20180102","화","여","60대이상","서울특별시","성동구","성수동2가","중국집","17"
"20180102","화","여","60대이상","서울특별시","성동구","옥수동","중국집","10"
"20180102","화","남","10대","서울특별시","성북구","정릉동","중국집","5"
"20180102","화","남","20대","서울특별시","성북구","삼선동5가","중국집","5"
"20180102","화","남","20대","서울특별시","성북구","정릉동","중국집","7"
"20180102","화","남","20대","서울특별시","성북구","종암동","중국집","5"
"20180102","화","남","30대","서울특별시","성북구","동선동2가","중국집","35"
"20180102","화","남","30대","서울특별시","성북구","삼선동5가","중국집","5"
"20180102","화","남","30대","서울특별시","성북구","종암동","중국집","5"
"20180102","화","남","40대","서울특별시","성북구","동선동2가","중국집","33"
"20180102","화","남","40대","서울특별시","성북구","정릉동","중국집","5"
"20180102","화","남","40대","서울특별시","성북구","하월곡동","중국집","5"
"20180102","화","남","50대","서울특별시","성북구","동선동2가","중국집","33"
"20180102","화","남","50대","서울특별시","성북구","정릉동","중국집","5"
"20180102","화","남","10대","서울특별시","성북구","동선동2가","중국집","5"
"20180102","화","남","60대이상","서울특별시","성북구","삼선동5가","중국집","5"
"20180102","화","남","40대","서울특별시","성북구","삼선동5가","중국집","5"
"20180102","화","여","10대","서울특별시","성북구","삼선동5가","중국집","5"
"20180102","화","여","10대","서울특별시","성북구","종암동","중국집","5"
"20180102","화","여","20대","서울특별시","성북구","동선동2가","중국집","9"
"20180102","화","여","20대","서울특별시","성북구","상월곡동","중국집","5"
"20180102","화","여","20대","서울특별시","성북구","장위동","중국집","5"
"20180102","화","여","20대","서울특별시","성북구","하월곡동","중국집","5"
"20180102","화","남","60대이상","서울특별시","성북구","성북동","중국집","5"
"20180102","화","남","50대","서울특별시","성북구","동선동3가","중국집","5"
"20180102","화","여","30대","서울특별시","성북구","동선동2가","중국집","23"
"20180102","화","여","30대","서울특별시","성북구","삼선동5가","중국집","5"
"20180102","화","여","30대","서울특별시","성북구","종암동","중국집","5"
"20180102","화","남","60대이상","서울특별시","성북구","동선동2가","중국집","17"
"20180102","화","여","40대","서울특별시","성북구","길음동","중국집","5"
"20180102","화","여","40대","서울특별시","성북구","동선동2가","중국집","43"
"20180102","화","남","50대","서울특별시","성북구","성북동","중국집","5"
"20180102","화","여","10대","서울특별시","성북구","동선동2가","중국집","5"
"20180102","화","여","40대","서울특별시","성북구","동선동3가","중국집","5"
"20180102","화","여","40대","서울특별시","성북구","삼선동5가","중국집","5"
"20180102","화","여","40대","서울특별시","성북구","성북동","중국집","5"
"20180102","화","남","50대","서울특별시","성북구","삼선동5가","중국집","5"
"20180102","화","여","40대","서울특별시","성북구","정릉동","중국집","5"
"20180102","화","여","40대","서울특별시","성북구","하월곡동","중국집","5"
"20180102","화","여","50대","서울특별시","성북구","동선동2가","중국집","23"
"20180102","화","여","50대","서울특별시","성북구","성북동","중국집","5"
"20180102","화","남","60대이상","서울특별시","성북구","하월곡동","중국집","5"
"20180102","화","여","50대","서울특별시","성북구","하월곡동","중국집","5"
"20180102","화","여","60대이상","서울특별시","성북구","동선동2가","중국집","10"
"20180102","화","여","60대이상","서울특별시","성북구","삼선동5가","중국집","5"
"20180102","화","여","60대이상","서울특별시","성북구","정릉동","중국집","5"
"20180102","화","여","50대","서울특별시","성북구","정릉동","중국집","5"
"20180102","화","남","20대","서울특별시","성북구","동선동2가","중국집","34"
"20180102","화","여","60대이상","서울특별시","성북구","종암동","중국집","5"
"20180102","화","여","60대이상","서울특별시","성북구","하월곡동","중국집","5"
"20180102","화","남","10대","서울특별시","송파구","가락동","중국집","5"
"20180102","화","남","10대","서울특별시","송파구","송파동","중국집","13"
"20180102","화","남","20대","서울특별시","송파구","마천동","중국집","5"
"20180102","화","남","20대","서울특별시","송파구","송파동","중국집","38"
"20180102","화","남","20대","서울특별시","송파구","풍납동","중국집","5"
"20180102","화","남","40대","서울특별시","송파구","가락동","중국집","17"
"20180102","화","남","40대","서울특별시","송파구","마천동","중국집","5"
"20180102","화","남","40대","서울특별시","송파구","방이동","중국집","5"
"20180102","화","남","40대","서울특별시","송파구","송파동","중국집","51"
"20180102","화","남","50대","서울특별시","송파구","마천동","중국집","5"
"20180102","화","남","50대","서울특별시","송파구","송파동","중국집","39"
"20180102","화","남","60대이상","서울특별시","송파구","가락동","중국집","5"
"20180102","화","남","60대이상","서울특별시","송파구","송파동","중국집","33"
"20180102","화","여","10대","서울특별시","송파구","가락동","중국집","5"
"20180102","화","여","10대","서울특별시","송파구","마천동","중국집","5"
"20180102","화","여","10대","서울특별시","송파구","송파동","중국집","5"
"20180102","화","여","20대","서울특별시","송파구","가락동","중국집","7"
"20180102","화","여","20대","서울특별시","송파구","송파동","중국집","11"
"20180102","화","여","30대","서울특별시","송파구","가락동","중국집","6"
"20180102","화","여","30대","서울특별시","송파구","방이동","중국집","5"
"20180102","화","남","30대","서울특별시","송파구","가락동","중국집","13"
"20180102","화","여","30대","서울특별시","송파구","풍납동","중국집","5"
"20180102","화","여","40대","서울특별시","송파구","가락동","중국집","14"
"20180102","화","남","20대","서울특별시","송파구","가락동","중국집","9"
"20180102","화","여","40대","서울특별시","송파구","방이동","중국집","5"
"20180102","화","여","20대","서울특별시","송파구","마천동","중국집","5"
"20180102","화","여","40대","서울특별시","송파구","송파동","중국집","74"
"20180102","화","여","50대","서울특별시","송파구","가락동","중국집","6"
"20180102","화","여","50대","서울특별시","송파구","마천동","중국집","5"
"20180102","화","남","30대","서울특별시","송파구","송파동","중국집","67"
"20180102","화","여","50대","서울특별시","송파구","송파동","중국집","42"
"20180102","화","여","60대이상","서울특별시","송파구","가락동","중국집","6"
"20180102","화","여","30대","서울특별시","송파구","송파동","중국집","58"
"20180102","화","여","60대이상","서울특별시","송파구","마천동","중국집","5"
"20180102","화","남","50대","서울특별시","송파구","가락동","중국집","13"
"20180102","화","여","60대이상","서울특별시","송파구","송파동","중국집","14"
"20180102","화","여","60대이상","서울특별시","송파구","풍납동","중국집","5"
"20180102","화","여","20대","서울특별시","송파구","풍납동","중국집","5"
"20180102","화","남","10대","서울특별시","양천구","목동","중국집","5"
"20180102","화","남","10대","서울특별시","양천구","신월동","중국집","5"
"20180102","화","남","10대","서울특별시","양천구","신정동","중국집","6"
"20180102","화","남","20대","서울특별시","양천구","신정동","중국집","7"
"20180102","화","남","50대","서울특별시","양천구","신월동","중국집","5"
"20180102","화","남","50대","서울특별시","양천구","신정동","중국집","5"
"20180102","화","남","20대","서울특별시","양천구","신월동","중국집","5"
"20180102","화","남","60대이상","서울특별시","양천구","신정동","중국집","5"
"20180102","화","여","10대","서울특별시","양천구","목동","중국집","5"
"20180102","화","여","10대","서울특별시","양천구","신정동","중국집","5"
"20180102","화","여","20대","서울특별시","양천구","신정동","중국집","5"
"20180102","화","여","30대","서울특별시","양천구","목동","중국집","5"
"20180102","화","여","30대","서울특별시","양천구","신월동","중국집","5"
"20180102","화","남","60대이상","서울특별시","양천구","신월동","중국집","5"
"20180102","화","여","30대","서울특별시","양천구","신정동","중국집","8"
"20180102","화","남","30대","서울특별시","양천구","신정동","중국집","11"
"20180102","화","남","40대","서울특별시","양천구","신정동","중국집","12"
"20180102","화","여","40대","서울특별시","양천구","목동","중국집","5"
"20180102","화","여","40대","서울특별시","양천구","신월동","중국집","5"
"20180102","화","여","40대","서울특별시","양천구","신정동","중국집","29"
"20180102","화","여","20대","서울특별시","양천구","신월동","중국집","5"
"20180102","화","여","50대","서울특별시","양천구","목동","중국집","5"
"20180102","화","여","50대","서울특별시","양천구","신월동","중국집","8"
"20180102","화","남","40대","서울특별시","양천구","신월동","중국집","5"
"20180102","화","여","50대","서울특별시","양천구","신정동","중국집","10"
"20180102","화","여","60대이상","서울특별시","양천구","목동","중국집","5"
"20180102","화","여","60대이상","서울특별시","양천구","신월동","중국집","5"
"20180102","화","여","60대이상","서울특별시","양천구","신정동","중국집","5"
"20180102","화","남","10대","서울특별시","영등포구","대림동","중국집","5"
"20180102","화","남","10대","서울특별시","영등포구","신길동","중국집","5"
"20180102","화","남","20대","서울특별시","영등포구","대림동","중국집","5"
"20180102","화","남","20대","서울특별시","영등포구","문래동3가","중국집","11"
"20180102","화","남","20대","서울특별시","영등포구","여의도동","중국집","10"
"20180102","화","남","20대","서울특별시","영등포구","영등포동7가","중국집","5"
"20180102","화","남","20대","서울특별시","영등포구","영등포동8가","중국집","5"
"20180102","화","남","30대","서울특별시","영등포구","문래동2가","중국집","11"
"20180102","화","남","30대","서울특별시","영등포구","문래동3가","중국집","25"
"20180102","화","남","40대","서울특별시","영등포구","대림동","중국집","5"
"20180102","화","남","40대","서울특별시","영등포구","여의도동","중국집","33"
"20180102","화","남","40대","서울특별시","영등포구","영등포동1가","중국집","5"
"20180102","화","남","20대","서울특별시","영등포구","신길동","중국집","5"
"20180102","화","남","50대","서울특별시","영등포구","대림동","중국집","5"
"20180102","화","남","50대","서울특별시","영등포구","문래동3가","중국집","12"
"20180102","화","남","30대","서울특별시","영등포구","신길동","중국집","5"
"20180102","화","남","30대","서울특별시","영등포구","영등포동1가","중국집","5"
"20180102","화","남","50대","서울특별시","영등포구","영등포동1가","중국집","5"
"20180102","화","남","60대이상","서울특별시","영등포구","문래동2가","중국집","5"
"20180102","화","남","10대","서울특별시","영등포구","문래동3가","중국집","5"
"20180102","화","남","60대이상","서울특별시","영등포구","여의도동","중국집","5"
"20180102","화","여","10대","서울특별시","영등포구","문래동2가","중국집","5"
"20180102","화","남","50대","서울특별시","영등포구","여의도동","중국집","10"
"20180102","화","여","10대","서울특별시","영등포구","문래동3가","중국집","5"
"20180102","화","여","10대","서울특별시","영등포구","영등포동1가","중국집","5"
"20180102","화","남","10대","서울특별시","영등포구","문래동2가","중국집","5"
"20180102","화","여","20대","서울특별시","영등포구","당산동6가","중국집","5"
"20180102","화","남","30대","서울특별시","영등포구","여의도동","중국집","21"
"20180102","화","여","20대","서울특별시","영등포구","대림동","중국집","5"
"20180102","화","여","20대","서울특별시","영등포구","문래동2가","중국집","5"
"20180102","화","남","40대","서울특별시","영등포구","문래동2가","중국집","16"
"20180102","화","여","20대","서울특별시","영등포구","여의도동","중국집","11"
"20180102","화","여","20대","서울특별시","영등포구","영등포동1가","중국집","5"
"20180102","화","남","40대","서울특별시","영등포구","문래동3가","중국집","25"
"20180102","화","여","20대","서울특별시","영등포구","영등포동7가","중국집","5"
"20180102","화","여","20대","서울특별시","영등포구","영등포동8가","중국집","5"
"20180102","화","남","50대","서울특별시","영등포구","신길동","중국집","5"
"20180102","화","여","30대","서울특별시","영등포구","문래동2가","중국집","7"
"20180102","화","여","30대","서울특별시","영등포구","문래동3가","중국집","11"
"20180102","화","여","20대","서울특별시","영등포구","신길동","중국집","5"
"20180102","화","여","10대","서울특별시","영등포구","신길동","중국집","5"
"20180102","화","여","30대","서울특별시","영등포구","여의도동","중국집","16"
"20180102","화","남","50대","서울특별시","영등포구","영등포동7가","중국집","5"
"20180102","화","여","30대","서울특별시","영등포구","영등포동8가","중국집","5"
"20180102","화","여","40대","서울특별시","영등포구","문래동2가","중국집","13"
"20180102","화","여","40대","서울특별시","영등포구","문래동3가","중국집","18"
"20180102","화","여","40대","서울특별시","영등포구","여의도동","중국집","13"
"20180102","화","여","50대","서울특별시","영등포구","대림동","중국집","5"
"20180102","화","여","30대","서울특별시","영등포구","영등포동1가","중국집","5"
"20180102","화","여","50대","서울특별시","영등포구","문래동3가","중국집","12"
"20180102","화","남","60대이상","서울특별시","영등포구","문래동3가","중국집","11"
"20180102","화","여","50대","서울특별시","영등포구","여의도동","중국집","6"
"20180102","화","여","60대이상","서울특별시","영등포구","대림동","중국집","5"
"20180102","화","남","50대","서울특별시","영등포구","문래동2가","중국집","11"
"20180102","화","여","60대이상","서울특별시","영등포구","문래동2가","중국집","11"
"20180102","화","남","20대","서울특별시","영등포구","문래동2가","중국집","9"
"20180102","화","여","50대","서울특별시","영등포구","영등포동1가","중국집","5"
"20180102","화","여","30대","서울특별시","영등포구","당산동3가","중국집","5"
"20180102","화","여","60대이상","서울특별시","영등포구","문래동3가","중국집","5"
"20180102","화","여","60대이상","서울특별시","영등포구","신길동","중국집","5"
"20180102","화","여","60대이상","서울특별시","영등포구","여의도동","중국집","6"
"20180102","화","여","20대","서울특별시","영등포구","문래동3가","중국집","5"
"20180102","화","여","50대","서울특별시","영등포구","문래동2가","중국집","8"
"20180102","화","남","10대","서울특별시","용산구","도원동","중국집","5"
"20180102","화","남","10대","서울특별시","용산구","보광동","중국집","5"
"20180102","화","남","10대","서울특별시","용산구","이촌동","중국집","5"
"20180102","화","남","20대","서울특별시","용산구","동자동","중국집","5"
"20180102","화","남","20대","서울특별시","용산구","신계동","중국집","5"
"20180102","화","남","20대","서울특별시","용산구","이태원동","중국집","5"
"20180102","화","남","20대","서울특별시","용산구","한강로3가","중국집","11"
"20180102","화","남","30대","서울특별시","용산구","동자동","중국집","5"
"20180102","화","남","30대","서울특별시","용산구","보광동","중국집","12"
"20180102","화","남","30대","서울특별시","용산구","신계동","중국집","5"
"20180102","화","남","30대","서울특별시","용산구","원효로4가","중국집","5"
"20180102","화","남","10대","서울특별시","용산구","한강로3가","중국집","5"
"20180102","화","남","30대","서울특별시","용산구","한강로3가","중국집","28"
"20180102","화","남","20대","서울특별시","용산구","이촌동","중국집","5"
"20180102","화","남","30대","서울특별시","용산구","한남동","중국집","5"
"20180102","화","남","30대","서울특별시","용산구","후암동","중국집","21"
"20180102","화","남","40대","서울특별시","용산구","도원동","중국집","5"
"20180102","화","남","40대","서울특별시","용산구","신계동","중국집","5"
"20180102","화","남","40대","서울특별시","용산구","이태원동","중국집","5"
"20180102","화","남","40대","서울특별시","용산구","이촌동","중국집","5"
"20180102","화","남","40대","서울특별시","용산구","보광동","중국집","5"
"20180102","화","남","40대","서울특별시","용산구","후암동","중국집","35"
"20180102","화","남","50대","서울특별시","용산구","보광동","중국집","5"
"20180102","화","남","50대","서울특별시","용산구","신계동","중국집","5"
"20180102","화","남","50대","서울특별시","용산구","이촌동","중국집","5"
"20180102","화","남","50대","서울특별시","용산구","이태원동","중국집","5"
"20180102","화","남","50대","서울특별시","용산구","한강로3가","중국집","26"
"20180102","화","남","50대","서울특별시","용산구","후암동","중국집","31"
"20180102","화","남","60대이상","서울특별시","용산구","동자동","중국집","5"
"20180102","화","남","60대이상","서울특별시","용산구","보광동","중국집","5"
"20180102","화","남","60대이상","서울특별시","용산구","한강로3가","중국집","16"
"20180102","화","남","60대이상","서울특별시","용산구","후암동","중국집","18"
"20180102","화","여","10대","서울특별시","용산구","이촌동","중국집","5"
"20180102","화","남","20대","서울특별시","용산구","후암동","중국집","5"
"20180102","화","여","20대","서울특별시","용산구","보광동","중국집","5"
"20180102","화","남","50대","서울특별시","용산구","한남동","중국집","5"
"20180102","화","여","20대","서울특별시","용산구","이태원동","중국집","5"
"20180102","화","여","20대","서울특별시","용산구","한강로3가","중국집","6"
"20180102","화","남","30대","서울특별시","용산구","이태원동","중국집","5"
"20180102","화","여","20대","서울특별시","용산구","한남동","중국집","5"
"20180102","화","여","30대","서울특별시","용산구","보광동","중국집","5"
"20180102","화","여","30대","서울특별시","용산구","신계동","중국집","5"
"20180102","화","여","30대","서울특별시","용산구","한강로3가","중국집","28"
"20180102","화","남","30대","서울특별시","용산구","도원동","중국집","5"
"20180102","화","여","30대","서울특별시","용산구","한남동","중국집","5"
"20180102","화","여","40대","서울특별시","용산구","동자동","중국집","5"
"20180102","화","여","40대","서울특별시","용산구","보광동","중국집","5"
"20180102","화","여","40대","서울특별시","용산구","이촌동","중국집","6"
"20180102","화","여","30대","서울특별시","용산구","이태원동","중국집","5"
"20180102","화","여","40대","서울특별시","용산구","이태원동","중국집","5"
"20180102","화","남","30대","서울특별시","용산구","갈월동","중국집","5"
"20180102","화","남","20대","서울특별시","용산구","한남동","중국집","5"
"20180102","화","여","40대","서울특별시","용산구","한강로3가","중국집","28"
"20180102","화","여","40대","서울특별시","용산구","후암동","중국집","18"
"20180102","화","남","20대","서울특별시","용산구","원효로4가","중국집","5"
"20180102","화","남","60대이상","서울특별시","용산구","이태원동","중국집","5"
"20180102","화","여","10대","서울특별시","용산구","보광동","중국집","5"
"20180102","화","여","50대","서울특별시","용산구","보광동","중국집","5"
"20180102","화","여","10대","서울특별시","용산구","후암동","중국집","5"
"20180102","화","남","50대","서울특별시","용산구","동자동","중국집","5"
"20180102","화","여","50대","서울특별시","용산구","원효로4가","중국집","5"
"20180102","화","여","50대","서울특별시","용산구","동자동","중국집","5"
"20180102","화","남","50대","서울특별시","용산구","원효로4가","중국집","5"
"20180102","화","여","30대","서울특별시","용산구","후암동","중국집","21"
"20180102","화","여","50대","서울특별시","용산구","이촌동","중국집","5"
"20180102","화","여","50대","서울특별시","용산구","한강로3가","중국집","20"
"20180102","화","여","20대","서울특별시","용산구","신계동","중국집","5"
"20180102","화","여","50대","서울특별시","용산구","한남동","중국집","5"
"20180102","화","여","50대","서울특별시","용산구","후암동","중국집","16"
"20180102","화","여","20대","서울특별시","용산구","이촌동","중국집","5"
"20180102","화","여","20대","서울특별시","용산구","동자동","중국집","5"
"20180102","화","여","60대이상","서울특별시","용산구","동자동","중국집","5"
"20180102","화","여","60대이상","서울특별시","용산구","신계동","중국집","5"
"20180102","화","여","60대이상","서울특별시","용산구","원효로4가","중국집","5"
"20180102","화","여","60대이상","서울특별시","용산구","이태원동","중국집","5"
"20180102","화","남","20대","서울특별시","용산구","보광동","중국집","5"
"20180102","화","여","30대","서울특별시","용산구","동자동","중국집","5"
"20180102","화","여","30대","서울특별시","용산구","도원동","중국집","5"
"20180102","화","남","40대","서울특별시","용산구","한강로3가","중국집","41"
"20180102","화","남","30대","서울특별시","용산구","이촌동","중국집","5"
"20180102","화","여","60대이상","서울특별시","용산구","한강로3가","중국집","15"
"20180102","화","여","10대","서울특별시","용산구","한강로3가","중국집","5"
"20180102","화","여","60대이상","서울특별시","용산구","한남동","중국집","5"
"20180102","화","남","40대","서울특별시","용산구","동자동","중국집","5"
"20180102","화","여","20대","서울특별시","용산구","후암동","중국집","6"
"20180102","화","여","60대이상","서울특별시","용산구","후암동","중국집","8"
"20180102","화","남","10대","서울특별시","은평구","증산동","중국집","5"
"20180102","화","남","20대","서울특별시","은평구","증산동","중국집","5"
"20180102","화","남","30대","서울특별시","은평구","구산동","중국집","5"
"20180102","화","남","30대","서울특별시","은평구","불광동","중국집","31"
"20180102","화","남","30대","서울특별시","은평구","증산동","중국집","5"
"20180102","화","남","40대","서울특별시","은평구","불광동","중국집","40"
"20180102","화","남","40대","서울특별시","은평구","증산동","중국집","5"
"20180102","화","남","50대","서울특별시","은평구","불광동","중국집","27"
"20180102","화","남","60대이상","서울특별시","은평구","증산동","중국집","5"
"20180102","화","남","60대이상","서울특별시","은평구","불광동","중국집","21"
"20180102","화","여","20대","서울특별시","은평구","증산동","중국집","5"
"20180102","화","여","20대","서울특별시","은평구","불광동","중국집","5"
"20180102","화","여","30대","서울특별시","은평구","구산동","중국집","5"
"20180102","화","남","40대","서울특별시","은평구","구산동","중국집","5"
"20180102","화","여","30대","서울특별시","은평구","불광동","중국집","15"
"20180102","화","남","50대","서울특별시","은평구","증산동","중국집","5"
"20180102","화","여","10대","서울특별시","은평구","불광동","중국집","5"
"20180102","화","남","20대","서울특별시","은평구","구산동","중국집","5"
"20180102","화","여","30대","서울특별시","은평구","증산동","중국집","5"
"20180102","화","남","10대","서울특별시","은평구","불광동","중국집","5"
"20180102","화","여","40대","서울특별시","은평구","구산동","중국집","5"
"20180102","화","여","40대","서울특별시","은평구","불광동","중국집","38"
"20180102","화","여","40대","서울특별시","은평구","수색동","중국집","5"
"20180102","화","여","40대","서울특별시","은평구","증산동","중국집","5"
"20180102","화","여","50대","서울특별시","은평구","구산동","중국집","5"
"20180102","화","남","20대","서울특별시","은평구","불광동","중국집","18"
"20180102","화","여","50대","서울특별시","은평구","불광동","중국집","22"
"20180102","화","여","50대","서울특별시","은평구","증산동","중국집","5"
"20180102","화","여","60대이상","서울특별시","은평구","불광동","중국집","17"
"20180102","화","남","10대","서울특별시","은평구","구산동","중국집","5"
"20180102","화","남","20대","서울특별시","종로구","명륜1가","중국집","5"
"20180102","화","남","20대","서울특별시","종로구","낙원동","중국집","5"
"20180102","화","남","20대","서울특별시","종로구","서린동","중국집","5"
"20180102","화","남","20대","서울특별시","종로구","원서동","중국집","5"
"20180102","화","남","20대","서울특별시","종로구","창성동","중국집","5"
"20180102","화","남","20대","서울특별시","종로구","평창동","중국집","5"
"20180102","화","남","30대","서울특별시","종로구","관수동","중국집","5"
"20180102","화","남","30대","서울특별시","종로구","교남동","중국집","5"
"20180102","화","남","30대","서울특별시","종로구","서린동","중국집","5"
"20180102","화","남","30대","서울특별시","종로구","숭인동","중국집","5"
"20180102","화","남","30대","서울특별시","종로구","원서동","중국집","5"
"20180102","화","남","40대","서울특별시","종로구","교남동","중국집","5"
"20180102","화","남","40대","서울특별시","종로구","낙원동","중국집","5"
"20180102","화","남","40대","서울특별시","종로구","숭인동","중국집","5"
"20180102","화","남","40대","서울특별시","종로구","신문로2가","중국집","5"
"20180102","화","남","50대","서울특별시","종로구","교남동","중국집","5"
"20180102","화","남","30대","서울특별시","종로구","낙원동","중국집","6"
"20180102","화","남","50대","서울특별시","종로구","원서동","중국집","5"
"20180102","화","남","50대","서울특별시","종로구","창성동","중국집","5"
"20180102","화","남","60대이상","서울특별시","종로구","낙원동","중국집","5"
"20180102","화","남","60대이상","서울특별시","종로구","동숭동","중국집","5"
"20180102","화","남","60대이상","서울특별시","종로구","명륜1가","중국집","5"
"20180102","화","남","60대이상","서울특별시","종로구","숭인동","중국집","5"
"20180102","화","남","60대이상","서울특별시","종로구","원서동","중국집","5"
"20180102","화","남","20대","서울특별시","종로구","교남동","중국집","5"
"20180102","화","남","60대이상","서울특별시","종로구","청진동","중국집","5"
"20180102","화","여","10대","서울특별시","종로구","청진동","중국집","5"
"20180102","화","남","50대","서울특별시","종로구","관수동","중국집","5"
"20180102","화","여","20대","서울특별시","종로구","교남동","중국집","5"
"20180102","화","여","20대","서울특별시","종로구","숭인동","중국집","5"
"20180102","화","여","20대","서울특별시","종로구","창성동","중국집","5"
"20180102","화","여","20대","서울특별시","종로구","원서동","중국집","5"
"20180102","화","여","20대","서울특별시","종로구","평창동","중국집","5"
"20180102","화","남","40대","서울특별시","종로구","동숭동","중국집","5"
"20180102","화","남","60대이상","서울특별시","종로구","신문로2가","중국집","5"
"20180102","화","여","30대","서울특별시","종로구","교남동","중국집","5"
"20180102","화","여","30대","서울특별시","종로구","낙원동","중국집","5"
"20180102","화","여","10대","서울특별시","종로구","평창동","중국집","5"
"20180102","화","여","30대","서울특별시","종로구","명륜1가","중국집","5"
"20180102","화","여","30대","서울특별시","종로구","서린동","중국집","5"
"20180102","화","여","20대","서울특별시","종로구","관수동","중국집","5"
"20180102","화","여","30대","서울특별시","종로구","신문로2가","중국집","5"
"20180102","화","여","30대","서울특별시","종로구","창성동","중국집","5"
"20180102","화","남","20대","서울특별시","종로구","숭인동","중국집","5"
"20180102","화","여","30대","서울특별시","종로구","평창동","중국집","5"
"20180102","화","여","10대","서울특별시","종로구","숭인동","중국집","5"
"20180102","화","여","40대","서울특별시","종로구","관수동","중국집","5"
"20180102","화","남","50대","서울특별시","종로구","숭인동","중국집","5"
"20180102","화","여","40대","서울특별시","종로구","교남동","중국집","5"
"20180102","화","여","40대","서울특별시","종로구","서린동","중국집","5"
"20180102","화","여","40대","서울특별시","종로구","숭인동","중국집","5"
"20180102","화","여","40대","서울특별시","종로구","신문로2가","중국집","5"
"20180102","화","여","40대","서울특별시","종로구","원서동","중국집","5"
"20180102","화","여","40대","서울특별시","종로구","종로6가","중국집","5"
"20180102","화","여","40대","서울특별시","종로구","창성동","중국집","5"
"20180102","화","남","10대","서울특별시","종로구","교남동","중국집","5"
"20180102","화","여","40대","서울특별시","종로구","평창동","중국집","5"
"20180102","화","여","50대","서울특별시","종로구","명륜1가","중국집","5"
"20180102","화","남","60대이상","서울특별시","종로구","종로6가","중국집","5"
"20180102","화","남","20대","서울특별시","종로구","신문로2가","중국집","5"
"20180102","화","여","30대","서울특별시","종로구","관수동","중국집","5"
"20180102","화","여","50대","서울특별시","종로구","서린동","중국집","5"
"20180102","화","여","30대","서울특별시","종로구","동숭동","중국집","5"
"20180102","화","여","50대","서울특별시","종로구","숭인동","중국집","5"
"20180102","화","남","10대","서울특별시","종로구","평창동","중국집","5"
"20180102","화","여","50대","서울특별시","종로구","신문로2가","중국집","5"
"20180102","화","여","50대","서울특별시","종로구","종로6가","중국집","5"
"20180102","화","여","50대","서울특별시","종로구","창성동","중국집","5"
"20180102","화","여","50대","서울특별시","종로구","평창동","중국집","5"
"20180102","화","여","20대","서울특별시","종로구","명륜1가","중국집","5"
"20180102","화","여","20대","서울특별시","종로구","동숭동","중국집","5"
"20180102","화","여","60대이상","서울특별시","종로구","교남동","중국집","5"
"20180102","화","여","60대이상","서울특별시","종로구","낙원동","중국집","5"
"20180102","화","남","10대","서울특별시","종로구","창성동","중국집","5"
"20180102","화","여","60대이상","서울특별시","종로구","숭인동","중국집","5"
"20180102","화","남","60대이상","서울특별시","종로구","관수동","중국집","5"
"20180102","화","여","60대이상","서울특별시","종로구","원서동","중국집","5"
"20180102","화","남","20대","서울특별시","종로구","관수동","중국집","5"
"20180102","화","여","60대이상","서울특별시","종로구","종로3가","중국집","5"
"20180102","화","남","40대","서울특별시","종로구","평창동","중국집","5"
"20180102","화","남","60대이상","서울특별시","종로구","교남동","중국집","5"
"20180102","화","여","20대","서울특별시","종로구","신문로2가","중국집","5"
"20180102","화","남","50대","서울특별시","종로구","평창동","중국집","5"
"20180102","화","여","50대","서울특별시","종로구","관수동","중국집","5"
"20180102","화","여","50대","서울특별시","종로구","동숭동","중국집","5"
"20180102","화","남","30대","서울특별시","종로구","경운동","중국집","5"
"20180102","화","여","60대이상","서울특별시","종로구","창성동","중국집","5"
"20180102","화","남","40대","서울특별시","종로구","창성동","중국집","5"
"20180102","화","남","20대","서울특별시","중구","수하동","중국집","28"
"20180102","화","남","20대","서울특별시","중구","신당동","중국집","43"
"20180102","화","남","20대","서울특별시","중구","을지로3가","중국집","5"
"20180102","화","남","20대","서울특별시","중구","을지로4가","중국집","5"
"20180102","화","남","30대","서울특별시","중구","신당동","중국집","59"
"20180102","화","남","30대","서울특별시","중구","을지로3가","중국집","5"
"20180102","화","남","30대","서울특별시","중구","을지로4가","중국집","5"
"20180102","화","남","30대","서울특별시","중구","수하동","중국집","70"
"20180102","화","남","10대","서울특별시","중구","신당동","중국집","6"
"20180102","화","남","30대","서울특별시","중구","필동2가","중국집","5"
"20180102","화","남","20대","서울특별시","중구","정동","중국집","5"
"20180102","화","남","30대","서울특별시","중구","회현동1가","중국집","5"
"20180102","화","남","10대","서울특별시","중구","수하동","중국집","7"
"20180102","화","남","40대","서울특별시","중구","명동1가","중국집","5"
"20180102","화","남","40대","서울특별시","중구","수하동","중국집","63"
"20180102","화","남","40대","서울특별시","중구","신당동","중국집","60"
"20180102","화","남","40대","서울특별시","중구","을지로1가","중국집","5"
"20180102","화","남","40대","서울특별시","중구","회현동1가","중국집","5"
"20180102","화","남","50대","서울특별시","중구","을지로3가","중국집","5"
"20180102","화","남","20대","서울특별시","중구","을지로6가","중국집","5"
"20180102","화","남","50대","서울특별시","중구","수하동","중국집","54"
"20180102","화","남","40대","서울특별시","중구","을지로6가","중국집","5"
"20180102","화","남","50대","서울특별시","중구","을지로6가","중국집","5"
"20180102","화","남","40대","서울특별시","중구","충무로1가","중국집","5"
"20180102","화","남","30대","서울특별시","중구","충무로1가","중국집","5"
"20180102","화","남","60대이상","서울특별시","중구","무교동","중국집","5"
"20180102","화","남","60대이상","서울특별시","중구","수표동","중국집","5"
"20180102","화","남","60대이상","서울특별시","중구","신당동","중국집","25"
"20180102","화","남","60대이상","서울특별시","중구","충무로1가","중국집","5"
"20180102","화","여","10대","서울특별시","중구","수하동","중국집","5"
"20180102","화","남","40대","서울특별시","중구","무교동","중국집","5"
"20180102","화","남","50대","서울특별시","중구","충무로1가","중국집","5"
"20180102","화","여","10대","서울특별시","중구","신당동","중국집","5"
"20180102","화","여","20대","서울특별시","중구","수하동","중국집","28"
"20180102","화","남","50대","서울특별시","중구","신당동","중국집","50"
"20180102","화","여","20대","서울특별시","중구","신당동","중국집","29"
"20180102","화","여","20대","서울특별시","중구","필동2가","중국집","5"
"20180102","화","여","30대","서울특별시","중구","무교동","중국집","5"
"20180102","화","여","30대","서울특별시","중구","수하동","중국집","26"
"20180102","화","여","30대","서울특별시","중구","신당동","중국집","44"
"20180102","화","여","30대","서울특별시","중구","을지로4가","중국집","5"
"20180102","화","여","30대","서울특별시","중구","을지로6가","중국집","5"
"20180102","화","여","30대","서울특별시","중구","필동2가","중국집","5"
"20180102","화","남","50대","서울특별시","중구","필동2가","중국집","5"
"20180102","화","여","30대","서울특별시","중구","명동1가","중국집","5"
"20180102","화","남","60대이상","서울특별시","중구","정동","중국집","5"
"20180102","화","남","40대","서울특별시","중구","을지로3가","중국집","5"
"20180102","화","남","50대","서울특별시","중구","정동","중국집","5"
"20180102","화","여","40대","서울특별시","중구","수하동","중국집","26"
"20180102","화","여","40대","서울특별시","중구","신당동","중국집","55"
"20180102","화","남","50대","서울특별시","중구","회현동1가","중국집","5"
"20180102","화","여","40대","서울특별시","중구","정동","중국집","5"
"20180102","화","남","60대이상","서울특별시","중구","을지로6가","중국집","5"
"20180102","화","남","40대","서울특별시","중구","정동","중국집","5"
"20180102","화","여","40대","서울특별시","중구","필동2가","중국집","5"
"20180102","화","여","50대","서울특별시","중구","수하동","중국집","19"
"20180102","화","여","50대","서울특별시","중구","을지로3가","중국집","5"
"20180102","화","남","30대","서울특별시","중구","무교동","중국집","5"
"20180102","화","여","50대","서울특별시","중구","을지로6가","중국집","5"
"20180102","화","남","60대이상","서울특별시","중구","수하동","중국집","25"
"20180102","화","남","20대","서울특별시","중구","필동2가","중국집","5"
"20180102","화","여","50대","서울특별시","중구","정동","중국집","5"
"20180102","화","여","60대이상","서울특별시","중구","수하동","중국집","11"
"20180102","화","여","60대이상","서울특별시","중구","신당동","중국집","21"
"20180102","화","여","60대이상","서울특별시","중구","을지로6가","중국집","5"
"20180102","화","여","60대이상","서울특별시","중구","필동2가","중국집","5"
"20180102","화","여","50대","서울특별시","중구","신당동","중국집","26"
"20180102","화","남","20대","서울특별시","중구","충무로1가","중국집","5"
"20180102","화","남","10대","서울특별시","중랑구","면목동","중국집","7"
"20180102","화","남","10대","서울특별시","중랑구","신내동","중국집","5"
"20180102","화","남","20대","서울특별시","중랑구","망우동","중국집","5"
"20180102","화","남","20대","서울특별시","중랑구","면목동","중국집","20"
"20180102","화","남","20대","서울특별시","중랑구","상봉동","중국집","5"
"20180102","화","남","30대","서울특별시","중랑구","망우동","중국집","5"
"20180102","화","남","30대","서울특별시","중랑구","면목동","중국집","40"
"20180102","화","남","50대","서울특별시","중랑구","망우동","중국집","5"
"20180102","화","남","40대","서울특별시","중랑구","망우동","중국집","5"
"20180102","화","남","50대","서울특별시","중랑구","면목동","중국집","49"
"20180102","화","남","50대","서울특별시","중랑구","묵동","중국집","5"
"20180102","화","남","60대이상","서울특별시","중랑구","면목동","중국집","17"
"20180102","화","남","40대","서울특별시","중랑구","묵동","중국집","5"
"20180102","화","여","10대","서울특별시","중랑구","면목동","중국집","5"
"20180102","화","여","10대","서울특별시","중랑구","신내동","중국집","5"
"20180102","화","여","20대","서울특별시","중랑구","묵동","중국집","5"
"20180102","화","여","20대","서울특별시","중랑구","상봉동","중국집","5"
"20180102","화","여","20대","서울특별시","중랑구","신내동","중국집","5"
"20180102","화","여","30대","서울특별시","중랑구","신내동","중국집","5"
"20180102","화","여","40대","서울특별시","중랑구","면목동","중국집","36"
"20180102","화","여","40대","서울특별시","중랑구","신내동","중국집","5"
"20180102","화","여","50대","서울특별시","중랑구","망우동","중국집","5"
"20180102","화","남","60대이상","서울특별시","중랑구","망우동","중국집","5"
"20180102","화","남","50대","서울특별시","중랑구","신내동","중국집","5"
"20180102","화","남","40대","서울특별시","중랑구","면목동","중국집","38"
"20180102","화","여","60대이상","서울특별시","중랑구","망우동","중국집","5"
"20180102","화","여","30대","서울특별시","중랑구","면목동","중국집","31"
"20180102","화","여","50대","서울특별시","중랑구","면목동","중국집","32"
"20180102","화","여","20대","서울특별시","중랑구","면목동","중국집","13"
"20180102","화","여","60대이상","서울특별시","중랑구","면목동","중국집","20"
"20180102","화","남","20대","서울특별시","중랑구","묵동","중국집","5"
"20180102","화","여","60대이상","서울특별시","중랑구","신내동","중국집","5"
"20180102","화","여","40대","서울특별시","중랑구","묵동","중국집","5"
"20180103","수","남","20대","서울특별시","강남구","대치동","중국집","5"
"20180103","수","남","20대","서울특별시","강남구","도곡동","중국집","5"
"20180103","수","남","20대","서울특별시","강남구","수서동","중국집","5"
"20180103","수","남","30대","서울특별시","강남구","개포동","중국집","5"
"20180103","수","남","30대","서울특별시","강남구","논현동","중국집","38"
"20180103","수","남","30대","서울특별시","강남구","수서동","중국집","8"
"20180103","수","남","40대","서울특별시","강남구","논현동","중국집","40"
"20180103","수","남","40대","서울특별시","강남구","역삼동","중국집","66"
"20180103","수","남","20대","서울특별시","강남구","논현동","중국집","18"
"20180103","수","남","40대","서울특별시","강남구","일원동","중국집","5"
"20180103","수","남","50대","서울특별시","강남구","도곡동","중국집","5"
"20180103","수","남","50대","서울특별시","강남구","삼성동","중국집","37"
"20180103","수","남","60대이상","서울특별시","강남구","도곡동","중국집","5"
"20180103","수","남","60대이상","서울특별시","강남구","삼성동","중국집","20"
"20180103","수","남","20대","서울특별시","강남구","일원동","중국집","5"
"20180103","수","남","60대이상","서울특별시","강남구","역삼동","중국집","10"
"20180103","수","남","50대","서울특별시","강남구","일원동","중국집","5"
"20180103","수","남","50대","서울특별시","강남구","수서동","중국집","5"
"20180103","수","여","10대","서울특별시","강남구","삼성동","중국집","5"
"20180103","수","여","10대","서울특별시","강남구","역삼동","중국집","5"
"20180103","수","남","10대","서울특별시","강남구","삼성동","중국집","13"
"20180103","수","남","40대","서울특별시","강남구","세곡동","중국집","6"
"20180103","수","여","20대","서울특별시","강남구","도곡동","중국집","5"
"20180103","수","여","20대","서울특별시","강남구","세곡동","중국집","5"
"20180103","수","남","10대","서울특별시","강남구","역삼동","중국집","5"
"20180103","수","여","20대","서울특별시","강남구","압구정동","중국집","5"
"20180103","수","여","20대","서울특별시","강남구","역삼동","중국집","32"
"20180103","수","여","30대","서울특별시","강남구","논현동","중국집","39"
"20180103","수","여","30대","서울특별시","강남구","도곡동","중국집","9"
"20180103","수","여","30대","서울특별시","강남구","세곡동","중국집","5"
"20180103","수","남","30대","서울특별시","강남구","세곡동","중국집","10"
"20180103","수","남","30대","서울특별시","강남구","역삼동","중국집","76"
"20180103","수","여","30대","서울특별시","강남구","수서동","중국집","5"
"20180103","수","남","60대이상","서울특별시","강남구","세곡동","중국집","5"
"20180103","수","남","50대","서울특별시","강남구","역삼동","중국집","34"
"20180103","수","여","30대","서울특별시","강남구","역삼동","중국집","53"
"20180103","수","여","30대","서울특별시","강남구","일원동","중국집","5"
"20180103","수","여","40대","서울특별시","강남구","개포동","중국집","5"
"20180103","수","남","10대","서울특별시","강남구","세곡동","중국집","5"
"20180103","수","여","40대","서울특별시","강남구","대치동","중국집","5"
"20180103","수","여","40대","서울특별시","강남구","삼성동","중국집","87"
"20180103","수","여","20대","서울특별시","강남구","논현동","중국집","22"
"20180103","수","남","50대","서울특별시","강남구","세곡동","중국집","6"
"20180103","수","남","10대","서울특별시","강남구","도곡동","중국집","5"
"20180103","수","여","10대","서울특별시","강남구","도곡동","중국집","5"
"20180103","수","여","40대","서울특별시","강남구","세곡동","중국집","8"
"20180103","수","남","40대","서울특별시","강남구","압구정동","중국집","5"
"20180103","수","여","40대","서울특별시","강남구","수서동","중국집","5"
"20180103","수","남","20대","서울특별시","강남구","개포동","중국집","5"
"20180103","수","여","40대","서울특별시","강남구","압구정동","중국집","5"
"20180103","수","여","40대","서울특별시","강남구","역삼동","중국집","56"
"20180103","수","여","40대","서울특별시","강남구","일원동","중국집","5"
"20180103","수","여","20대","서울특별시","강남구","개포동","중국집","5"
"20180103","수","여","50대","서울특별시","강남구","개포동","중국집","5"
"20180103","수","남","30대","서울특별시","강남구","삼성동","중국집","83"
"20180103","수","남","60대이상","서울특별시","강남구","논현동","중국집","24"
"20180103","수","남","20대","서울특별시","강남구","역삼동","중국집","26"
"20180103","수","여","50대","서울특별시","강남구","논현동","중국집","23"
"20180103","수","여","50대","서울특별시","강남구","대치동","중국집","5"
"20180103","수","여","50대","서울특별시","강남구","삼성동","중국집","44"
"20180103","수","여","50대","서울특별시","강남구","세곡동","중국집","5"
"20180103","수","여","10대","서울특별시","강남구","논현동","중국집","5"
"20180103","수","여","40대","서울특별시","강남구","도곡동","중국집","16"
"20180103","수","여","50대","서울특별시","강남구","도곡동","중국집","8"
"20180103","수","여","50대","서울특별시","강남구","수서동","중국집","5"
"20180103","수","남","20대","서울특별시","강남구","세곡동","중국집","7"
"20180103","수","여","50대","서울특별시","강남구","압구정동","중국집","5"
"20180103","수","남","50대","서울특별시","강남구","논현동","중국집","23"
"20180103","수","여","30대","서울특별시","강남구","삼성동","중국집","54"
"20180103","수","여","50대","서울특별시","강남구","일원동","중국집","5"
"20180103","수","남","40대","서울특별시","강남구","도곡동","중국집","5"
"20180103","수","여","20대","서울특별시","강남구","대치동","중국집","5"
"20180103","수","여","60대이상","서울특별시","강남구","논현동","중국집","11"
"20180103","수","여","50대","서울특별시","강남구","역삼동","중국집","21"
"20180103","수","여","60대이상","서울특별시","강남구","도곡동","중국집","5"
"20180103","수","남","10대","서울특별시","강남구","논현동","중국집","5"
"20180103","수","여","60대이상","서울특별시","강남구","삼성동","중국집","30"
"20180103","수","남","60대이상","서울특별시","강남구","일원동","중국집","5"
"20180103","수","남","40대","서울특별시","강남구","삼성동","중국집","66"
"20180103","수","남","60대이상","서울특별시","강남구","대치동","중국집","5"
"20180103","수","남","30대","서울특별시","강남구","도곡동","중국집","5"
"20180103","수","남","40대","서울특별시","강남구","대치동","중국집","5"
"20180103","수","남","40대","서울특별시","강남구","수서동","중국집","5"
"20180103","수","여","60대이상","서울특별시","강남구","세곡동","중국집","5"
"20180103","수","여","60대이상","서울특별시","강남구","수서동","중국집","5"
"20180103","수","여","20대","서울특별시","강남구","삼성동","중국집","23"
"20180103","수","남","50대","서울특별시","강남구","대치동","중국집","5"
"20180103","수","여","40대","서울특별시","강남구","논현동","중국집","44"
"20180103","수","남","20대","서울특별시","강남구","삼성동","중국집","44"
"20180103","수","여","60대이상","서울특별시","강남구","압구정동","중국집","5"
"20180103","수","여","60대이상","서울특별시","강남구","역삼동","중국집","16"
"20180103","수","남","10대","서울특별시","강동구","천호동","중국집","5"
"20180103","수","남","20대","서울특별시","강동구","길동","중국집","27"
"20180103","수","남","20대","서울특별시","강동구","성내동","중국집","6"
"20180103","수","남","20대","서울특별시","강동구","암사동","중국집","5"
"20180103","수","남","10대","서울특별시","강동구","성내동","중국집","5"
"20180103","수","남","30대","서울특별시","강동구","천호동","중국집","5"
"20180103","수","남","40대","서울특별시","강동구","길동","중국집","58"
"20180103","수","남","40대","서울특별시","강동구","암사동","중국집","5"
"20180103","수","남","50대","서울특별시","강동구","길동","중국집","35"
"20180103","수","남","50대","서울특별시","강동구","명일동","중국집","5"
"20180103","수","남","50대","서울특별시","강동구","성내동","중국집","5"
"20180103","수","남","60대이상","서울특별시","강동구","길동","중국집","26"
"20180103","수","남","30대","서울특별시","강동구","성내동","중국집","6"
"20180103","수","남","60대이상","서울특별시","강동구","성내동","중국집","5"
"20180103","수","남","30대","서울특별시","강동구","길동","중국집","55"
"20180103","수","남","60대이상","서울특별시","강동구","암사동","중국집","5"
"20180103","수","여","10대","서울특별시","강동구","길동","중국집","5"
"20180103","수","여","10대","서울특별시","강동구","천호동","중국집","5"
"20180103","수","여","20대","서울특별시","강동구","길동","중국집","5"
"20180103","수","여","20대","서울특별시","강동구","명일동","중국집","5"
"20180103","수","여","20대","서울특별시","강동구","상일동","중국집","5"
"20180103","수","여","20대","서울특별시","강동구","암사동","중국집","5"
"20180103","수","여","30대","서울특별시","강동구","길동","중국집","51"
"20180103","수","남","20대","서울특별시","강동구","명일동","중국집","5"
"20180103","수","여","30대","서울특별시","강동구","둔촌동","중국집","5"
"20180103","수","남","50대","서울특별시","강동구","암사동","중국집","5"
"20180103","수","여","30대","서울특별시","강동구","명일동","중국집","10"
"20180103","수","남","40대","서울특별시","강동구","천호동","중국집","5"
"20180103","수","여","30대","서울특별시","강동구","성내동","중국집","7"
"20180103","수","남","20대","서울특별시","강동구","상일동","중국집","5"
"20180103","수","여","20대","서울특별시","강동구","성내동","중국집","5"
"20180103","수","여","30대","서울특별시","강동구","암사동","중국집","5"
"20180103","수","남","10대","서울특별시","강동구","길동","중국집","13"
"20180103","수","여","40대","서울특별시","강동구","길동","중국집","65"
"20180103","수","여","40대","서울특별시","강동구","명일동","중국집","5"
"20180103","수","남","60대이상","서울특별시","강동구","천호동","중국집","5"
"20180103","수","여","40대","서울특별시","강동구","성내동","중국집","5"
"20180103","수","여","30대","서울특별시","강동구","천호동","중국집","5"
"20180103","수","여","40대","서울특별시","강동구","암사동","중국집","5"
"20180103","수","여","40대","서울특별시","강동구","천호동","중국집","6"
"20180103","수","남","60대이상","서울특별시","강동구","상일동","중국집","5"
"20180103","수","여","50대","서울특별시","강동구","길동","중국집","31"
"20180103","수","여","20대","서울특별시","강동구","천호동","중국집","5"
"20180103","수","남","40대","서울특별시","강동구","성내동","중국집","9"
"20180103","수","여","50대","서울특별시","강동구","성내동","중국집","5"
"20180103","수","여","60대이상","서울특별시","강동구","길동","중국집","23"
"20180103","수","여","60대이상","서울특별시","강동구","성내동","중국집","5"
"20180103","수","남","50대","서울특별시","강동구","상일동","중국집","5"
"20180103","수","남","20대","서울특별시","강동구","천호동","중국집","5"
"20180103","수","남","40대","서울특별시","강동구","명일동","중국집","5"
"20180103","수","여","60대이상","서울특별시","강동구","암사동","중국집","5"
"20180103","수","여","60대이상","서울특별시","강동구","천호동","중국집","5"
"20180103","수","남","30대","서울특별시","강동구","암사동","중국집","5"
"20180103","수","남","10대","서울특별시","강북구","미아동","중국집","8"
"20180103","수","남","10대","서울특별시","강북구","번동","중국집","5"
"20180103","수","남","20대","서울특별시","강북구","번동","중국집","7"
"20180103","수","남","30대","서울특별시","강북구","미아동","중국집","79"
"20180103","수","남","30대","서울특별시","강북구","우이동","중국집","5"
"20180103","수","남","30대","서울특별시","강북구","번동","중국집","10"
"20180103","수","남","40대","서울특별시","강북구","번동","중국집","24"
"20180103","수","남","50대","서울특별시","강북구","미아동","중국집","43"
"20180103","수","남","50대","서울특별시","강북구","번동","중국집","5"
"20180103","수","남","20대","서울특별시","강북구","미아동","중국집","25"
"20180103","수","남","50대","서울특별시","강북구","우이동","중국집","5"
"20180103","수","남","60대이상","서울특별시","강북구","미아동","중국집","23"
"20180103","수","남","60대이상","서울특별시","강북구","번동","중국집","8"
"20180103","수","남","40대","서울특별시","강북구","미아동","중국집","61"
"20180103","수","여","10대","서울특별시","강북구","미아동","중국집","6"
"20180103","수","여","20대","서울특별시","강북구","번동","중국집","6"
"20180103","수","남","60대이상","서울특별시","강북구","우이동","중국집","5"
"20180103","수","여","20대","서울특별시","강북구","우이동","중국집","5"
"20180103","수","여","30대","서울특별시","강북구","미아동","중국집","42"
"20180103","수","여","30대","서울특별시","강북구","번동","중국집","13"
"20180103","수","여","20대","서울특별시","강북구","미아동","중국집","19"
"20180103","수","여","40대","서울특별시","강북구","미아동","중국집","78"
"20180103","수","여","40대","서울특별시","강북구","번동","중국집","6"
"20180103","수","여","40대","서울특별시","강북구","수유동","중국집","5"
"20180103","수","여","40대","서울특별시","강북구","우이동","중국집","5"
"20180103","수","여","50대","서울특별시","강북구","미아동","중국집","45"
"20180103","수","여","50대","서울특별시","강북구","번동","중국집","5"
"20180103","수","여","60대이상","서울특별시","강북구","미아동","중국집","30"
"20180103","수","여","60대이상","서울특별시","강북구","번동","중국집","8"
"20180103","수","여","60대이상","서울특별시","강북구","수유동","중국집","5"
"20180103","수","여","60대이상","서울특별시","강북구","우이동","중국집","5"
"20180103","수","남","10대","서울특별시","강서구","가양동","중국집","5"
"20180103","수","남","10대","서울특별시","강서구","등촌동","중국집","5"
"20180103","수","남","20대","서울특별시","강서구","내발산동","중국집","21"
"20180103","수","남","20대","서울특별시","강서구","외발산동","중국집","5"
"20180103","수","남","30대","서울특별시","강서구","내발산동","중국집","48"
"20180103","수","남","30대","서울특별시","강서구","등촌동","중국집","15"
"20180103","수","남","30대","서울특별시","강서구","마곡동","중국집","5"
"20180103","수","남","30대","서울특별시","강서구","외발산동","중국집","5"
"20180103","수","남","30대","서울특별시","강서구","화곡동","중국집","27"
"20180103","수","남","40대","서울특별시","강서구","내발산동","중국집","45"
"20180103","수","남","30대","서울특별시","강서구","방화동","중국집","5"
"20180103","수","남","40대","서울특별시","강서구","등촌동","중국집","24"
"20180103","수","남","40대","서울특별시","강서구","화곡동","중국집","32"
"20180103","수","남","50대","서울특별시","강서구","가양동","중국집","20"
"20180103","수","남","50대","서울특별시","강서구","내발산동","중국집","33"
"20180103","수","남","50대","서울특별시","강서구","등촌동","중국집","11"
"20180103","수","남","50대","서울특별시","강서구","화곡동","중국집","27"
"20180103","수","남","60대이상","서울특별시","강서구","가양동","중국집","14"
"20180103","수","남","60대이상","서울특별시","강서구","내발산동","중국집","11"
"20180103","수","남","60대이상","서울특별시","강서구","등촌동","중국집","11"
"20180103","수","남","60대이상","서울특별시","강서구","화곡동","중국집","21"
"20180103","수","여","10대","서울특별시","강서구","내발산동","중국집","5"
"20180103","수","남","40대","서울특별시","강서구","방화동","중국집","5"
"20180103","수","여","10대","서울특별시","강서구","등촌동","중국집","5"
"20180103","수","여","20대","서울특별시","강서구","가양동","중국집","11"
"20180103","수","여","20대","서울특별시","강서구","내발산동","중국집","8"
"20180103","수","남","30대","서울특별시","강서구","가양동","중국집","29"
"20180103","수","여","20대","서울특별시","강서구","등촌동","중국집","6"
"20180103","수","여","20대","서울특별시","강서구","마곡동","중국집","5"
"20180103","수","여","20대","서울특별시","강서구","화곡동","중국집","6"
"20180103","수","여","30대","서울특별시","강서구","가양동","중국집","18"
"20180103","수","여","10대","서울특별시","강서구","화곡동","중국집","6"
"20180103","수","여","30대","서울특별시","강서구","내발산동","중국집","28"
"20180103","수","여","10대","서울특별시","강서구","가양동","중국집","7"
"20180103","수","남","20대","서울특별시","강서구","등촌동","중국집","13"
"20180103","수","여","30대","서울특별시","강서구","마곡동","중국집","5"
"20180103","수","여","30대","서울특별시","강서구","방화동","중국집","5"
"20180103","수","남","20대","서울특별시","강서구","화곡동","중국집","21"
"20180103","수","여","30대","서울특별시","강서구","외발산동","중국집","5"
"20180103","수","남","40대","서울특별시","강서구","가양동","중국집","23"
"20180103","수","여","30대","서울특별시","강서구","화곡동","중국집","36"
"20180103","수","여","40대","서울특별시","강서구","가양동","중국집","20"
"20180103","수","여","40대","서울특별시","강서구","내발산동","중국집","39"
"20180103","수","여","30대","서울특별시","강서구","등촌동","중국집","19"
"20180103","수","여","40대","서울특별시","강서구","등촌동","중국집","26"
"20180103","수","여","40대","서울특별시","강서구","마곡동","중국집","5"
"20180103","수","여","40대","서울특별시","강서구","방화동","중국집","5"
"20180103","수","여","40대","서울특별시","강서구","화곡동","중국집","75"
"20180103","수","여","50대","서울특별시","강서구","내발산동","중국집","21"
"20180103","수","여","50대","서울특별시","강서구","등촌동","중국집","9"
"20180103","수","여","50대","서울특별시","강서구","화곡동","중국집","30"
"20180103","수","남","20대","서울특별시","강서구","가양동","중국집","15"
"20180103","수","남","10대","서울특별시","강서구","화곡동","중국집","8"
"20180103","수","여","60대이상","서울특별시","강서구","가양동","중국집","7"
"20180103","수","남","20대","서울특별시","강서구","마곡동","중국집","5"
"20180103","수","여","60대이상","서울특별시","강서구","내발산동","중국집","17"
"20180103","수","남","10대","서울특별시","강서구","내발산동","중국집","9"
"20180103","수","여","50대","서울특별시","강서구","가양동","중국집","13"
"20180103","수","여","60대이상","서울특별시","강서구","등촌동","중국집","7"
"20180103","수","여","60대이상","서울특별시","강서구","화곡동","중국집","24"
"20180103","수","남","20대","서울특별시","관악구","봉천동","중국집","8"
"20180103","수","남","20대","서울특별시","관악구","신림동","중국집","12"
"20180103","수","남","30대","서울특별시","관악구","봉천동","중국집","10"
"20180103","수","남","30대","서울특별시","관악구","신림동","중국집","7"
"20180103","수","남","40대","서울특별시","관악구","신림동","중국집","5"
"20180103","수","남","50대","서울특별시","관악구","봉천동","중국집","5"
"20180103","수","남","50대","서울특별시","관악구","신림동","중국집","5"
"20180103","수","남","60대이상","서울특별시","관악구","봉천동","중국집","6"
"20180103","수","남","60대이상","서울특별시","관악구","신림동","중국집","5"
"20180103","수","여","10대","서울특별시","관악구","봉천동","중국집","5"
"20180103","수","남","40대","서울특별시","관악구","봉천동","중국집","5"
"20180103","수","여","10대","서울특별시","관악구","신림동","중국집","5"
"20180103","수","여","30대","서울특별시","관악구","봉천동","중국집","5"
"20180103","수","여","30대","서울특별시","관악구","신림동","중국집","5"
"20180103","수","여","40대","서울특별시","관악구","봉천동","중국집","5"
"20180103","수","여","40대","서울특별시","관악구","신림동","중국집","5"
"20180103","수","여","50대","서울특별시","관악구","봉천동","중국집","5"
"20180103","수","여","50대","서울특별시","관악구","신림동","중국집","5"
"20180103","수","남","10대","서울특별시","관악구","신림동","중국집","5"
"20180103","수","여","20대","서울특별시","관악구","봉천동","중국집","5"
"20180103","수","여","60대이상","서울특별시","관악구","봉천동","중국집","5"
"20180103","수","여","20대","서울특별시","관악구","신림동","중국집","11"
"20180103","수","여","60대이상","서울특별시","관악구","신림동","중국집","5"
"20180103","수","남","10대","서울특별시","광진구","자양동","중국집","5"
"20180103","수","남","20대","서울특별시","광진구","광장동","중국집","5"
"20180103","수","남","10대","서울특별시","광진구","중곡동","중국집","5"
"20180103","수","남","20대","서울특별시","광진구","자양동","중국집","11"
"20180103","수","남","30대","서울특별시","광진구","자양동","중국집","5"
"20180103","수","남","40대","서울특별시","광진구","자양동","중국집","9"
"20180103","수","남","50대","서울특별시","광진구","광장동","중국집","5"
"20180103","수","남","40대","서울특별시","광진구","능동","중국집","5"
"20180103","수","남","50대","서울특별시","광진구","자양동","중국집","5"
"20180103","수","남","60대이상","서울특별시","광진구","광장동","중국집","5"
"20180103","수","여","10대","서울특별시","광진구","자양동","중국집","5"
"20180103","수","여","20대","서울특별시","광진구","자양동","중국집","7"
"20180103","수","남","20대","서울특별시","광진구","능동","중국집","5"
"20180103","수","여","30대","서울특별시","광진구","자양동","중국집","7"
"20180103","수","여","30대","서울특별시","광진구","중곡동","중국집","5"
"20180103","수","여","30대","서울특별시","광진구","화양동","중국집","5"
"20180103","수","여","40대","서울특별시","광진구","광장동","중국집","5"
"20180103","수","여","40대","서울특별시","광진구","능동","중국집","5"
"20180103","수","여","40대","서울특별시","광진구","자양동","중국집","9"
"20180103","수","여","40대","서울특별시","광진구","화양동","중국집","5"
"20180103","수","여","30대","서울특별시","광진구","능동","중국집","5"
"20180103","수","여","50대","서울특별시","광진구","능동","중국집","5"
"20180103","수","여","50대","서울특별시","광진구","자양동","중국집","5"
"20180103","수","여","60대이상","서울특별시","광진구","능동","중국집","5"
"20180103","수","여","60대이상","서울특별시","광진구","자양동","중국집","7"
"20180103","수","여","60대이상","서울특별시","광진구","중곡동","중국집","5"
"20180103","수","여","60대이상","서울특별시","광진구","화양동","중국집","5"
"20180103","수","남","60대이상","서울특별시","광진구","중곡동","중국집","5"
"20180103","수","남","10대","서울특별시","구로구","궁동","중국집","5"
"20180103","수","남","20대","서울특별시","구로구","개봉동","중국집","20"
"20180103","수","남","10대","서울특별시","구로구","개봉동","중국집","9"
"20180103","수","남","20대","서울특별시","구로구","구로동","중국집","5"
"20180103","수","남","20대","서울특별시","구로구","궁동","중국집","5"
"20180103","수","남","30대","서울특별시","구로구","구로동","중국집","5"
"20180103","수","남","30대","서울특별시","구로구","궁동","중국집","5"
"20180103","수","남","30대","서울특별시","구로구","신도림동","중국집","5"
"20180103","수","남","40대","서울특별시","구로구","개봉동","중국집","33"
"20180103","수","남","50대","서울특별시","구로구","개봉동","중국집","35"
"20180103","수","남","50대","서울특별시","구로구","구로동","중국집","6"
"20180103","수","남","60대이상","서울특별시","구로구","개봉동","중국집","14"
"20180103","수","남","60대이상","서울특별시","구로구","궁동","중국집","5"
"20180103","수","여","10대","서울특별시","구로구","개봉동","중국집","6"
"20180103","수","여","20대","서울특별시","구로구","개봉동","중국집","9"
"20180103","수","여","20대","서울특별시","구로구","구로동","중국집","5"
"20180103","수","여","30대","서울특별시","구로구","개봉동","중국집","25"
"20180103","수","여","30대","서울특별시","구로구","구로동","중국집","5"
"20180103","수","여","30대","서울특별시","구로구","궁동","중국집","5"
"20180103","수","남","60대이상","서울특별시","구로구","구로동","중국집","5"
"20180103","수","여","40대","서울특별시","구로구","개봉동","중국집","43"
"20180103","수","여","40대","서울특별시","구로구","구로동","중국집","5"
"20180103","수","남","40대","서울특별시","구로구","신도림동","중국집","5"
"20180103","수","여","40대","서울특별시","구로구","궁동","중국집","5"
"20180103","수","여","50대","서울특별시","구로구","개봉동","중국집","25"
"20180103","수","여","60대이상","서울특별시","구로구","개봉동","중국집","12"
"20180103","수","남","40대","서울특별시","구로구","궁동","중국집","5"
"20180103","수","남","30대","서울특별시","구로구","개봉동","중국집","21"
"20180103","수","여","60대이상","서울특별시","구로구","구로동","중국집","5"
"20180103","수","남","10대","서울특별시","금천구","독산동","중국집","5"
"20180103","수","남","20대","서울특별시","금천구","가산동","중국집","5"
"20180103","수","남","20대","서울특별시","금천구","독산동","중국집","5"
"20180103","수","남","20대","서울특별시","금천구","시흥동","중국집","5"
"20180103","수","남","30대","서울특별시","금천구","가산동","중국집","21"
"20180103","수","남","30대","서울특별시","금천구","독산동","중국집","5"
"20180103","수","남","30대","서울특별시","금천구","시흥동","중국집","5"
"20180103","수","남","40대","서울특별시","금천구","독산동","중국집","5"
"20180103","수","남","50대","서울특별시","금천구","가산동","중국집","17"
"20180103","수","남","50대","서울특별시","금천구","독산동","중국집","5"
"20180103","수","남","60대이상","서울특별시","금천구","가산동","중국집","9"
"20180103","수","남","60대이상","서울특별시","금천구","시흥동","중국집","5"
"20180103","수","여","10대","서울특별시","금천구","시흥동","중국집","5"
"20180103","수","남","60대이상","서울특별시","금천구","독산동","중국집","6"
"20180103","수","남","40대","서울특별시","금천구","가산동","중국집","15"
"20180103","수","여","20대","서울특별시","금천구","가산동","중국집","5"
"20180103","수","여","20대","서울특별시","금천구","독산동","중국집","5"
"20180103","수","여","30대","서울특별시","금천구","가산동","중국집","8"
"20180103","수","여","30대","서울특별시","금천구","독산동","중국집","5"
"20180103","수","여","30대","서울특별시","금천구","시흥동","중국집","5"
"20180103","수","여","40대","서울특별시","금천구","가산동","중국집","19"
"20180103","수","여","40대","서울특별시","금천구","독산동","중국집","5"
"20180103","수","여","40대","서울특별시","금천구","시흥동","중국집","5"
"20180103","수","남","40대","서울특별시","금천구","시흥동","중국집","5"
"20180103","수","여","50대","서울특별시","금천구","가산동","중국집","5"
"20180103","수","여","50대","서울특별시","금천구","시흥동","중국집","5"
"20180103","수","여","60대이상","서울특별시","금천구","가산동","중국집","5"
"20180103","수","여","60대이상","서울특별시","금천구","시흥동","중국집","5"
"20180103","수","남","10대","서울특별시","노원구","상계동","중국집","16"
"20180103","수","남","10대","서울특별시","노원구","월계동","중국집","5"
"20180103","수","남","20대","서울특별시","노원구","월계동","중국집","5"
"20180103","수","남","30대","서울특별시","노원구","공릉동","중국집","5"
"20180103","수","남","30대","서울특별시","노원구","상계동","중국집","34"
"20180103","수","남","30대","서울특별시","노원구","월계동","중국집","5"
"20180103","수","남","30대","서울특별시","노원구","중계동","중국집","5"
"20180103","수","남","40대","서울특별시","노원구","상계동","중국집","40"
"20180103","수","남","40대","서울특별시","노원구","월계동","중국집","5"
"20180103","수","남","40대","서울특별시","노원구","중계동","중국집","5"
"20180103","수","남","50대","서울특별시","노원구","공릉동","중국집","5"
"20180103","수","남","50대","서울특별시","노원구","상계동","중국집","22"
"20180103","수","남","50대","서울특별시","노원구","중계동","중국집","5"
"20180103","수","남","50대","서울특별시","노원구","월계동","중국집","5"
"20180103","수","남","60대이상","서울특별시","노원구","공릉동","중국집","5"
"20180103","수","남","60대이상","서울특별시","노원구","상계동","중국집","23"
"20180103","수","남","60대이상","서울특별시","노원구","월계동","중국집","5"
"20180103","수","남","60대이상","서울특별시","노원구","중계동","중국집","5"
"20180103","수","여","10대","서울특별시","노원구","공릉동","중국집","5"
"20180103","수","여","10대","서울특별시","노원구","상계동","중국집","6"
"20180103","수","여","10대","서울특별시","노원구","중계동","중국집","5"
"20180103","수","여","20대","서울특별시","노원구","상계동","중국집","9"
"20180103","수","여","20대","서울특별시","노원구","중계동","중국집","5"
"20180103","수","여","30대","서울특별시","노원구","공릉동","중국집","5"
"20180103","수","남","20대","서울특별시","노원구","공릉동","중국집","6"
"20180103","수","여","30대","서울특별시","노원구","상계동","중국집","24"
"20180103","수","남","20대","서울특별시","노원구","상계동","중국집","27"
"20180103","수","여","30대","서울특별시","노원구","월계동","중국집","5"
"20180103","수","여","40대","서울특별시","노원구","공릉동","중국집","5"
"20180103","수","여","40대","서울특별시","노원구","상계동","중국집","71"
"20180103","수","여","30대","서울특별시","노원구","중계동","중국집","5"
"20180103","수","여","40대","서울특별시","노원구","월계동","중국집","5"
"20180103","수","여","50대","서울특별시","노원구","상계동","중국집","39"
"20180103","수","여","50대","서울특별시","노원구","중계동","중국집","5"
"20180103","수","여","60대이상","서울특별시","노원구","공릉동","중국집","5"
"20180103","수","여","60대이상","서울특별시","노원구","상계동","중국집","20"
"20180103","수","남","20대","서울특별시","노원구","중계동","중국집","5"
"20180103","수","여","60대이상","서울특별시","노원구","월계동","중국집","5"
"20180103","수","여","60대이상","서울특별시","노원구","중계동","중국집","5"
"20180103","수","남","10대","서울특별시","도봉구","쌍문동","중국집","5"
"20180103","수","남","20대","서울특별시","도봉구","방학동","중국집","5"
"20180103","수","남","20대","서울특별시","도봉구","쌍문동","중국집","5"
"20180103","수","남","30대","서울특별시","도봉구","도봉동","중국집","5"
"20180103","수","남","30대","서울특별시","도봉구","쌍문동","중국집","5"
"20180103","수","남","40대","서울특별시","도봉구","방학동","중국집","5"
"20180103","수","남","40대","서울특별시","도봉구","쌍문동","중국집","5"
"20180103","수","남","30대","서울특별시","도봉구","방학동","중국집","5"
"20180103","수","남","50대","서울특별시","도봉구","방학동","중국집","5"
"20180103","수","남","50대","서울특별시","도봉구","쌍문동","중국집","5"
"20180103","수","남","60대이상","서울특별시","도봉구","도봉동","중국집","5"
"20180103","수","남","60대이상","서울특별시","도봉구","방학동","중국집","5"
"20180103","수","남","60대이상","서울특별시","도봉구","쌍문동","중국집","5"
"20180103","수","여","10대","서울특별시","도봉구","쌍문동","중국집","5"
"20180103","수","여","30대","서울특별시","도봉구","방학동","중국집","5"
"20180103","수","여","30대","서울특별시","도봉구","쌍문동","중국집","5"
"20180103","수","여","50대","서울특별시","도봉구","방학동","중국집","5"
"20180103","수","여","40대","서울특별시","도봉구","쌍문동","중국집","5"
"20180103","수","남","10대","서울특별시","동대문구","제기동","중국집","8"
"20180103","수","남","30대","서울특별시","동대문구","장안동","중국집","42"
"20180103","수","남","30대","서울특별시","동대문구","제기동","중국집","45"
"20180103","수","남","20대","서울특별시","동대문구","장안동","중국집","21"
"20180103","수","남","40대","서울특별시","동대문구","제기동","중국집","55"
"20180103","수","남","50대","서울특별시","동대문구","전농동","중국집","5"
"20180103","수","남","60대이상","서울특별시","동대문구","답십리동","중국집","5"
"20180103","수","남","60대이상","서울특별시","동대문구","장안동","중국집","18"
"20180103","수","남","50대","서울특별시","동대문구","제기동","중국집","28"
"20180103","수","남","60대이상","서울특별시","동대문구","제기동","중국집","21"
"20180103","수","남","40대","서울특별시","동대문구","장안동","중국집","47"
"20180103","수","남","60대이상","서울특별시","동대문구","휘경동","중국집","5"
"20180103","수","여","10대","서울특별시","동대문구","장안동","중국집","5"
"20180103","수","여","20대","서울특별시","동대문구","장안동","중국집","6"
"20180103","수","남","20대","서울특별시","동대문구","제기동","중국집","30"
"20180103","수","남","50대","서울특별시","동대문구","답십리동","중국집","5"
"20180103","수","여","20대","서울특별시","동대문구","전농동","중국집","5"
"20180103","수","남","50대","서울특별시","동대문구","장안동","중국집","33"
"20180103","수","여","20대","서울특별시","동대문구","제기동","중국집","25"
"20180103","수","남","60대이상","서울특별시","동대문구","전농동","중국집","5"
"20180103","수","여","30대","서울특별시","동대문구","장안동","중국집","30"
"20180103","수","여","30대","서울특별시","동대문구","전농동","중국집","5"
"20180103","수","여","30대","서울특별시","동대문구","제기동","중국집","18"
"20180103","수","남","10대","서울특별시","동대문구","장안동","중국집","8"
"20180103","수","여","40대","서울특별시","동대문구","장안동","중국집","43"
"20180103","수","여","10대","서울특별시","동대문구","제기동","중국집","5"
"20180103","수","남","10대","서울특별시","동대문구","전농동","중국집","5"
"20180103","수","여","40대","서울특별시","동대문구","전농동","중국집","5"
"20180103","수","여","40대","서울특별시","동대문구","제기동","중국집","34"
"20180103","수","남","20대","서울특별시","동대문구","전농동","중국집","5"
"20180103","수","여","50대","서울특별시","동대문구","답십리동","중국집","5"
"20180103","수","여","50대","서울특별시","동대문구","장안동","중국집","15"
"20180103","수","남","40대","서울특별시","동대문구","답십리동","중국집","5"
"20180103","수","여","20대","서울특별시","동대문구","휘경동","중국집","5"
"20180103","수","여","50대","서울특별시","동대문구","전농동","중국집","5"
"20180103","수","여","50대","서울특별시","동대문구","제기동","중국집","21"
"20180103","수","여","60대이상","서울특별시","동대문구","답십리동","중국집","5"
"20180103","수","여","60대이상","서울특별시","동대문구","장안동","중국집","13"
"20180103","수","여","60대이상","서울특별시","동대문구","전농동","중국집","5"
"20180103","수","여","60대이상","서울특별시","동대문구","제기동","중국집","10"
"20180103","수","남","30대","서울특별시","동대문구","전농동","중국집","6"
"20180103","수","남","10대","서울특별시","동작구","대방동","중국집","5"
"20180103","수","남","20대","서울특별시","동작구","상도동","중국집","5"
"20180103","수","남","30대","서울특별시","동작구","대방동","중국집","5"
"20180103","수","남","30대","서울특별시","동작구","사당동","중국집","5"
"20180103","수","남","30대","서울특별시","동작구","흑석동","중국집","5"
"20180103","수","남","40대","서울특별시","동작구","노량진동","중국집","5"
"20180103","수","남","40대","서울특별시","동작구","대방동","중국집","5"
"20180103","수","남","40대","서울특별시","동작구","본동","중국집","5"
"20180103","수","남","40대","서울특별시","동작구","사당동","중국집","5"
"20180103","수","남","50대","서울특별시","동작구","사당동","중국집","5"
"20180103","수","남","50대","서울특별시","동작구","상도동","중국집","5"
"20180103","수","남","50대","서울특별시","동작구","신대방동","중국집","70"
"20180103","수","남","60대이상","서울특별시","동작구","사당동","중국집","5"
"20180103","수","남","10대","서울특별시","동작구","신대방동","중국집","11"
"20180103","수","남","60대이상","서울특별시","동작구","상도동","중국집","5"
"20180103","수","남","40대","서울특별시","동작구","신대방동","중국집","77"
"20180103","수","남","60대이상","서울특별시","동작구","신대방동","중국집","47"
"20180103","수","남","30대","서울특별시","동작구","상도동","중국집","5"
"20180103","수","여","20대","서울특별시","동작구","노량진동","중국집","5"
"20180103","수","여","20대","서울특별시","동작구","사당동","중국집","5"
"20180103","수","여","20대","서울특별시","동작구","신대방동","중국집","25"
"20180103","수","남","10대","서울특별시","동작구","상도동","중국집","5"
"20180103","수","여","30대","서울특별시","동작구","사당동","중국집","5"
"20180103","수","남","40대","서울특별시","동작구","상도동","중국집","5"
"20180103","수","여","10대","서울특별시","동작구","신대방동","중국집","6"
"20180103","수","여","30대","서울특별시","동작구","상도동","중국집","5"
"20180103","수","여","30대","서울특별시","동작구","신대방동","중국집","66"
"20180103","수","여","40대","서울특별시","동작구","사당동","중국집","5"
"20180103","수","여","40대","서울특별시","동작구","신대방동","중국집","94"
"20180103","수","남","20대","서울특별시","동작구","신대방동","중국집","76"
"20180103","수","남","30대","서울특별시","동작구","신대방동","중국집","103"
"20180103","수","여","50대","서울특별시","동작구","노량진동","중국집","5"
"20180103","수","남","60대이상","서울특별시","동작구","흑석동","중국집","5"
"20180103","수","남","50대","서울특별시","동작구","노량진동","중국집","5"
"20180103","수","남","20대","서울특별시","동작구","본동","중국집","6"
"20180103","수","여","50대","서울특별시","동작구","사당동","중국집","5"
"20180103","수","남","60대이상","서울특별시","동작구","본동","중국집","5"
"20180103","수","여","50대","서울특별시","동작구","신대방동","중국집","45"
"20180103","수","여","60대이상","서울특별시","동작구","노량진동","중국집","5"
"20180103","수","여","50대","서울특별시","동작구","상도동","중국집","5"
"20180103","수","여","40대","서울특별시","동작구","대방동","중국집","5"
"20180103","수","여","40대","서울특별시","동작구","상도동","중국집","5"
"20180103","수","여","20대","서울특별시","동작구","상도동","중국집","5"
"20180103","수","여","60대이상","서울특별시","동작구","대방동","중국집","5"
"20180103","수","여","60대이상","서울특별시","동작구","상도동","중국집","5"
"20180103","수","여","60대이상","서울특별시","동작구","신대방동","중국집","45"
"20180103","수","여","60대이상","서울특별시","동작구","흑석동","중국집","5"
"20180103","수","남","20대","서울특별시","마포구","공덕동","중국집","5"
"20180103","수","남","20대","서울특별시","마포구","상암동","중국집","12"
"20180103","수","남","20대","서울특별시","마포구","합정동","중국집","8"
"20180103","수","남","10대","서울특별시","마포구","신공덕동","중국집","5"
"20180103","수","남","30대","서울특별시","마포구","공덕동","중국집","5"
"20180103","수","남","30대","서울특별시","마포구","망원동","중국집","5"
"20180103","수","남","30대","서울특별시","마포구","상암동","중국집","9"
"20180103","수","남","30대","서울특별시","마포구","염리동","중국집","5"
"20180103","수","남","40대","서울특별시","마포구","공덕동","중국집","5"
"20180103","수","남","40대","서울특별시","마포구","대흥동","중국집","5"
"20180103","수","남","40대","서울특별시","마포구","마포동","중국집","5"
"20180103","수","남","10대","서울특별시","마포구","상암동","중국집","5"
"20180103","수","남","40대","서울특별시","마포구","아현동","중국집","5"
"20180103","수","남","40대","서울특별시","마포구","염리동","중국집","5"
"20180103","수","남","50대","서울특별시","마포구","상암동","중국집","16"
"20180103","수","남","50대","서울특별시","마포구","신공덕동","중국집","5"
"20180103","수","남","50대","서울특별시","마포구","염리동","중국집","5"
"20180103","수","남","50대","서울특별시","마포구","합정동","중국집","9"
"20180103","수","남","60대이상","서울특별시","마포구","상암동","중국집","7"
"20180103","수","남","20대","서울특별시","마포구","염리동","중국집","5"
"20180103","수","남","60대이상","서울특별시","마포구","합정동","중국집","6"
"20180103","수","남","20대","서울특별시","마포구","신수동","중국집","5"
"20180103","수","여","10대","서울특별시","마포구","상암동","중국집","5"
"20180103","수","남","10대","서울특별시","마포구","합정동","중국집","5"
"20180103","수","여","10대","서울특별시","마포구","합정동","중국집","5"
"20180103","수","남","30대","서울특별시","마포구","마포동","중국집","5"
"20180103","수","남","40대","서울특별시","마포구","상암동","중국집","25"
"20180103","수","여","20대","서울특별시","마포구","상암동","중국집","8"
"20180103","수","여","20대","서울특별시","마포구","서교동","중국집","5"
"20180103","수","남","50대","서울특별시","마포구","대흥동","중국집","5"
"20180103","수","여","30대","서울특별시","마포구","마포동","중국집","6"
"20180103","수","여","30대","서울특별시","마포구","상암동","중국집","13"
"20180103","수","여","30대","서울특별시","마포구","창전동","중국집","5"
"20180103","수","여","30대","서울특별시","마포구","합정동","중국집","7"
"20180103","수","여","40대","서울특별시","마포구","마포동","중국집","5"
"20180103","수","여","40대","서울특별시","마포구","상암동","중국집","29"
"20180103","수","여","40대","서울특별시","마포구","신수동","중국집","5"
"20180103","수","여","40대","서울특별시","마포구","신공덕동","중국집","5"
"20180103","수","여","40대","서울특별시","마포구","상수동","중국집","5"
"20180103","수","남","40대","서울특별시","마포구","망원동","중국집","5"
"20180103","수","여","40대","서울특별시","마포구","염리동","중국집","5"
"20180103","수","여","40대","서울특별시","마포구","창전동","중국집","5"
"20180103","수","여","40대","서울특별시","마포구","합정동","중국집","8"
"20180103","수","여","50대","서울특별시","마포구","대흥동","중국집","5"
"20180103","수","여","50대","서울특별시","마포구","상암동","중국집","8"
"20180103","수","여","50대","서울특별시","마포구","신수동","중국집","5"
"20180103","수","여","50대","서울특별시","마포구","염리동","중국집","5"
"20180103","수","여","50대","서울특별시","마포구","망원동","중국집","5"
"20180103","수","남","30대","서울특별시","마포구","합정동","중국집","16"
"20180103","수","여","50대","서울특별시","마포구","신공덕동","중국집","5"
"20180103","수","여","50대","서울특별시","마포구","합정동","중국집","5"
"20180103","수","여","60대이상","서울특별시","마포구","공덕동","중국집","5"
"20180103","수","남","60대이상","서울특별시","마포구","신공덕동","중국집","5"
"20180103","수","여","20대","서울특별시","마포구","마포동","중국집","5"
"20180103","수","남","60대이상","서울특별시","마포구","대흥동","중국집","5"
"20180103","수","남","60대이상","서울특별시","마포구","마포동","중국집","5"
"20180103","수","여","60대이상","서울특별시","마포구","대흥동","중국집","5"
"20180103","수","남","40대","서울특별시","마포구","합정동","중국집","19"
"20180103","수","여","20대","서울특별시","마포구","신공덕동","중국집","5"
"20180103","수","여","60대이상","서울특별시","마포구","마포동","중국집","5"
"20180103","수","여","20대","서울특별시","마포구","합정동","중국집","5"
"20180103","수","여","60대이상","서울특별시","마포구","상암동","중국집","8"
"20180103","수","남","30대","서울특별시","마포구","창전동","중국집","5"
"20180103","수","여","60대이상","서울특별시","마포구","신공덕동","중국집","5"
"20180103","수","여","60대이상","서울특별시","마포구","합정동","중국집","7"
"20180103","수","여","30대","서울특별시","마포구","신수동","중국집","5"
"20180103","수","남","10대","서울특별시","서대문구","창천동","중국집","5"
"20180103","수","남","10대","서울특별시","서대문구","홍은동","중국집","5"
"20180103","수","남","20대","서울특별시","서대문구","남가좌동","중국집","5"
"20180103","수","남","20대","서울특별시","서대문구","북아현동","중국집","5"
"20180103","수","남","20대","서울특별시","서대문구","창천동","중국집","11"
"20180103","수","남","20대","서울특별시","서대문구","연희동","중국집","31"
"20180103","수","남","20대","서울특별시","서대문구","충정로3가","중국집","5"
"20180103","수","남","20대","서울특별시","서대문구","홍제동","중국집","15"
"20180103","수","남","30대","서울특별시","서대문구","연희동","중국집","53"
"20180103","수","남","30대","서울특별시","서대문구","창천동","중국집","27"
"20180103","수","남","30대","서울특별시","서대문구","충정로2가","중국집","5"
"20180103","수","남","30대","서울특별시","서대문구","충정로3가","중국집","5"
"20180103","수","남","30대","서울특별시","서대문구","홍제동","중국집","29"
"20180103","수","남","40대","서울특별시","서대문구","홍제동","중국집","22"
"20180103","수","남","40대","서울특별시","서대문구","연희동","중국집","48"
"20180103","수","남","10대","서울특별시","서대문구","연희동","중국집","5"
"20180103","수","남","50대","서울특별시","서대문구","창천동","중국집","10"
"20180103","수","남","50대","서울특별시","서대문구","충정로3가","중국집","5"
"20180103","수","남","60대이상","서울특별시","서대문구","남가좌동","중국집","5"
"20180103","수","남","50대","서울특별시","서대문구","연희동","중국집","30"
"20180103","수","남","30대","서울특별시","서대문구","북아현동","중국집","5"
"20180103","수","남","60대이상","서울특별시","서대문구","창천동","중국집","9"
"20180103","수","남","60대이상","서울특별시","서대문구","연희동","중국집","17"
"20180103","수","남","40대","서울특별시","서대문구","창천동","중국집","31"
"20180103","수","여","10대","서울특별시","서대문구","연희동","중국집","5"
"20180103","수","여","10대","서울특별시","서대문구","창천동","중국집","5"
"20180103","수","남","50대","서울특별시","서대문구","남가좌동","중국집","5"
"20180103","수","여","20대","서울특별시","서대문구","창천동","중국집","10"
"20180103","수","여","10대","서울특별시","서대문구","홍제동","중국집","5"
"20180103","수","여","20대","서울특별시","서대문구","홍은동","중국집","5"
"20180103","수","여","20대","서울특별시","서대문구","홍제동","중국집","13"
"20180103","수","여","30대","서울특별시","서대문구","북가좌동","중국집","5"
"20180103","수","여","30대","서울특별시","서대문구","북아현동","중국집","5"
"20180103","수","여","30대","서울특별시","서대문구","연희동","중국집","46"
"20180103","수","남","10대","서울특별시","서대문구","홍제동","중국집","5"
"20180103","수","여","30대","서울특별시","서대문구","창천동","중국집","19"
"20180103","수","남","50대","서울특별시","서대문구","홍은동","중국집","5"
"20180103","수","여","40대","서울특별시","서대문구","연희동","중국집","48"
"20180103","수","여","40대","서울특별시","서대문구","홍제동","중국집","27"
"20180103","수","여","40대","서울특별시","서대문구","창천동","중국집","31"
"20180103","수","여","50대","서울특별시","서대문구","남가좌동","중국집","5"
"20180103","수","여","50대","서울특별시","서대문구","북아현동","중국집","5"
"20180103","수","여","40대","서울특별시","서대문구","홍은동","중국집","5"
"20180103","수","여","50대","서울특별시","서대문구","연희동","중국집","26"
"20180103","수","여","20대","서울특별시","서대문구","북가좌동","중국집","5"
"20180103","수","남","50대","서울특별시","서대문구","홍제동","중국집","18"
"20180103","수","여","20대","서울특별시","서대문구","충정로3가","중국집","5"
"20180103","수","여","50대","서울특별시","서대문구","충정로3가","중국집","5"
"20180103","수","여","50대","서울특별시","서대문구","홍은동","중국집","5"
"20180103","수","여","50대","서울특별시","서대문구","창천동","중국집","20"
"20180103","수","여","50대","서울특별시","서대문구","홍제동","중국집","11"
"20180103","수","여","60대이상","서울특별시","서대문구","남가좌동","중국집","5"
"20180103","수","여","30대","서울특별시","서대문구","홍제동","중국집","13"
"20180103","수","여","40대","서울특별시","서대문구","북가좌동","중국집","5"
"20180103","수","여","60대이상","서울특별시","서대문구","북가좌동","중국집","5"
"20180103","수","여","60대이상","서울특별시","서대문구","연희동","중국집","20"
"20180103","수","남","40대","서울특별시","서대문구","남가좌동","중국집","5"
"20180103","수","여","60대이상","서울특별시","서대문구","창천동","중국집","5"
"20180103","수","여","20대","서울특별시","서대문구","남가좌동","중국집","5"
"20180103","수","남","60대이상","서울특별시","서대문구","홍제동","중국집","10"
"20180103","수","여","60대이상","서울특별시","서대문구","홍제동","중국집","13"
"20180103","수","여","20대","서울특별시","서대문구","연희동","중국집","35"
"20180103","수","남","20대","서울특별시","서대문구","홍은동","중국집","5"
"20180103","수","남","10대","서울특별시","서초구","반포동","중국집","5"
"20180103","수","남","10대","서울특별시","서초구","방배동","중국집","8"
"20180103","수","남","10대","서울특별시","서초구","양재동","중국집","5"
"20180103","수","남","20대","서울특별시","서초구","내곡동","중국집","5"
"20180103","수","남","20대","서울특별시","서초구","반포동","중국집","7"
"20180103","수","남","20대","서울특별시","서초구","서초동","중국집","11"
"20180103","수","남","30대","서울특별시","서초구","내곡동","중국집","5"
"20180103","수","남","30대","서울특별시","서초구","방배동","중국집","53"
"20180103","수","남","30대","서울특별시","서초구","반포동","중국집","8"
"20180103","수","남","30대","서울특별시","서초구","양재동","중국집","53"
"20180103","수","남","40대","서울특별시","서초구","내곡동","중국집","5"
"20180103","수","남","40대","서울특별시","서초구","반포동","중국집","10"
"20180103","수","남","40대","서울특별시","서초구","서초동","중국집","13"
"20180103","수","남","40대","서울특별시","서초구","양재동","중국집","48"
"20180103","수","남","50대","서울특별시","서초구","반포동","중국집","18"
"20180103","수","남","50대","서울특별시","서초구","방배동","중국집","39"
"20180103","수","남","60대이상","서울특별시","서초구","반포동","중국집","10"
"20180103","수","남","60대이상","서울특별시","서초구","서초동","중국집","5"
"20180103","수","남","60대이상","서울특별시","서초구","신원동","중국집","5"
"20180103","수","남","60대이상","서울특별시","서초구","양재동","중국집","8"
"20180103","수","여","10대","서울특별시","서초구","방배동","중국집","5"
"20180103","수","여","10대","서울특별시","서초구","양재동","중국집","5"
"20180103","수","남","50대","서울특별시","서초구","양재동","중국집","23"
"20180103","수","여","20대","서울특별시","서초구","반포동","중국집","5"
"20180103","수","남","30대","서울특별시","서초구","서초동","중국집","6"
"20180103","수","남","60대이상","서울특별시","서초구","방배동","중국집","35"
"20180103","수","여","20대","서울특별시","서초구","서초동","중국집","5"
"20180103","수","남","40대","서울특별시","서초구","방배동","중국집","60"
"20180103","수","남","10대","서울특별시","서초구","서초동","중국집","5"
"20180103","수","여","20대","서울특별시","서초구","양재동","중국집","5"
"20180103","수","여","30대","서울특별시","서초구","내곡동","중국집","5"
"20180103","수","여","30대","서울특별시","서초구","반포동","중국집","9"
"20180103","수","여","30대","서울특별시","서초구","방배동","중국집","37"
"20180103","수","여","30대","서울특별시","서초구","서초동","중국집","5"
"20180103","수","여","20대","서울특별시","서초구","방배동","중국집","16"
"20180103","수","남","60대이상","서울특별시","서초구","내곡동","중국집","5"
"20180103","수","여","40대","서울특별시","서초구","방배동","중국집","78"
"20180103","수","여","40대","서울특별시","서초구","서초동","중국집","11"
"20180103","수","남","20대","서울특별시","서초구","방배동","중국집","42"
"20180103","수","남","50대","서울특별시","서초구","서초동","중국집","9"
"20180103","수","여","40대","서울특별시","서초구","양재동","중국집","31"
"20180103","수","여","50대","서울특별시","서초구","내곡동","중국집","5"
"20180103","수","여","50대","서울특별시","서초구","반포동","중국집","19"
"20180103","수","여","30대","서울특별시","서초구","양재동","중국집","25"
"20180103","수","여","50대","서울특별시","서초구","방배동","중국집","28"
"20180103","수","여","50대","서울특별시","서초구","서초동","중국집","7"
"20180103","수","여","60대이상","서울특별시","서초구","반포동","중국집","6"
"20180103","수","여","60대이상","서울특별시","서초구","방배동","중국집","28"
"20180103","수","여","40대","서울특별시","서초구","반포동","중국집","31"
"20180103","수","여","60대이상","서울특별시","서초구","서초동","중국집","5"
"20180103","수","여","60대이상","서울특별시","서초구","양재동","중국집","12"
"20180103","수","여","50대","서울특별시","서초구","양재동","중국집","27"
"20180103","수","남","20대","서울특별시","서초구","양재동","중국집","27"
"20180103","수","남","10대","서울특별시","성동구","성수동2가","중국집","5"
"20180103","수","남","10대","서울특별시","성동구","옥수동","중국집","5"
"20180103","수","남","20대","서울특별시","성동구","성수동2가","중국집","54"
"20180103","수","남","20대","서울특별시","성동구","옥수동","중국집","19"
"20180103","수","남","30대","서울특별시","성동구","성수동2가","중국집","64"
"20180103","수","남","30대","서울특별시","성동구","옥수동","중국집","27"
"20180103","수","남","60대이상","서울특별시","성동구","성수동2가","중국집","38"
"20180103","수","남","40대","서울특별시","성동구","성수동2가","중국집","86"
"20180103","수","남","60대이상","서울특별시","성동구","옥수동","중국집","13"
"20180103","수","여","20대","서울특별시","성동구","옥수동","중국집","5"
"20180103","수","여","30대","서울특별시","성동구","성수동2가","중국집","45"
"20180103","수","남","50대","서울특별시","성동구","성수동2가","중국집","62"
"20180103","수","여","40대","서울특별시","성동구","성수동1가","중국집","5"
"20180103","수","여","20대","서울특별시","성동구","성수동2가","중국집","21"
"20180103","수","여","30대","서울특별시","성동구","옥수동","중국집","12"
"20180103","수","여","40대","서울특별시","성동구","성수동2가","중국집","70"
"20180103","수","여","40대","서울특별시","성동구","옥수동","중국집","14"
"20180103","수","남","40대","서울특별시","성동구","옥수동","중국집","27"
"20180103","수","남","50대","서울특별시","성동구","옥수동","중국집","23"
"20180103","수","여","50대","서울특별시","성동구","성수동2가","중국집","33"
"20180103","수","여","50대","서울특별시","성동구","옥수동","중국집","12"
"20180103","수","여","60대이상","서울특별시","성동구","성수동2가","중국집","21"
"20180103","수","여","60대이상","서울특별시","성동구","옥수동","중국집","6"
"20180103","수","여","10대","서울특별시","성동구","성수동2가","중국집","6"
"20180103","수","남","20대","서울특별시","성북구","종암동","중국집","5"
"20180103","수","남","20대","서울특별시","성북구","동선동2가","중국집","23"
"20180103","수","남","30대","서울특별시","성북구","동선동2가","중국집","45"
"20180103","수","남","30대","서울특별시","성북구","삼선동5가","중국집","5"
"20180103","수","남","30대","서울특별시","성북구","정릉동","중국집","5"
"20180103","수","남","40대","서울특별시","성북구","동선동2가","중국집","39"
"20180103","수","남","40대","서울특별시","성북구","삼선동5가","중국집","5"
"20180103","수","남","40대","서울특별시","성북구","정릉동","중국집","5"
"20180103","수","남","40대","서울특별시","성북구","종암동","중국집","5"
"20180103","수","남","40대","서울특별시","성북구","하월곡동","중국집","5"
"20180103","수","남","50대","서울특별시","성북구","동선동2가","중국집","32"
"20180103","수","남","50대","서울특별시","성북구","정릉동","중국집","5"
"20180103","수","남","60대이상","서울특별시","성북구","동선동2가","중국집","25"
"20180103","수","남","60대이상","서울특별시","성북구","상월곡동","중국집","5"
"20180103","수","남","30대","서울특별시","성북구","길음동","중국집","5"
"20180103","수","남","60대이상","서울특별시","성북구","정릉동","중국집","5"
"20180103","수","남","60대이상","서울특별시","성북구","하월곡동","중국집","5"
"20180103","수","여","10대","서울특별시","성북구","동선동2가","중국집","5"
"20180103","수","여","20대","서울특별시","성북구","동선동2가","중국집","8"
"20180103","수","여","20대","서울특별시","성북구","동선동3가","중국집","5"
"20180103","수","여","20대","서울특별시","성북구","정릉동","중국집","5"
"20180103","수","남","10대","서울특별시","성북구","동선동2가","중국집","7"
"20180103","수","남","10대","서울특별시","성북구","하월곡동","중국집","5"
"20180103","수","여","30대","서울특별시","성북구","동선동2가","중국집","28"
"20180103","수","여","30대","서울특별시","성북구","삼선동5가","중국집","5"
"20180103","수","여","30대","서울특별시","성북구","종암동","중국집","5"
"20180103","수","여","40대","서울특별시","성북구","동선동2가","중국집","54"
"20180103","수","여","40대","서울특별시","성북구","삼선동5가","중국집","5"
"20180103","수","남","20대","서울특별시","성북구","삼선동5가","중국집","5"
"20180103","수","여","40대","서울특별시","성북구","성북동","중국집","5"
"20180103","수","여","40대","서울특별시","성북구","종암동","중국집","5"
"20180103","수","여","40대","서울특별시","성북구","하월곡동","중국집","5"
"20180103","수","남","40대","서울특별시","성북구","성북동","중국집","5"
"20180103","수","여","50대","서울특별시","성북구","동선동2가","중국집","33"
"20180103","수","여","30대","서울특별시","성북구","하월곡동","중국집","5"
"20180103","수","남","30대","서울특별시","성북구","종암동","중국집","5"
"20180103","수","여","20대","서울특별시","성북구","하월곡동","중국집","5"
"20180103","수","여","50대","서울특별시","성북구","정릉동","중국집","5"
"20180103","수","여","50대","서울특별시","성북구","종암동","중국집","5"
"20180103","수","여","60대이상","서울특별시","성북구","동선동2가","중국집","21"
"20180103","수","남","60대이상","서울특별시","성북구","삼선동5가","중국집","5"
"20180103","수","여","20대","서울특별시","성북구","삼선동5가","중국집","5"
"20180103","수","여","60대이상","서울특별시","성북구","정릉동","중국집","5"
"20180103","수","남","50대","서울특별시","성북구","길음동","중국집","5"
"20180103","수","여","60대이상","서울특별시","성북구","성북동","중국집","5"
"20180103","수","여","60대이상","서울특별시","성북구","종암동","중국집","5"
"20180103","수","여","30대","서울특별시","성북구","길음동","중국집","5"
"20180103","수","여","60대이상","서울특별시","성북구","하월곡동","중국집","5"
"20180103","수","여","40대","서울특별시","성북구","정릉동","중국집","5"
"20180103","수","남","10대","서울특별시","성북구","정릉동","중국집","5"
"20180103","수","남","10대","서울특별시","송파구","송파동","중국집","14"
"20180103","수","남","10대","서울특별시","송파구","풍납동","중국집","5"
"20180103","수","남","30대","서울특별시","송파구","가락동","중국집","12"
"20180103","수","남","30대","서울특별시","송파구","송파동","중국집","79"
"20180103","수","남","10대","서울특별시","송파구","가락동","중국집","5"
"20180103","수","남","40대","서울특별시","송파구","마천동","중국집","5"
"20180103","수","남","40대","서울특별시","송파구","송파동","중국집","79"
"20180103","수","남","50대","서울특별시","송파구","풍납동","중국집","5"
"20180103","수","남","60대이상","서울특별시","송파구","가락동","중국집","5"
"20180103","수","남","60대이상","서울특별시","송파구","마천동","중국집","5"
"20180103","수","남","60대이상","서울특별시","송파구","송파동","중국집","29"
"20180103","수","남","20대","서울특별시","송파구","가락동","중국집","6"
"20180103","수","남","20대","서울특별시","송파구","송파동","중국집","28"
"20180103","수","여","10대","서울특별시","송파구","가락동","중국집","5"
"20180103","수","남","60대이상","서울특별시","송파구","풍납동","중국집","5"
"20180103","수","여","10대","서울특별시","송파구","송파동","중국집","8"
"20180103","수","여","20대","서울특별시","송파구","송파동","중국집","26"
"20180103","수","여","30대","서울특별시","송파구","가락동","중국집","7"
"20180103","수","여","30대","서울특별시","송파구","송파동","중국집","55"
"20180103","수","여","40대","서울특별시","송파구","가락동","중국집","15"
"20180103","수","여","40대","서울특별시","송파구","마천동","중국집","5"
"20180103","수","여","40대","서울특별시","송파구","송파동","중국집","72"
"20180103","수","여","40대","서울특별시","송파구","신천동","중국집","5"
"20180103","수","여","10대","서울특별시","송파구","마천동","중국집","5"
"20180103","수","여","40대","서울특별시","송파구","잠실동","중국집","5"
"20180103","수","여","40대","서울특별시","송파구","풍납동","중국집","5"
"20180103","수","남","40대","서울특별시","송파구","가락동","중국집","12"
"20180103","수","여","50대","서울특별시","송파구","가락동","중국집","8"
"20180103","수","남","50대","서울특별시","송파구","송파동","중국집","49"
"20180103","수","여","50대","서울특별시","송파구","마천동","중국집","5"
"20180103","수","여","50대","서울특별시","송파구","송파동","중국집","39"
"20180103","수","여","60대이상","서울특별시","송파구","송파동","중국집","28"
"20180103","수","남","50대","서울특별시","송파구","가락동","중국집","6"
"20180103","수","여","60대이상","서울특별시","송파구","풍납동","중국집","5"
"20180103","수","남","10대","서울특별시","양천구","신월동","중국집","5"
"20180103","수","남","20대","서울특별시","양천구","목동","중국집","5"
"20180103","수","남","30대","서울특별시","양천구","신월동","중국집","5"
"20180103","수","남","30대","서울특별시","양천구","신정동","중국집","10"
"20180103","수","남","40대","서울특별시","양천구","신월동","중국집","5"
"20180103","수","남","40대","서울특별시","양천구","신정동","중국집","14"
"20180103","수","남","30대","서울특별시","양천구","목동","중국집","5"
"20180103","수","남","50대","서울특별시","양천구","신월동","중국집","6"
"20180103","수","남","60대이상","서울특별시","양천구","신월동","중국집","5"
"20180103","수","남","50대","서울특별시","양천구","신정동","중국집","7"
"20180103","수","남","60대이상","서울특별시","양천구","신정동","중국집","6"
"20180103","수","남","20대","서울특별시","양천구","신월동","중국집","5"
"20180103","수","여","10대","서울특별시","양천구","신정동","중국집","5"
"20180103","수","여","20대","서울특별시","양천구","목동","중국집","5"
"20180103","수","여","20대","서울특별시","양천구","신정동","중국집","5"
"20180103","수","여","30대","서울특별시","양천구","신월동","중국집","5"
"20180103","수","여","30대","서울특별시","양천구","신정동","중국집","8"
"20180103","수","여","40대","서울특별시","양천구","목동","중국집","5"
"20180103","수","여","40대","서울특별시","양천구","신월동","중국집","5"
"20180103","수","남","20대","서울특별시","양천구","신정동","중국집","6"
"20180103","수","여","10대","서울특별시","양천구","목동","중국집","5"
"20180103","수","여","40대","서울특별시","양천구","신정동","중국집","19"
"20180103","수","여","50대","서울특별시","양천구","신월동","중국집","5"
"20180103","수","여","50대","서울특별시","양천구","신정동","중국집","15"
"20180103","수","여","60대이상","서울특별시","양천구","목동","중국집","5"
"20180103","수","여","60대이상","서울특별시","양천구","신월동","중국집","5"
"20180103","수","여","60대이상","서울특별시","양천구","신정동","중국집","5"
"20180103","수","남","10대","서울특별시","영등포구","대림동","중국집","5"
"20180103","수","남","10대","서울특별시","영등포구","여의도동","중국집","5"
"20180103","수","남","20대","서울특별시","영등포구","문래동3가","중국집","14"
"20180103","수","남","20대","서울특별시","영등포구","신길동","중국집","5"
"20180103","수","남","20대","서울특별시","영등포구","영등포동1가","중국집","5"
"20180103","수","남","30대","서울특별시","영등포구","대림동","중국집","5"
"20180103","수","남","30대","서울특별시","영등포구","문래동3가","중국집","16"
"20180103","수","남","20대","서울특별시","영등포구","여의도동","중국집","8"
"20180103","수","남","30대","서울특별시","영등포구","영등포동1가","중국집","5"
"20180103","수","남","40대","서울특별시","영등포구","문래동2가","중국집","14"
"20180103","수","남","40대","서울특별시","영등포구","문래동3가","중국집","29"
"20180103","수","남","40대","서울특별시","영등포구","여의도동","중국집","33"
"20180103","수","남","50대","서울특별시","영등포구","문래동2가","중국집","10"
"20180103","수","남","50대","서울특별시","영등포구","영등포동1가","중국집","5"
"20180103","수","남","10대","서울특별시","영등포구","문래동2가","중국집","5"
"20180103","수","남","60대이상","서울특별시","영등포구","문래동2가","중국집","9"
"20180103","수","남","60대이상","서울특별시","영등포구","문래동3가","중국집","9"
"20180103","수","남","30대","서울특별시","영등포구","당산동6가","중국집","5"
"20180103","수","남","10대","서울특별시","영등포구","문래동3가","중국집","5"
"20180103","수","남","60대이상","서울특별시","영등포구","영등포동1가","중국집","5"
"20180103","수","남","60대이상","서울특별시","영등포구","대림동","중국집","5"
"20180103","수","여","10대","서울특별시","영등포구","대림동","중국집","5"
"20180103","수","여","10대","서울특별시","영등포구","문래동3가","중국집","5"
"20180103","수","여","10대","서울특별시","영등포구","영등포동7가","중국집","5"
"20180103","수","여","20대","서울특별시","영등포구","당산동6가","중국집","5"
"20180103","수","남","40대","서울특별시","영등포구","대림동","중국집","5"
"20180103","수","남","50대","서울특별시","영등포구","신길동","중국집","5"
"20180103","수","남","60대이상","서울특별시","영등포구","여의도동","중국집","5"
"20180103","수","여","20대","서울특별시","영등포구","문래동2가","중국집","5"
"20180103","수","남","40대","서울특별시","영등포구","영등포동1가","중국집","5"
"20180103","수","남","20대","서울특별시","영등포구","대림동","중국집","5"
"20180103","수","여","20대","서울특별시","영등포구","문래동3가","중국집","5"
"20180103","수","여","20대","서울특별시","영등포구","여의도동","중국집","6"
"20180103","수","여","30대","서울특별시","영등포구","문래동2가","중국집","15"
"20180103","수","여","30대","서울특별시","영등포구","여의도동","중국집","16"
"20180103","수","남","50대","서울특별시","영등포구","여의도동","중국집","19"
"20180103","수","여","30대","서울특별시","영등포구","문래동3가","중국집","12"
"20180103","수","남","20대","서울특별시","영등포구","문래동2가","중국집","12"
"20180103","수","여","40대","서울특별시","영등포구","문래동2가","중국집","7"
"20180103","수","남","50대","서울특별시","영등포구","대림동","중국집","5"
"20180103","수","여","40대","서울특별시","영등포구","문래동3가","중국집","24"
"20180103","수","여","40대","서울특별시","영등포구","여의도동","중국집","16"
"20180103","수","여","40대","서울특별시","영등포구","영등포동1가","중국집","5"
"20180103","수","여","50대","서울특별시","영등포구","대림동","중국집","5"
"20180103","수","남","30대","서울특별시","영등포구","여의도동","중국집","22"
"20180103","수","남","30대","서울특별시","영등포구","신길동","중국집","5"
"20180103","수","여","40대","서울특별시","영등포구","신길동","중국집","5"
"20180103","수","여","50대","서울특별시","영등포구","문래동2가","중국집","6"
"20180103","수","여","50대","서울특별시","영등포구","문래동3가","중국집","7"
"20180103","수","남","30대","서울특별시","영등포구","문래동2가","중국집","22"
"20180103","수","여","20대","서울특별시","영등포구","영등포동1가","중국집","5"
"20180103","수","여","50대","서울특별시","영등포구","여의도동","중국집","7"
"20180103","수","여","50대","서울특별시","영등포구","영등포동1가","중국집","5"
"20180103","수","여","50대","서울특별시","영등포구","영등포동7가","중국집","5"
"20180103","수","여","60대이상","서울특별시","영등포구","문래동3가","중국집","5"
"20180103","수","여","60대이상","서울특별시","영등포구","문래동2가","중국집","8"
"20180103","수","여","30대","서울특별시","영등포구","영등포동1가","중국집","5"
"20180103","수","남","30대","서울특별시","영등포구","영등포동7가","중국집","5"
"20180103","수","남","40대","서울특별시","영등포구","신길동","중국집","5"
"20180103","수","남","50대","서울특별시","영등포구","문래동3가","중국집","33"
"20180103","수","여","60대이상","서울특별시","영등포구","여의도동","중국집","6"
"20180103","수","여","60대이상","서울특별시","영등포구","영등포동1가","중국집","5"
"20180103","수","남","10대","서울특별시","용산구","이태원동","중국집","5"
"20180103","수","남","20대","서울특별시","용산구","도원동","중국집","5"
"20180103","수","남","20대","서울특별시","용산구","한강로3가","중국집","7"
"20180103","수","남","20대","서울특별시","용산구","한남동","중국집","5"
"20180103","수","남","20대","서울특별시","용산구","후암동","중국집","9"
"20180103","수","남","30대","서울특별시","용산구","동자동","중국집","5"
"20180103","수","남","30대","서울특별시","용산구","보광동","중국집","5"
"20180103","수","남","30대","서울특별시","용산구","원효로4가","중국집","5"
"20180103","수","남","30대","서울특별시","용산구","이촌동","중국집","5"
"20180103","수","남","40대","서울특별시","용산구","동자동","중국집","5"
"20180103","수","남","40대","서울특별시","용산구","한강로3가","중국집","48"
"20180103","수","남","40대","서울특별시","용산구","후암동","중국집","55"
"20180103","수","남","50대","서울특별시","용산구","보광동","중국집","5"
"20180103","수","남","50대","서울특별시","용산구","신계동","중국집","5"
"20180103","수","남","50대","서울특별시","용산구","원효로4가","중국집","6"
"20180103","수","남","20대","서울특별시","용산구","보광동","중국집","7"
"20180103","수","남","20대","서울특별시","용산구","이촌동","중국집","5"
"20180103","수","남","50대","서울특별시","용산구","이촌동","중국집","5"
"20180103","수","남","20대","서울특별시","용산구","동자동","중국집","5"
"20180103","수","남","50대","서울특별시","용산구","한강로3가","중국집","33"
"20180103","수","남","50대","서울특별시","용산구","후암동","중국집","31"
"20180103","수","남","30대","서울특별시","용산구","도원동","중국집","5"
"20180103","수","남","60대이상","서울특별시","용산구","한강로3가","중국집","10"
"20180103","수","여","10대","서울특별시","용산구","보광동","중국집","5"
"20180103","수","여","10대","서울특별시","용산구","후암동","중국집","5"
"20180103","수","여","20대","서울특별시","용산구","도원동","중국집","5"
"20180103","수","여","20대","서울특별시","용산구","이촌동","중국집","5"
"20180103","수","남","20대","서울특별시","용산구","이태원동","중국집","5"
"20180103","수","남","30대","서울특별시","용산구","이태원동","중국집","5"
"20180103","수","여","20대","서울특별시","용산구","이태원동","중국집","5"
"20180103","수","여","20대","서울특별시","용산구","한강로3가","중국집","10"
"20180103","수","남","40대","서울특별시","용산구","이촌동","중국집","5"
"20180103","수","여","20대","서울특별시","용산구","후암동","중국집","6"
"20180103","수","여","30대","서울특별시","용산구","갈월동","중국집","5"
"20180103","수","여","20대","서울특별시","용산구","원효로4가","중국집","5"
"20180103","수","여","30대","서울특별시","용산구","동자동","중국집","5"
"20180103","수","여","30대","서울특별시","용산구","신계동","중국집","5"
"20180103","수","남","50대","서울특별시","용산구","동자동","중국집","5"
"20180103","수","여","30대","서울특별시","용산구","이촌동","중국집","5"
"20180103","수","여","30대","서울특별시","용산구","이태원동","중국집","5"
"20180103","수","여","40대","서울특별시","용산구","동자동","중국집","5"
"20180103","수","여","40대","서울특별시","용산구","보광동","중국집","5"
"20180103","수","여","40대","서울특별시","용산구","이촌동","중국집","5"
"20180103","수","여","40대","서울특별시","용산구","한남동","중국집","5"
"20180103","수","여","50대","서울특별시","용산구","도원동","중국집","5"
"20180103","수","남","40대","서울특별시","용산구","신계동","중국집","5"
"20180103","수","여","50대","서울특별시","용산구","동자동","중국집","5"
"20180103","수","여","50대","서울특별시","용산구","보광동","중국집","5"
"20180103","수","남","10대","서울특별시","용산구","한강로3가","중국집","6"
"20180103","수","남","30대","서울특별시","용산구","한강로3가","중국집","24"
"20180103","수","여","50대","서울특별시","용산구","신계동","중국집","5"
"20180103","수","여","50대","서울특별시","용산구","원효로4가","중국집","5"
"20180103","수","남","20대","서울특별시","용산구","신계동","중국집","5"
"20180103","수","여","50대","서울특별시","용산구","이태원동","중국집","5"
"20180103","수","남","60대이상","서울특별시","용산구","후암동","중국집","11"
"20180103","수","남","50대","서울특별시","용산구","한강로1가","중국집","5"
"20180103","수","여","50대","서울특별시","용산구","한강로3가","중국집","14"
"20180103","수","여","20대","서울특별시","용산구","갈월동","중국집","5"
"20180103","수","남","60대이상","서울특별시","용산구","이태원동","중국집","5"
"20180103","수","남","10대","서울특별시","용산구","보광동","중국집","5"
"20180103","수","여","30대","서울특별시","용산구","도원동","중국집","5"
"20180103","수","남","60대이상","서울특별시","용산구","신계동","중국집","5"
"20180103","수","여","40대","서울특별시","용산구","후암동","중국집","16"
"20180103","수","여","50대","서울특별시","용산구","한남동","중국집","5"
"20180103","수","여","40대","서울특별시","용산구","원효로4가","중국집","5"
"20180103","수","남","60대이상","서울특별시","용산구","이촌동","중국집","5"
"20180103","수","여","30대","서울특별시","용산구","한강로3가","중국집","19"
"20180103","수","여","50대","서울특별시","용산구","후암동","중국집","18"
"20180103","수","여","30대","서울특별시","용산구","보광동","중국집","7"
"20180103","수","여","50대","서울특별시","용산구","이촌동","중국집","5"
"20180103","수","남","30대","서울특별시","용산구","후암동","중국집","35"
"20180103","수","여","60대이상","서울특별시","용산구","도원동","중국집","5"
"20180103","수","여","60대이상","서울특별시","용산구","동자동","중국집","5"
"20180103","수","남","60대이상","서울특별시","용산구","한남동","중국집","5"
"20180103","수","남","10대","서울특별시","용산구","후암동","중국집","5"
"20180103","수","여","60대이상","서울특별시","용산구","신계동","중국집","5"
"20180103","수","여","40대","서울특별시","용산구","한강로3가","중국집","24"
"20180103","수","여","60대이상","서울특별시","용산구","보광동","중국집","5"
"20180103","수","남","50대","서울특별시","용산구","도원동","중국집","5"
"20180103","수","여","60대이상","서울특별시","용산구","원효로4가","중국집","5"
"20180103","수","여","40대","서울특별시","용산구","도원동","중국집","5"
"20180103","수","여","60대이상","서울특별시","용산구","한강로3가","중국집","14"
"20180103","수","여","60대이상","서울특별시","용산구","후암동","중국집","17"
"20180103","수","여","30대","서울특별시","용산구","후암동","중국집","16"
"20180103","수","남","40대","서울특별시","용산구","한남동","중국집","5"
"20180103","수","남","40대","서울특별시","용산구","보광동","중국집","6"
"20180103","수","남","30대","서울특별시","용산구","한남동","중국집","5"
"20180103","수","남","10대","서울특별시","은평구","구산동","중국집","5"
"20180103","수","남","20대","서울특별시","은평구","구산동","중국집","5"
"20180103","수","남","20대","서울특별시","은평구","불광동","중국집","10"
"20180103","수","남","20대","서울특별시","은평구","증산동","중국집","5"
"20180103","수","남","30대","서울특별시","은평구","불광동","중국집","41"
"20180103","수","남","30대","서울특별시","은평구","증산동","중국집","6"
"20180103","수","남","40대","서울특별시","은평구","불광동","중국집","45"
"20180103","수","남","40대","서울특별시","은평구","증산동","중국집","5"
"20180103","수","남","50대","서울특별시","은평구","구산동","중국집","5"
"20180103","수","남","50대","서울특별시","은평구","불광동","중국집","27"
"20180103","수","남","60대이상","서울특별시","은평구","불광동","중국집","17"
"20180103","수","여","10대","서울특별시","은평구","불광동","중국집","5"
"20180103","수","여","20대","서울특별시","은평구","불광동","중국집","9"
"20180103","수","여","20대","서울특별시","은평구","증산동","중국집","5"
"20180103","수","여","30대","서울특별시","은평구","증산동","중국집","5"
"20180103","수","남","10대","서울특별시","은평구","불광동","중국집","11"
"20180103","수","여","40대","서울특별시","은평구","구산동","중국집","5"
"20180103","수","여","40대","서울특별시","은평구","대조동","중국집","5"
"20180103","수","남","20대","서울특별시","은평구","수색동","중국집","5"
"20180103","수","여","40대","서울특별시","은평구","증산동","중국집","5"
"20180103","수","여","40대","서울특별시","은평구","불광동","중국집","41"
"20180103","수","여","50대","서울특별시","은평구","구산동","중국집","5"
"20180103","수","여","50대","서울특별시","은평구","불광동","중국집","32"
"20180103","수","여","30대","서울특별시","은평구","불광동","중국집","28"
"20180103","수","여","50대","서울특별시","은평구","수색동","중국집","5"
"20180103","수","여","50대","서울특별시","은평구","증산동","중국집","5"
"20180103","수","여","60대이상","서울특별시","은평구","불광동","중국집","10"
"20180103","수","남","20대","서울특별시","종로구","경운동","중국집","5"
"20180103","수","남","20대","서울특별시","종로구","관수동","중국집","5"
"20180103","수","남","20대","서울특별시","종로구","낙원동","중국집","5"
"20180103","수","남","20대","서울특별시","종로구","동숭동","중국집","5"
"20180103","수","남","20대","서울특별시","종로구","명륜1가","중국집","5"
"20180103","수","남","20대","서울특별시","종로구","원서동","중국집","5"
"20180103","수","남","20대","서울특별시","종로구","창성동","중국집","5"
"20180103","수","남","30대","서울특별시","종로구","관수동","중국집","5"
"20180103","수","남","20대","서울특별시","종로구","교남동","중국집","5"
"20180103","수","남","30대","서울특별시","종로구","교남동","중국집","5"
"20180103","수","남","30대","서울특별시","종로구","낙원동","중국집","5"
"20180103","수","남","30대","서울특별시","종로구","동숭동","중국집","5"
"20180103","수","남","30대","서울특별시","종로구","종로3가","중국집","5"
"20180103","수","남","40대","서울특별시","종로구","관수동","중국집","5"
"20180103","수","남","40대","서울특별시","종로구","낙원동","중국집","5"
"20180103","수","남","40대","서울특별시","종로구","동숭동","중국집","5"
"20180103","수","남","20대","서울특별시","종로구","창신동","중국집","5"
"20180103","수","남","20대","서울특별시","종로구","평창동","중국집","5"
"20180103","수","남","40대","서울특별시","종로구","신문로2가","중국집","5"
"20180103","수","남","50대","서울특별시","종로구","관수동","중국집","5"
"20180103","수","남","50대","서울특별시","종로구","평창동","중국집","5"
"20180103","수","남","60대이상","서울특별시","종로구","낙원동","중국집","5"
"20180103","수","남","60대이상","서울특별시","종로구","명륜1가","중국집","5"
"20180103","수","남","30대","서울특별시","종로구","신문로2가","중국집","5"
"20180103","수","남","10대","서울특별시","종로구","옥인동","중국집","5"
"20180103","수","남","60대이상","서울특별시","종로구","숭인동","중국집","5"
"20180103","수","남","10대","서울특별시","종로구","교남동","중국집","5"
"20180103","수","남","60대이상","서울특별시","종로구","평창동","중국집","5"
"20180103","수","여","20대","서울특별시","종로구","관수동","중국집","5"
"20180103","수","남","60대이상","서울특별시","종로구","교남동","중국집","5"
"20180103","수","여","20대","서울특별시","종로구","동숭동","중국집","5"
"20180103","수","남","50대","서울특별시","종로구","낙원동","중국집","5"
"20180103","수","여","20대","서울특별시","종로구","원서동","중국집","5"
"20180103","수","여","20대","서울특별시","종로구","평창동","중국집","5"
"20180103","수","여","30대","서울특별시","종로구","경운동","중국집","5"
"20180103","수","여","30대","서울특별시","종로구","관수동","중국집","5"
"20180103","수","남","60대이상","서울특별시","종로구","원서동","중국집","5"
"20180103","수","여","30대","서울특별시","종로구","동숭동","중국집","5"
"20180103","수","여","30대","서울특별시","종로구","서린동","중국집","5"
"20180103","수","여","30대","서울특별시","종로구","숭인동","중국집","5"
"20180103","수","남","40대","서울특별시","종로구","평창동","중국집","5"
"20180103","수","여","30대","서울특별시","종로구","신문로2가","중국집","5"
"20180103","수","여","30대","서울특별시","종로구","창성동","중국집","8"
"20180103","수","남","40대","서울특별시","종로구","숭인동","중국집","5"
"20180103","수","남","40대","서울특별시","종로구","창성동","중국집","5"
"20180103","수","남","60대이상","서울특별시","종로구","관수동","중국집","5"
"20180103","수","남","50대","서울특별시","종로구","신문로2가","중국집","5"
"20180103","수","여","30대","서울특별시","종로구","평창동","중국집","5"
"20180103","수","여","20대","서울특별시","종로구","창성동","중국집","5"
"20180103","수","여","40대","서울특별시","종로구","관수동","중국집","5"
"20180103","수","여","40대","서울특별시","종로구","교남동","중국집","5"
"20180103","수","여","40대","서울특별시","종로구","동숭동","중국집","5"
"20180103","수","여","40대","서울특별시","종로구","숭인동","중국집","5"
"20180103","수","남","30대","서울특별시","종로구","종로6가","중국집","5"
"20180103","수","여","40대","서울특별시","종로구","신문로2가","중국집","5"
"20180103","수","남","50대","서울특별시","종로구","명륜1가","중국집","5"
"20180103","수","여","40대","서울특별시","종로구","안국동","중국집","5"
"20180103","수","남","40대","서울특별시","종로구","교남동","중국집","5"
"20180103","수","여","40대","서울특별시","종로구","원서동","중국집","5"
"20180103","수","남","60대이상","서울특별시","종로구","종로6가","중국집","5"
"20180103","수","여","30대","서울특별시","종로구","원서동","중국집","5"
"20180103","수","여","40대","서울특별시","종로구","창성동","중국집","8"
"20180103","수","여","40대","서울특별시","종로구","창신동","중국집","5"
"20180103","수","남","30대","서울특별시","종로구","경운동","중국집","5"
"20180103","수","남","40대","서울특별시","종로구","원서동","중국집","5"
"20180103","수","여","40대","서울특별시","종로구","평창동","중국집","5"
"20180103","수","남","60대이상","서울특별시","종로구","창성동","중국집","5"
"20180103","수","남","10대","서울특별시","종로구","명륜1가","중국집","5"
"20180103","수","여","50대","서울특별시","종로구","교남동","중국집","5"
"20180103","수","여","50대","서울특별시","종로구","숭인동","중국집","5"
"20180103","수","여","50대","서울특별시","종로구","평창동","중국집","5"
"20180103","수","남","30대","서울특별시","종로구","창성동","중국집","5"
"20180103","수","여","60대이상","서울특별시","종로구","경운동","중국집","5"
"20180103","수","여","60대이상","서울특별시","종로구","낙원동","중국집","5"
"20180103","수","남","30대","서울특별시","종로구","안국동","중국집","5"
"20180103","수","남","50대","서울특별시","종로구","경운동","중국집","5"
"20180103","수","남","30대","서울특별시","종로구","평창동","중국집","5"
"20180103","수","여","20대","서울특별시","종로구","청진동","중국집","5"
"20180103","수","여","60대이상","서울특별시","종로구","동숭동","중국집","5"
"20180103","수","남","20대","서울특별시","종로구","신문로2가","중국집","5"
"20180103","수","여","20대","서울특별시","종로구","교남동","중국집","5"
"20180103","수","여","60대이상","서울특별시","종로구","평창동","중국집","5"
"20180103","수","여","50대","서울특별시","종로구","관수동","중국집","5"
"20180103","수","여","60대이상","서울특별시","종로구","창성동","중국집","5"
"20180103","수","남","50대","서울특별시","종로구","동숭동","중국집","5"
"20180103","수","남","10대","서울특별시","중구","수하동","중국집","9"
"20180103","수","남","10대","서울특별시","중구","을지로6가","중국집","5"
"20180103","수","남","20대","서울특별시","중구","신당동","중국집","38"
"20180103","수","남","20대","서울특별시","중구","충무로1가","중국집","5"
"20180103","수","남","20대","서울특별시","중구","필동2가","중국집","5"
"20180103","수","남","30대","서울특별시","중구","명동1가","중국집","5"
"20180103","수","남","30대","서울특별시","중구","수하동","중국집","70"
"20180103","수","남","30대","서울특별시","중구","을지로6가","중국집","7"
"20180103","수","남","30대","서울특별시","중구","충무로1가","중국집","5"
"20180103","수","남","40대","서울특별시","중구","을지로3가","중국집","5"
"20180103","수","남","40대","서울특별시","중구","신당동","중국집","58"
"20180103","수","남","40대","서울특별시","중구","을지로6가","중국집","5"
"20180103","수","남","40대","서울특별시","중구","충무로1가","중국집","5"
"20180103","수","남","50대","서울특별시","중구","무교동","중국집","5"
"20180103","수","남","50대","서울특별시","중구","신당동","중국집","50"
"20180103","수","남","30대","서울특별시","중구","태평로1가","중국집","5"
"20180103","수","남","50대","서울특별시","중구","을지로3가","중국집","5"
"20180103","수","남","40대","서울특별시","중구","필동2가","중국집","5"
"20180103","수","남","50대","서울특별시","중구","필동2가","중국집","5"
"20180103","수","남","50대","서울특별시","중구","충무로1가","중국집","5"
"20180103","수","남","60대이상","서울특별시","중구","수하동","중국집","30"
"20180103","수","남","20대","서울특별시","중구","을지로6가","중국집","5"
"20180103","수","남","30대","서울특별시","중구","장충동2가","중국집","5"
"20180103","수","여","10대","서울특별시","중구","신당동","중국집","5"
"20180103","수","여","20대","서울특별시","중구","명동1가","중국집","5"
"20180103","수","남","10대","서울특별시","중구","신당동","중국집","9"
"20180103","수","여","20대","서울특별시","중구","충무로1가","중국집","5"
"20180103","수","여","30대","서울특별시","중구","명동1가","중국집","5"
"20180103","수","여","20대","서울특별시","중구","신당동","중국집","29"
"20180103","수","여","20대","서울특별시","중구","을지로6가","중국집","5"
"20180103","수","여","30대","서울특별시","중구","무교동","중국집","5"
"20180103","수","남","40대","서울특별시","중구","수하동","중국집","90"
"20180103","수","여","20대","서울특별시","중구","을지로1가","중국집","5"
"20180103","수","여","30대","서울특별시","중구","수하동","중국집","41"
"20180103","수","여","30대","서울특별시","중구","필동2가","중국집","5"
"20180103","수","여","40대","서울특별시","중구","명동1가","중국집","5"
"20180103","수","여","40대","서울특별시","중구","수하동","중국집","38"
"20180103","수","여","40대","서울특별시","중구","신당동","중국집","64"
"20180103","수","남","60대이상","서울특별시","중구","신당동","중국집","28"
"20180103","수","남","20대","서울특별시","중구","수하동","중국집","30"
"20180103","수","여","40대","서울특별시","중구","을지로6가","중국집","5"
"20180103","수","여","40대","서울특별시","중구","정동","중국집","5"
"20180103","수","여","30대","서울특별시","중구","을지로6가","중국집","5"
"20180103","수","여","40대","서울특별시","중구","주교동","중국집","5"
"20180103","수","여","50대","서울특별시","중구","수하동","중국집","32"
"20180103","수","남","30대","서울특별시","중구","을지로3가","중국집","5"
"20180103","수","여","50대","서울특별시","중구","신당동","중국집","47"
"20180103","수","여","50대","서울특별시","중구","을지로3가","중국집","5"
"20180103","수","여","30대","서울특별시","중구","신당동","중국집","38"
"20180103","수","여","50대","서울특별시","중구","주교동","중국집","5"
"20180103","수","여","20대","서울특별시","중구","수하동","중국집","21"
"20180103","수","여","50대","서울특별시","중구","충무로1가","중국집","5"
"20180103","수","남","50대","서울특별시","중구","수하동","중국집","83"
"20180103","수","여","60대이상","서울특별시","중구","명동1가","중국집","5"
"20180103","수","여","60대이상","서울특별시","중구","수하동","중국집","19"
"20180103","수","여","60대이상","서울특별시","중구","신당동","중국집","32"
"20180103","수","여","30대","서울특별시","중구","충무로1가","중국집","5"
"20180103","수","여","60대이상","서울특별시","중구","을지로3가","중국집","5"
"20180103","수","여","60대이상","서울특별시","중구","필동2가","중국집","5"
"20180103","수","남","30대","서울특별시","중구","신당동","중국집","65"
"20180103","수","여","10대","서울특별시","중구","수하동","중국집","5"
"20180103","수","남","10대","서울특별시","중랑구","면목동","중국집","5"
"20180103","수","남","20대","서울특별시","중랑구","망우동","중국집","5"
"20180103","수","남","30대","서울특별시","중랑구","망우동","중국집","5"
"20180103","수","남","30대","서울특별시","중랑구","묵동","중국집","5"
"20180103","수","남","30대","서울특별시","중랑구","신내동","중국집","5"
"20180103","수","남","40대","서울특별시","중랑구","망우동","중국집","5"
"20180103","수","남","40대","서울특별시","중랑구","면목동","중국집","46"
"20180103","수","남","50대","서울특별시","중랑구","면목동","중국집","37"
"20180103","수","남","50대","서울특별시","중랑구","묵동","중국집","5"
"20180103","수","남","20대","서울특별시","중랑구","묵동","중국집","5"
"20180103","수","남","10대","서울특별시","중랑구","망우동","중국집","5"
"20180103","수","남","50대","서울특별시","중랑구","상봉동","중국집","5"
"20180103","수","남","60대이상","서울특별시","중랑구","면목동","중국집","28"
"20180103","수","남","60대이상","서울특별시","중랑구","중화동","중국집","5"
"20180103","수","여","10대","서울특별시","중랑구","망우동","중국집","5"
"20180103","수","남","20대","서울특별시","중랑구","면목동","중국집","25"
"20180103","수","여","10대","서울특별시","중랑구","면목동","중국집","5"
"20180103","수","남","60대이상","서울특별시","중랑구","망우동","중국집","5"
"20180103","수","여","20대","서울특별시","중랑구","면목동","중국집","14"
"20180103","수","여","20대","서울특별시","중랑구","묵동","중국집","5"
"20180103","수","여","20대","서울특별시","중랑구","중화동","중국집","5"
"20180103","수","여","30대","서울특별시","중랑구","면목동","중국집","26"
"20180103","수","여","30대","서울특별시","중랑구","신내동","중국집","5"
"20180103","수","여","30대","서울특별시","중랑구","망우동","중국집","5"
"20180103","수","여","40대","서울특별시","중랑구","망우동","중국집","5"
"20180103","수","여","40대","서울특별시","중랑구","면목동","중국집","31"
"20180103","수","여","40대","서울특별시","중랑구","신내동","중국집","5"
"20180103","수","남","40대","서울특별시","중랑구","묵동","중국집","5"
"20180103","수","여","50대","서울특별시","중랑구","망우동","중국집","5"
"20180103","수","여","30대","서울특별시","중랑구","묵동","중국집","5"
"20180103","수","여","40대","서울특별시","중랑구","묵동","중국집","5"
"20180103","수","여","20대","서울특별시","중랑구","망우동","중국집","5"
"20180103","수","남","50대","서울특별시","중랑구","망우동","중국집","5"
"20180103","수","여","50대","서울특별시","중랑구","면목동","중국집","35"
"20180103","수","여","50대","서울특별시","중랑구","묵동","중국집","5"
"20180103","수","여","50대","서울특별시","중랑구","신내동","중국집","5"
"20180103","수","남","60대이상","서울특별시","중랑구","신내동","중국집","5"
"20180103","수","남","40대","서울특별시","중랑구","신내동","중국집","5"
"20180103","수","남","30대","서울특별시","중랑구","면목동","중국집","47"
"20180103","수","여","60대이상","서울특별시","중랑구","망우동","중국집","5"
"20180103","수","여","60대이상","서울특별시","중랑구","면목동","중국집","16"
"20180103","수","여","60대이상","서울특별시","중랑구","묵동","중국집","5"
"20180104","목","남","10대","서울특별시","강남구","삼성동","중국집","11"
"20180104","목","남","10대","서울특별시","강남구","압구정동","중국집","5"
"20180104","목","남","20대","서울특별시","강남구","삼성동","중국집","38"
"20180104","목","남","10대","서울특별시","강남구","대치동","중국집","5"
"20180104","목","남","20대","서울특별시","강남구","세곡동","중국집","5"
"20180104","목","남","20대","서울특별시","강남구","압구정동","중국집","5"
"20180104","목","남","30대","서울특별시","강남구","삼성동","중국집","101"
"20180104","목","남","30대","서울특별시","강남구","수서동","중국집","5"
"20180104","목","남","40대","서울특별시","강남구","논현동","중국집","48"
"20180104","목","남","40대","서울특별시","강남구","삼성동","중국집","84"
"20180104","목","남","40대","서울특별시","강남구","역삼동","중국집","68"
"20180104","목","남","30대","서울특별시","강남구","역삼동","중국집","86"
"20180104","목","남","50대","서울특별시","강남구","논현동","중국집","34"
"20180104","목","남","60대이상","서울특별시","강남구","개포동","중국집","5"
"20180104","목","남","60대이상","서울특별시","강남구","논현동","중국집","14"
"20180104","목","남","60대이상","서울특별시","강남구","삼성동","중국집","30"
"20180104","목","여","10대","서울특별시","강남구","도곡동","중국집","5"
"20180104","목","남","60대이상","서울특별시","강남구","도곡동","중국집","5"
"20180104","목","남","60대이상","서울특별시","강남구","세곡동","중국집","5"
"20180104","목","남","50대","서울특별시","강남구","일원동","중국집","5"
"20180104","목","여","10대","서울특별시","강남구","세곡동","중국집","5"
"20180104","목","남","40대","서울특별시","강남구","도곡동","중국집","9"
"20180104","목","여","10대","서울특별시","강남구","역삼동","중국집","5"
"20180104","목","여","20대","서울특별시","강남구","세곡동","중국집","5"
"20180104","목","여","20대","서울특별시","강남구","수서동","중국집","5"
"20180104","목","여","20대","서울특별시","강남구","역삼동","중국집","27"
"20180104","목","여","20대","서울특별시","강남구","압구정동","중국집","5"
"20180104","목","여","20대","서울특별시","강남구","일원동","중국집","5"
"20180104","목","여","20대","서울특별시","강남구","도곡동","중국집","7"
"20180104","목","여","30대","서울특별시","강남구","개포동","중국집","5"
"20180104","목","남","40대","서울특별시","강남구","압구정동","중국집","5"
"20180104","목","여","30대","서울특별시","강남구","논현동","중국집","41"
"20180104","목","남","50대","서울특별시","강남구","도곡동","중국집","5"
"20180104","목","남","50대","서울특별시","강남구","수서동","중국집","5"
"20180104","목","여","30대","서울특별시","강남구","도곡동","중국집","5"
"20180104","목","여","30대","서울특별시","강남구","삼성동","중국집","56"
"20180104","목","여","30대","서울특별시","강남구","세곡동","중국집","8"
"20180104","목","여","30대","서울특별시","강남구","압구정동","중국집","5"
"20180104","목","여","30대","서울특별시","강남구","수서동","중국집","5"
"20180104","목","남","40대","서울특별시","강남구","대치동","중국집","5"
"20180104","목","남","40대","서울특별시","강남구","수서동","중국집","5"
"20180104","목","남","10대","서울특별시","강남구","역삼동","중국집","5"
"20180104","목","남","50대","서울특별시","강남구","삼성동","중국집","52"
"20180104","목","여","30대","서울특별시","강남구","역삼동","중국집","45"
"20180104","목","여","30대","서울특별시","강남구","일원동","중국집","5"
"20180104","목","여","40대","서울특별시","강남구","논현동","중국집","37"
"20180104","목","여","40대","서울특별시","강남구","대치동","중국집","5"
"20180104","목","여","20대","서울특별시","강남구","삼성동","중국집","18"
"20180104","목","여","40대","서울특별시","강남구","삼성동","중국집","101"
"20180104","목","남","50대","서울특별시","강남구","세곡동","중국집","5"
"20180104","목","남","40대","서울특별시","강남구","세곡동","중국집","6"
"20180104","목","여","40대","서울특별시","강남구","세곡동","중국집","9"
"20180104","목","남","10대","서울특별시","강남구","도곡동","중국집","5"
"20180104","목","여","40대","서울특별시","강남구","압구정동","중국집","5"
"20180104","목","남","30대","서울특별시","강남구","세곡동","중국집","9"
"20180104","목","남","30대","서울특별시","강남구","개포동","중국집","5"
"20180104","목","여","20대","서울특별시","강남구","논현동","중국집","24"
"20180104","목","여","40대","서울특별시","강남구","역삼동","중국집","65"
"20180104","목","여","40대","서울특별시","강남구","일원동","중국집","5"
"20180104","목","남","40대","서울특별시","강남구","일원동","중국집","5"
"20180104","목","여","50대","서울특별시","강남구","논현동","중국집","24"
"20180104","목","여","50대","서울특별시","강남구","도곡동","중국집","12"
"20180104","목","남","60대이상","서울특별시","강남구","수서동","중국집","5"
"20180104","목","여","50대","서울특별시","강남구","삼성동","중국집","45"
"20180104","목","여","50대","서울특별시","강남구","수서동","중국집","5"
"20180104","목","여","50대","서울특별시","강남구","역삼동","중국집","21"
"20180104","목","남","50대","서울특별시","강남구","개포동","중국집","5"
"20180104","목","여","60대이상","서울특별시","강남구","논현동","중국집","15"
"20180104","목","여","10대","서울특별시","강남구","수서동","중국집","5"
"20180104","목","여","50대","서울특별시","강남구","세곡동","중국집","6"
"20180104","목","남","60대이상","서울특별시","강남구","대치동","중국집","5"
"20180104","목","남","30대","서울특별시","강남구","도곡동","중국집","5"
"20180104","목","여","40대","서울특별시","강남구","도곡동","중국집","8"
"20180104","목","여","60대이상","서울특별시","강남구","도곡동","중국집","5"
"20180104","목","남","30대","서울특별시","강남구","일원동","중국집","5"
"20180104","목","남","50대","서울특별시","강남구","역삼동","중국집","42"
"20180104","목","여","60대이상","서울특별시","강남구","세곡동","중국집","5"
"20180104","목","여","60대이상","서울특별시","강남구","수서동","중국집","5"
"20180104","목","여","10대","서울특별시","강남구","삼성동","중국집","5"
"20180104","목","남","10대","서울특별시","강남구","일원동","중국집","5"
"20180104","목","남","20대","서울특별시","강남구","역삼동","중국집","25"
"20180104","목","남","30대","서울특별시","강남구","논현동","중국집","53"
"20180104","목","남","60대이상","서울특별시","강남구","역삼동","중국집","22"
"20180104","목","남","20대","서울특별시","강남구","논현동","중국집","31"
"20180104","목","여","60대이상","서울특별시","강남구","역삼동","중국집","21"
"20180104","목","여","60대이상","서울특별시","강남구","삼성동","중국집","28"
"20180104","목","남","10대","서울특별시","강동구","명일동","중국집","5"
"20180104","목","남","20대","서울특별시","강동구","길동","중국집","24"
"20180104","목","남","20대","서울특별시","강동구","둔촌동","중국집","5"
"20180104","목","남","20대","서울특별시","강동구","명일동","중국집","5"
"20180104","목","남","20대","서울특별시","강동구","암사동","중국집","5"
"20180104","목","남","30대","서울특별시","강동구","길동","중국집","49"
"20180104","목","남","30대","서울특별시","강동구","성내동","중국집","5"
"20180104","목","남","30대","서울특별시","강동구","천호동","중국집","5"
"20180104","목","남","30대","서울특별시","강동구","상일동","중국집","5"
"20180104","목","남","40대","서울특별시","강동구","성내동","중국집","5"
"20180104","목","남","40대","서울특별시","강동구","암사동","중국집","5"
"20180104","목","남","20대","서울특별시","강동구","천호동","중국집","5"
"20180104","목","남","50대","서울특별시","강동구","길동","중국집","42"
"20180104","목","남","50대","서울특별시","강동구","명일동","중국집","5"
"20180104","목","남","30대","서울특별시","강동구","암사동","중국집","5"
"20180104","목","남","50대","서울특별시","강동구","암사동","중국집","5"
"20180104","목","남","60대이상","서울특별시","강동구","길동","중국집","29"
"20180104","목","남","60대이상","서울특별시","강동구","명일동","중국집","5"
"20180104","목","남","60대이상","서울특별시","강동구","상일동","중국집","5"
"20180104","목","여","10대","서울특별시","강동구","둔촌동","중국집","5"
"20180104","목","남","60대이상","서울특별시","강동구","성내동","중국집","5"
"20180104","목","여","10대","서울특별시","강동구","길동","중국집","8"
"20180104","목","여","10대","서울특별시","강동구","암사동","중국집","5"
"20180104","목","남","20대","서울특별시","강동구","성내동","중국집","5"
"20180104","목","여","20대","서울특별시","강동구","길동","중국집","12"
"20180104","목","여","30대","서울특별시","강동구","길동","중국집","53"
"20180104","목","여","30대","서울특별시","강동구","명일동","중국집","5"
"20180104","목","여","30대","서울특별시","강동구","성내동","중국집","5"
"20180104","목","여","30대","서울특별시","강동구","암사동","중국집","7"
"20180104","목","여","30대","서울특별시","강동구","천호동","중국집","5"
"20180104","목","여","20대","서울특별시","강동구","암사동","중국집","5"
"20180104","목","여","40대","서울특별시","강동구","명일동","중국집","5"
"20180104","목","남","50대","서울특별시","강동구","상일동","중국집","5"
"20180104","목","여","40대","서울특별시","강동구","성내동","중국집","5"
"20180104","목","여","40대","서울특별시","강동구","암사동","중국집","5"
"20180104","목","여","40대","서울특별시","강동구","천호동","중국집","5"
"20180104","목","여","10대","서울특별시","강동구","명일동","중국집","5"
"20180104","목","남","40대","서울특별시","강동구","명일동","중국집","5"
"20180104","목","여","50대","서울특별시","강동구","길동","중국집","39"
"20180104","목","여","40대","서울특별시","강동구","길동","중국집","86"
"20180104","목","남","40대","서울특별시","강동구","천호동","중국집","5"
"20180104","목","남","50대","서울특별시","강동구","성내동","중국집","5"
"20180104","목","여","20대","서울특별시","강동구","성내동","중국집","5"
"20180104","목","여","50대","서울특별시","강동구","성내동","중국집","5"
"20180104","목","여","50대","서울특별시","강동구","암사동","중국집","5"
"20180104","목","여","60대이상","서울특별시","강동구","길동","중국집","17"
"20180104","목","여","60대이상","서울특별시","강동구","성내동","중국집","5"
"20180104","목","여","20대","서울특별시","강동구","명일동","중국집","5"
"20180104","목","남","40대","서울특별시","강동구","길동","중국집","48"
"20180104","목","남","10대","서울특별시","강동구","길동","중국집","10"
"20180104","목","남","20대","서울특별시","강북구","미아동","중국집","38"
"20180104","목","남","30대","서울특별시","강북구","미아동","중국집","54"
"20180104","목","남","30대","서울특별시","강북구","번동","중국집","13"
"20180104","목","남","20대","서울특별시","강북구","번동","중국집","8"
"20180104","목","남","40대","서울특별시","강북구","미아동","중국집","65"
"20180104","목","남","40대","서울특별시","강북구","우이동","중국집","5"
"20180104","목","남","50대","서울특별시","강북구","미아동","중국집","45"
"20180104","목","남","10대","서울특별시","강북구","번동","중국집","5"
"20180104","목","남","50대","서울특별시","강북구","우이동","중국집","5"
"20180104","목","남","60대이상","서울특별시","강북구","미아동","중국집","32"
"20180104","목","남","60대이상","서울특별시","강북구","번동","중국집","10"
"20180104","목","남","60대이상","서울특별시","강북구","우이동","중국집","5"
"20180104","목","여","10대","서울특별시","강북구","미아동","중국집","5"
"20180104","목","여","20대","서울특별시","강북구","미아동","중국집","20"
"20180104","목","여","30대","서울특별시","강북구","미아동","중국집","38"
"20180104","목","여","30대","서울특별시","강북구","번동","중국집","10"
"20180104","목","여","20대","서울특별시","강북구","번동","중국집","5"
"20180104","목","여","30대","서울특별시","강북구","우이동","중국집","5"
"20180104","목","남","50대","서울특별시","강북구","번동","중국집","11"
"20180104","목","여","10대","서울특별시","강북구","번동","중국집","5"
"20180104","목","여","40대","서울특별시","강북구","미아동","중국집","73"
"20180104","목","남","40대","서울특별시","강북구","번동","중국집","18"
"20180104","목","여","40대","서울특별시","강북구","번동","중국집","24"
"20180104","목","여","40대","서울특별시","강북구","수유동","중국집","5"
"20180104","목","여","50대","서울특별시","강북구","미아동","중국집","36"
"20180104","목","남","10대","서울특별시","강북구","미아동","중국집","18"
"20180104","목","여","50대","서울특별시","강북구","번동","중국집","13"
"20180104","목","여","60대이상","서울특별시","강북구","미아동","중국집","31"
"20180104","목","여","60대이상","서울특별시","강북구","번동","중국집","7"
"20180104","목","남","10대","서울특별시","강서구","가양동","중국집","5"
"20180104","목","남","10대","서울특별시","강서구","내발산동","중국집","5"
"20180104","목","남","10대","서울특별시","강서구","등촌동","중국집","5"
"20180104","목","남","10대","서울특별시","강서구","마곡동","중국집","5"
"20180104","목","남","10대","서울특별시","강서구","방화동","중국집","5"
"20180104","목","남","20대","서울특별시","강서구","내발산동","중국집","29"
"20180104","목","남","20대","서울특별시","강서구","외발산동","중국집","5"
"20180104","목","남","20대","서울특별시","강서구","화곡동","중국집","25"
"20180104","목","남","30대","서울특별시","강서구","방화동","중국집","5"
"20180104","목","남","30대","서울특별시","강서구","화곡동","중국집","19"
"20180104","목","남","40대","서울특별시","강서구","내발산동","중국집","54"
"20180104","목","남","30대","서울특별시","강서구","내발산동","중국집","43"
"20180104","목","남","40대","서울특별시","강서구","마곡동","중국집","5"
"20180104","목","남","40대","서울특별시","강서구","화곡동","중국집","39"
"20180104","목","남","50대","서울특별시","강서구","가양동","중국집","15"
"20180104","목","남","50대","서울특별시","강서구","내발산동","중국집","34"
"20180104","목","남","50대","서울특별시","강서구","등촌동","중국집","14"
"20180104","목","남","20대","서울특별시","강서구","가양동","중국집","12"
"20180104","목","남","20대","서울특별시","강서구","등촌동","중국집","11"
"20180104","목","남","30대","서울특별시","강서구","가양동","중국집","24"
"20180104","목","남","60대이상","서울특별시","강서구","내발산동","중국집","21"
"20180104","목","남","60대이상","서울특별시","강서구","등촌동","중국집","10"
"20180104","목","남","30대","서울특별시","강서구","마곡동","중국집","5"
"20180104","목","남","50대","서울특별시","강서구","화곡동","중국집","26"
"20180104","목","여","10대","서울특별시","강서구","화곡동","중국집","8"
"20180104","목","여","20대","서울특별시","강서구","가양동","중국집","7"
"20180104","목","여","20대","서울특별시","강서구","내발산동","중국집","11"
"20180104","목","여","10대","서울특별시","강서구","내발산동","중국집","8"
"20180104","목","남","20대","서울특별시","강서구","방화동","중국집","5"
"20180104","목","여","20대","서울특별시","강서구","방화동","중국집","5"
"20180104","목","여","20대","서울특별시","강서구","화곡동","중국집","10"
"20180104","목","여","30대","서울특별시","강서구","가양동","중국집","17"
"20180104","목","여","20대","서울특별시","강서구","등촌동","중국집","9"
"20180104","목","여","30대","서울특별시","강서구","등촌동","중국집","9"
"20180104","목","남","10대","서울특별시","강서구","화곡동","중국집","16"
"20180104","목","남","40대","서울특별시","강서구","등촌동","중국집","19"
"20180104","목","여","30대","서울특별시","강서구","방화동","중국집","5"
"20180104","목","여","30대","서울특별시","강서구","화곡동","중국집","42"
"20180104","목","여","30대","서울특별시","강서구","외발산동","중국집","5"
"20180104","목","여","40대","서울특별시","강서구","가양동","중국집","20"
"20180104","목","여","40대","서울특별시","강서구","내발산동","중국집","60"
"20180104","목","남","30대","서울특별시","강서구","등촌동","중국집","16"
"20180104","목","여","40대","서울특별시","강서구","등촌동","중국집","21"
"20180104","목","여","40대","서울특별시","강서구","마곡동","중국집","5"
"20180104","목","여","40대","서울특별시","강서구","화곡동","중국집","56"
"20180104","목","여","50대","서울특별시","강서구","가양동","중국집","10"
"20180104","목","남","40대","서울특별시","강서구","가양동","중국집","31"
"20180104","목","여","50대","서울특별시","강서구","내발산동","중국집","27"
"20180104","목","여","50대","서울특별시","강서구","마곡동","중국집","5"
"20180104","목","여","50대","서울특별시","강서구","방화동","중국집","5"
"20180104","목","남","60대이상","서울특별시","강서구","화곡동","중국집","17"
"20180104","목","남","40대","서울특별시","강서구","방화동","중국집","5"
"20180104","목","여","50대","서울특별시","강서구","화곡동","중국집","26"
"20180104","목","여","50대","서울특별시","강서구","등촌동","중국집","11"
"20180104","목","여","60대이상","서울특별시","강서구","가양동","중국집","13"
"20180104","목","여","30대","서울특별시","강서구","내발산동","중국집","24"
"20180104","목","여","60대이상","서울특별시","강서구","등촌동","중국집","6"
"20180104","목","여","60대이상","서울특별시","강서구","방화동","중국집","5"
"20180104","목","여","10대","서울특별시","강서구","가양동","중국집","5"
"20180104","목","여","60대이상","서울특별시","강서구","화곡동","중국집","14"
"20180104","목","여","30대","서울특별시","강서구","마곡동","중국집","5"
"20180104","목","남","60대이상","서울특별시","강서구","가양동","중국집","11"
"20180104","목","여","60대이상","서울특별시","강서구","내발산동","중국집","16"
"20180104","목","남","10대","서울특별시","관악구","신림동","중국집","5"
"20180104","목","남","20대","서울특별시","관악구","봉천동","중국집","5"
"20180104","목","남","30대","서울특별시","관악구","봉천동","중국집","6"
"20180104","목","남","30대","서울특별시","관악구","신림동","중국집","12"
"20180104","목","남","40대","서울특별시","관악구","봉천동","중국집","5"
"20180104","목","남","40대","서울특별시","관악구","신림동","중국집","5"
"20180104","목","남","50대","서울특별시","관악구","봉천동","중국집","5"
"20180104","목","남","50대","서울특별시","관악구","신림동","중국집","5"
"20180104","목","남","60대이상","서울특별시","관악구","봉천동","중국집","5"
"20180104","목","남","60대이상","서울특별시","관악구","신림동","중국집","5"
"20180104","목","여","20대","서울특별시","관악구","신림동","중국집","10"
"20180104","목","여","30대","서울특별시","관악구","봉천동","중국집","5"
"20180104","목","여","30대","서울특별시","관악구","신림동","중국집","5"
"20180104","목","남","10대","서울특별시","관악구","봉천동","중국집","5"
"20180104","목","여","40대","서울특별시","관악구","봉천동","중국집","5"
"20180104","목","여","10대","서울특별시","관악구","신림동","중국집","5"
"20180104","목","여","40대","서울특별시","관악구","신림동","중국집","5"
"20180104","목","여","20대","서울특별시","관악구","봉천동","중국집","5"
"20180104","목","남","20대","서울특별시","관악구","신림동","중국집","17"
"20180104","목","여","50대","서울특별시","관악구","봉천동","중국집","5"
"20180104","목","여","50대","서울특별시","관악구","신림동","중국집","5"
"20180104","목","여","60대이상","서울특별시","관악구","봉천동","중국집","5"
"20180104","목","여","60대이상","서울특별시","관악구","신림동","중국집","13"
"20180104","목","남","10대","서울특별시","광진구","능동","중국집","5"
"20180104","목","남","10대","서울특별시","광진구","화양동","중국집","5"
"20180104","목","남","20대","서울특별시","광진구","능동","중국집","5"
"20180104","목","남","30대","서울특별시","광진구","자양동","중국집","7"
"20180104","목","남","40대","서울특별시","광진구","능동","중국집","5"
"20180104","목","남","50대","서울특별시","광진구","능동","중국집","5"
"20180104","목","남","60대이상","서울특별시","광진구","구의동","중국집","5"
"20180104","목","남","60대이상","서울특별시","광진구","자양동","중국집","5"
"20180104","목","남","40대","서울특별시","광진구","자양동","중국집","6"
"20180104","목","남","60대이상","서울특별시","광진구","중곡동","중국집","5"
"20180104","목","남","60대이상","서울특별시","광진구","화양동","중국집","5"
"20180104","목","여","10대","서울특별시","광진구","자양동","중국집","5"
"20180104","목","여","20대","서울특별시","광진구","광장동","중국집","5"
"20180104","목","남","40대","서울특별시","광진구","중곡동","중국집","5"
"20180104","목","여","20대","서울특별시","광진구","능동","중국집","5"
"20180104","목","남","10대","서울특별시","광진구","자양동","중국집","5"
"20180104","목","남","20대","서울특별시","광진구","자양동","중국집","10"
"20180104","목","여","20대","서울특별시","광진구","자양동","중국집","5"
"20180104","목","여","30대","서울특별시","광진구","광장동","중국집","5"
"20180104","목","여","30대","서울특별시","광진구","구의동","중국집","5"
"20180104","목","여","30대","서울특별시","광진구","자양동","중국집","7"
"20180104","목","여","30대","서울특별시","광진구","중곡동","중국집","5"
"20180104","목","여","40대","서울특별시","광진구","광장동","중국집","5"
"20180104","목","여","40대","서울특별시","광진구","자양동","중국집","8"
"20180104","목","여","40대","서울특별시","광진구","중곡동","중국집","5"
"20180104","목","여","40대","서울특별시","광진구","화양동","중국집","5"
"20180104","목","여","50대","서울특별시","광진구","자양동","중국집","5"
"20180104","목","남","30대","서울특별시","광진구","능동","중국집","5"
"20180104","목","남","50대","서울특별시","광진구","자양동","중국집","5"
"20180104","목","여","60대이상","서울특별시","광진구","자양동","중국집","7"
"20180104","목","남","10대","서울특별시","구로구","구로동","중국집","5"
"20180104","목","남","20대","서울특별시","구로구","구로동","중국집","5"
"20180104","목","남","30대","서울특별시","구로구","개봉동","중국집","18"
"20180104","목","남","30대","서울특별시","구로구","구로동","중국집","5"
"20180104","목","남","30대","서울특별시","구로구","궁동","중국집","5"
"20180104","목","남","40대","서울특별시","구로구","개봉동","중국집","33"
"20180104","목","남","50대","서울특별시","구로구","개봉동","중국집","23"
"20180104","목","남","60대이상","서울특별시","구로구","개봉동","중국집","18"
"20180104","목","남","60대이상","서울특별시","구로구","궁동","중국집","5"
"20180104","목","여","10대","서울특별시","구로구","궁동","중국집","5"
"20180104","목","남","40대","서울특별시","구로구","구로동","중국집","5"
"20180104","목","여","20대","서울특별시","구로구","구로동","중국집","5"
"20180104","목","남","40대","서울특별시","구로구","궁동","중국집","5"
"20180104","목","여","20대","서울특별시","구로구","신도림동","중국집","5"
"20180104","목","여","30대","서울특별시","구로구","개봉동","중국집","25"
"20180104","목","남","10대","서울특별시","구로구","개봉동","중국집","6"
"20180104","목","여","30대","서울특별시","구로구","구로동","중국집","5"
"20180104","목","여","10대","서울특별시","구로구","개봉동","중국집","5"
"20180104","목","남","30대","서울특별시","구로구","신도림동","중국집","5"
"20180104","목","남","20대","서울특별시","구로구","궁동","중국집","5"
"20180104","목","여","40대","서울특별시","구로구","개봉동","중국집","49"
"20180104","목","여","40대","서울특별시","구로구","구로동","중국집","5"
"20180104","목","남","50대","서울특별시","구로구","구로동","중국집","5"
"20180104","목","여","40대","서울특별시","구로구","궁동","중국집","5"
"20180104","목","여","50대","서울특별시","구로구","개봉동","중국집","20"
"20180104","목","여","50대","서울특별시","구로구","구로동","중국집","5"
"20180104","목","여","50대","서울특별시","구로구","궁동","중국집","5"
"20180104","목","남","20대","서울특별시","구로구","개봉동","중국집","10"
"20180104","목","여","20대","서울특별시","구로구","궁동","중국집","5"
"20180104","목","여","20대","서울특별시","구로구","개봉동","중국집","9"
"20180104","목","여","60대이상","서울특별시","구로구","개봉동","중국집","10"
"20180104","목","남","10대","서울특별시","금천구","가산동","중국집","6"
"20180104","목","남","10대","서울특별시","금천구","독산동","중국집","5"
"20180104","목","남","20대","서울특별시","금천구","가산동","중국집","5"
"20180104","목","남","20대","서울특별시","금천구","독산동","중국집","5"
"20180104","목","남","30대","서울특별시","금천구","가산동","중국집","13"
"20180104","목","남","30대","서울특별시","금천구","독산동","중국집","5"
"20180104","목","남","40대","서울특별시","금천구","가산동","중국집","22"
"20180104","목","남","40대","서울특별시","금천구","시흥동","중국집","5"
"20180104","목","남","40대","서울특별시","금천구","독산동","중국집","5"
"20180104","목","남","50대","서울특별시","금천구","가산동","중국집","12"
"20180104","목","남","50대","서울특별시","금천구","시흥동","중국집","5"
"20180104","목","남","60대이상","서울특별시","금천구","가산동","중국집","6"
"20180104","목","남","60대이상","서울특별시","금천구","독산동","중국집","5"
"20180104","목","남","60대이상","서울특별시","금천구","시흥동","중국집","5"
"20180104","목","여","10대","서울특별시","금천구","가산동","중국집","5"
"20180104","목","남","20대","서울특별시","금천구","시흥동","중국집","5"
"20180104","목","여","10대","서울특별시","금천구","시흥동","중국집","5"
"20180104","목","여","20대","서울특별시","금천구","가산동","중국집","9"
"20180104","목","여","20대","서울특별시","금천구","독산동","중국집","5"
"20180104","목","여","20대","서울특별시","금천구","시흥동","중국집","5"
"20180104","목","여","30대","서울특별시","금천구","가산동","중국집","17"
"20180104","목","남","30대","서울특별시","금천구","시흥동","중국집","5"
"20180104","목","여","30대","서울특별시","금천구","독산동","중국집","5"
"20180104","목","여","30대","서울특별시","금천구","시흥동","중국집","5"
"20180104","목","여","40대","서울특별시","금천구","가산동","중국집","13"
"20180104","목","여","40대","서울특별시","금천구","독산동","중국집","5"
"20180104","목","여","40대","서울특별시","금천구","시흥동","중국집","5"
"20180104","목","여","50대","서울특별시","금천구","가산동","중국집","5"
"20180104","목","여","50대","서울특별시","금천구","시흥동","중국집","5"
"20180104","목","여","60대이상","서울특별시","금천구","가산동","중국집","7"
"20180104","목","남","10대","서울특별시","금천구","시흥동","중국집","5"
"20180104","목","남","50대","서울특별시","금천구","독산동","중국집","5"
"20180104","목","여","60대이상","서울특별시","금천구","시흥동","중국집","8"
"20180104","목","남","10대","서울특별시","노원구","공릉동","중국집","5"
"20180104","목","남","10대","서울특별시","노원구","상계동","중국집","12"
"20180104","목","남","20대","서울특별시","노원구","상계동","중국집","35"
"20180104","목","남","30대","서울특별시","노원구","공릉동","중국집","5"
"20180104","목","남","30대","서울특별시","노원구","상계동","중국집","39"
"20180104","목","남","30대","서울특별시","노원구","월계동","중국집","6"
"20180104","목","남","20대","서울특별시","노원구","월계동","중국집","5"
"20180104","목","남","30대","서울특별시","노원구","중계동","중국집","5"
"20180104","목","남","40대","서울특별시","노원구","공릉동","중국집","5"
"20180104","목","남","40대","서울특별시","노원구","상계동","중국집","51"
"20180104","목","남","40대","서울특별시","노원구","중계동","중국집","5"
"20180104","목","남","50대","서울특별시","노원구","상계동","중국집","39"
"20180104","목","남","50대","서울특별시","노원구","중계동","중국집","5"
"20180104","목","남","60대이상","서울특별시","노원구","공릉동","중국집","5"
"20180104","목","남","60대이상","서울특별시","노원구","상계동","중국집","16"
"20180104","목","남","40대","서울특별시","노원구","월계동","중국집","5"
"20180104","목","남","60대이상","서울특별시","노원구","월계동","중국집","5"
"20180104","목","여","10대","서울특별시","노원구","상계동","중국집","5"
"20180104","목","여","10대","서울특별시","노원구","중계동","중국집","5"
"20180104","목","여","20대","서울특별시","노원구","공릉동","중국집","5"
"20180104","목","여","20대","서울특별시","노원구","상계동","중국집","9"
"20180104","목","남","10대","서울특별시","노원구","월계동","중국집","5"
"20180104","목","여","20대","서울특별시","노원구","중계동","중국집","5"
"20180104","목","여","30대","서울특별시","노원구","공릉동","중국집","5"
"20180104","목","여","30대","서울특별시","노원구","월계동","중국집","5"
"20180104","목","여","30대","서울특별시","노원구","상계동","중국집","37"
"20180104","목","여","30대","서울특별시","노원구","중계동","중국집","5"
"20180104","목","여","40대","서울특별시","노원구","공릉동","중국집","7"
"20180104","목","여","40대","서울특별시","노원구","상계동","중국집","69"
"20180104","목","여","40대","서울특별시","노원구","월계동","중국집","5"
"20180104","목","여","40대","서울특별시","노원구","중계동","중국집","5"
"20180104","목","여","50대","서울특별시","노원구","공릉동","중국집","5"
"20180104","목","남","50대","서울특별시","노원구","월계동","중국집","5"
"20180104","목","여","50대","서울특별시","노원구","상계동","중국집","51"
"20180104","목","여","60대이상","서울특별시","노원구","상계동","중국집","15"
"20180104","목","여","60대이상","서울특별시","노원구","월계동","중국집","5"
"20180104","목","남","10대","서울특별시","도봉구","방학동","중국집","5"
"20180104","목","남","10대","서울특별시","도봉구","쌍문동","중국집","5"
"20180104","목","남","20대","서울특별시","도봉구","방학동","중국집","5"
"20180104","목","남","20대","서울특별시","도봉구","쌍문동","중국집","5"
"20180104","목","남","30대","서울특별시","도봉구","방학동","중국집","5"
"20180104","목","남","30대","서울특별시","도봉구","쌍문동","중국집","5"
"20180104","목","남","40대","서울특별시","도봉구","방학동","중국집","5"
"20180104","목","남","40대","서울특별시","도봉구","쌍문동","중국집","5"
"20180104","목","남","50대","서울특별시","도봉구","방학동","중국집","5"
"20180104","목","남","50대","서울특별시","도봉구","쌍문동","중국집","5"
"20180104","목","남","60대이상","서울특별시","도봉구","쌍문동","중국집","5"
"20180104","목","여","20대","서울특별시","도봉구","방학동","중국집","5"
"20180104","목","여","20대","서울특별시","도봉구","쌍문동","중국집","5"
"20180104","목","남","60대이상","서울특별시","도봉구","방학동","중국집","5"
"20180104","목","여","30대","서울특별시","도봉구","쌍문동","중국집","5"
"20180104","목","여","40대","서울특별시","도봉구","방학동","중국집","5"
"20180104","목","여","40대","서울특별시","도봉구","쌍문동","중국집","5"
"20180104","목","여","50대","서울특별시","도봉구","쌍문동","중국집","5"
"20180104","목","여","30대","서울특별시","도봉구","도봉동","중국집","5"
"20180104","목","여","60대이상","서울특별시","도봉구","방학동","중국집","5"
"20180104","목","남","40대","서울특별시","도봉구","도봉동","중국집","5"
"20180104","목","여","50대","서울특별시","도봉구","방학동","중국집","5"
"20180104","목","여","60대이상","서울특별시","도봉구","쌍문동","중국집","5"
"20180104","목","남","10대","서울특별시","동대문구","장안동","중국집","7"
"20180104","목","남","10대","서울특별시","동대문구","제기동","중국집","14"
"20180104","목","남","10대","서울특별시","동대문구","휘경동","중국집","5"
"20180104","목","남","20대","서울특별시","동대문구","장안동","중국집","39"
"20180104","목","남","30대","서울특별시","동대문구","답십리동","중국집","5"
"20180104","목","남","30대","서울특별시","동대문구","장안동","중국집","42"
"20180104","목","남","30대","서울특별시","동대문구","제기동","중국집","47"
"20180104","목","남","40대","서울특별시","동대문구","답십리동","중국집","5"
"20180104","목","남","40대","서울특별시","동대문구","장안동","중국집","59"
"20180104","목","남","40대","서울특별시","동대문구","전농동","중국집","5"
"20180104","목","남","20대","서울특별시","동대문구","전농동","중국집","5"
"20180104","목","남","40대","서울특별시","동대문구","제기동","중국집","60"
"20180104","목","남","50대","서울특별시","동대문구","답십리동","중국집","5"
"20180104","목","남","50대","서울특별시","동대문구","장안동","중국집","26"
"20180104","목","남","50대","서울특별시","동대문구","전농동","중국집","5"
"20180104","목","남","60대이상","서울특별시","동대문구","장안동","중국집","16"
"20180104","목","남","60대이상","서울특별시","동대문구","전농동","중국집","5"
"20180104","목","남","60대이상","서울특별시","동대문구","제기동","중국집","26"
"20180104","목","여","10대","서울특별시","동대문구","제기동","중국집","5"
"20180104","목","여","20대","서울특별시","동대문구","답십리동","중국집","5"
"20180104","목","여","20대","서울특별시","동대문구","제기동","중국집","17"
"20180104","목","여","30대","서울특별시","동대문구","장안동","중국집","45"
"20180104","목","여","30대","서울특별시","동대문구","전농동","중국집","5"
"20180104","목","여","30대","서울특별시","동대문구","제기동","중국집","17"
"20180104","목","여","40대","서울특별시","동대문구","답십리동","중국집","5"
"20180104","목","여","10대","서울특별시","동대문구","장안동","중국집","5"
"20180104","목","여","20대","서울특별시","동대문구","장안동","중국집","17"
"20180104","목","여","40대","서울특별시","동대문구","장안동","중국집","42"
"20180104","목","여","40대","서울특별시","동대문구","제기동","중국집","29"
"20180104","목","남","10대","서울특별시","동대문구","전농동","중국집","5"
"20180104","목","여","50대","서울특별시","동대문구","장안동","중국집","13"
"20180104","목","남","30대","서울특별시","동대문구","전농동","중국집","5"
"20180104","목","여","50대","서울특별시","동대문구","전농동","중국집","5"
"20180104","목","여","40대","서울특별시","동대문구","전농동","중국집","5"
"20180104","목","남","50대","서울특별시","동대문구","제기동","중국집","29"
"20180104","목","여","50대","서울특별시","동대문구","제기동","중국집","18"
"20180104","목","남","20대","서울특별시","동대문구","제기동","중국집","37"
"20180104","목","여","60대이상","서울특별시","동대문구","장안동","중국집","5"
"20180104","목","여","60대이상","서울특별시","동대문구","전농동","중국집","5"
"20180104","목","여","60대이상","서울특별시","동대문구","제기동","중국집","11"
"20180104","목","남","10대","서울특별시","동작구","사당동","중국집","5"
"20180104","목","남","20대","서울특별시","동작구","노량진동","중국집","5"
"20180104","목","남","20대","서울특별시","동작구","사당동","중국집","5"
"20180104","목","남","20대","서울특별시","동작구","상도동","중국집","5"
"20180104","목","남","20대","서울특별시","동작구","흑석동","중국집","5"
"20180104","목","남","30대","서울특별시","동작구","노량진동","중국집","5"
"20180104","목","남","30대","서울특별시","동작구","상도동","중국집","5"
"20180104","목","남","30대","서울특별시","동작구","신대방동","중국집","89"
"20180104","목","남","40대","서울특별시","동작구","사당동","중국집","5"
"20180104","목","남","20대","서울특별시","동작구","신대방동","중국집","58"
"20180104","목","남","30대","서울특별시","동작구","대방동","중국집","5"
"20180104","목","남","40대","서울특별시","동작구","상도동","중국집","5"
"20180104","목","남","40대","서울특별시","동작구","신대방동","중국집","100"
"20180104","목","남","40대","서울특별시","동작구","흑석동","중국집","5"
"20180104","목","남","50대","서울특별시","동작구","사당동","중국집","5"
"20180104","목","남","10대","서울특별시","동작구","신대방동","중국집","27"
"20180104","목","남","50대","서울특별시","동작구","상도동","중국집","5"
"20180104","목","남","40대","서울특별시","동작구","본동","중국집","5"
"20180104","목","남","50대","서울특별시","동작구","신대방동","중국집","59"
"20180104","목","남","60대이상","서울특별시","동작구","본동","중국집","5"
"20180104","목","남","60대이상","서울특별시","동작구","상도동","중국집","5"
"20180104","목","남","20대","서울특별시","동작구","대방동","중국집","5"
"20180104","목","남","40대","서울특별시","동작구","노량진동","중국집","5"
"20180104","목","남","60대이상","서울특별시","동작구","신대방동","중국집","40"
"20180104","목","여","10대","서울특별시","동작구","상도동","중국집","5"
"20180104","목","남","60대이상","서울특별시","동작구","노량진동","중국집","5"
"20180104","목","여","10대","서울특별시","동작구","신대방동","중국집","5"
"20180104","목","여","20대","서울특별시","동작구","노량진동","중국집","5"
"20180104","목","여","20대","서울특별시","동작구","대방동","중국집","5"
"20180104","목","여","20대","서울특별시","동작구","사당동","중국집","5"
"20180104","목","여","30대","서울특별시","동작구","노량진동","중국집","5"
"20180104","목","여","20대","서울특별시","동작구","상도동","중국집","6"
"20180104","목","여","30대","서울특별시","동작구","상도동","중국집","5"
"20180104","목","여","30대","서울특별시","동작구","신대방동","중국집","67"
"20180104","목","남","60대이상","서울특별시","동작구","사당동","중국집","5"
"20180104","목","여","40대","서울특별시","동작구","노량진동","중국집","5"
"20180104","목","여","40대","서울특별시","동작구","본동","중국집","5"
"20180104","목","여","30대","서울특별시","동작구","사당동","중국집","5"
"20180104","목","여","40대","서울특별시","동작구","상도동","중국집","5"
"20180104","목","남","20대","서울특별시","동작구","본동","중국집","6"
"20180104","목","남","50대","서울특별시","동작구","흑석동","중국집","5"
"20180104","목","여","40대","서울특별시","동작구","신대방동","중국집","90"
"20180104","목","여","40대","서울특별시","동작구","사당동","중국집","5"
"20180104","목","여","50대","서울특별시","동작구","노량진동","중국집","5"
"20180104","목","여","30대","서울특별시","동작구","본동","중국집","5"
"20180104","목","여","50대","서울특별시","동작구","사당동","중국집","5"
"20180104","목","여","20대","서울특별시","동작구","신대방동","중국집","22"
"20180104","목","여","50대","서울특별시","동작구","상도동","중국집","5"
"20180104","목","남","30대","서울특별시","동작구","사당동","중국집","5"
"20180104","목","여","50대","서울특별시","동작구","신대방동","중국집","66"
"20180104","목","남","10대","서울특별시","동작구","본동","중국집","5"
"20180104","목","여","60대이상","서울특별시","동작구","노량진동","중국집","5"
"20180104","목","여","60대이상","서울특별시","동작구","상도동","중국집","5"
"20180104","목","여","60대이상","서울특별시","동작구","신대방동","중국집","37"
"20180104","목","여","30대","서울특별시","동작구","대방동","중국집","5"
"20180104","목","남","20대","서울특별시","마포구","대흥동","중국집","5"
"20180104","목","남","20대","서울특별시","마포구","서교동","중국집","5"
"20180104","목","남","20대","서울특별시","마포구","창전동","중국집","5"
"20180104","목","남","30대","서울특별시","마포구","마포동","중국집","5"
"20180104","목","남","30대","서울특별시","마포구","망원동","중국집","5"
"20180104","목","남","30대","서울특별시","마포구","서교동","중국집","5"
"20180104","목","남","30대","서울특별시","마포구","염리동","중국집","5"
"20180104","목","남","30대","서울특별시","마포구","합정동","중국집","17"
"20180104","목","남","30대","서울특별시","마포구","신공덕동","중국집","5"
"20180104","목","남","40대","서울특별시","마포구","상암동","중국집","27"
"20180104","목","남","40대","서울특별시","마포구","신공덕동","중국집","5"
"20180104","목","남","30대","서울특별시","마포구","신수동","중국집","5"
"20180104","목","남","40대","서울특별시","마포구","신수동","중국집","5"
"20180104","목","남","50대","서울특별시","마포구","망원동","중국집","5"
"20180104","목","남","50대","서울특별시","마포구","염리동","중국집","5"
"20180104","목","남","60대이상","서울특별시","마포구","상암동","중국집","6"
"20180104","목","여","10대","서울특별시","마포구","대흥동","중국집","5"
"20180104","목","남","10대","서울특별시","마포구","상암동","중국집","5"
"20180104","목","여","10대","서울특별시","마포구","상암동","중국집","5"
"20180104","목","남","50대","서울특별시","마포구","합정동","중국집","5"
"20180104","목","여","20대","서울특별시","마포구","대흥동","중국집","5"
"20180104","목","여","20대","서울특별시","마포구","상암동","중국집","5"
"20180104","목","여","30대","서울특별시","마포구","대흥동","중국집","5"
"20180104","목","여","30대","서울특별시","마포구","상암동","중국집","12"
"20180104","목","남","50대","서울특별시","마포구","상암동","중국집","17"
"20180104","목","남","30대","서울특별시","마포구","상암동","중국집","14"
"20180104","목","여","30대","서울특별시","마포구","아현동","중국집","5"
"20180104","목","남","20대","서울특별시","마포구","염리동","중국집","5"
"20180104","목","남","20대","서울특별시","마포구","상암동","중국집","17"
"20180104","목","남","50대","서울특별시","마포구","아현동","중국집","5"
"20180104","목","여","30대","서울특별시","마포구","염리동","중국집","5"
"20180104","목","여","30대","서울특별시","마포구","창전동","중국집","5"
"20180104","목","여","30대","서울특별시","마포구","합정동","중국집","7"
"20180104","목","남","20대","서울특별시","마포구","마포동","중국집","5"
"20180104","목","여","40대","서울특별시","마포구","공덕동","중국집","5"
"20180104","목","여","40대","서울특별시","마포구","대흥동","중국집","5"
"20180104","목","여","40대","서울특별시","마포구","동교동","중국집","5"
"20180104","목","남","10대","서울특별시","마포구","마포동","중국집","5"
"20180104","목","남","20대","서울특별시","마포구","신공덕동","중국집","5"
"20180104","목","여","40대","서울특별시","마포구","망원동","중국집","5"
"20180104","목","남","10대","서울특별시","마포구","서교동","중국집","5"
"20180104","목","여","40대","서울특별시","마포구","상암동","중국집","35"
"20180104","목","남","20대","서울특별시","마포구","합정동","중국집","6"
"20180104","목","여","40대","서울특별시","마포구","신공덕동","중국집","8"
"20180104","목","여","40대","서울특별시","마포구","신수동","중국집","5"
"20180104","목","여","40대","서울특별시","마포구","아현동","중국집","5"
"20180104","목","남","40대","서울특별시","마포구","염리동","중국집","5"
"20180104","목","여","40대","서울특별시","마포구","마포동","중국집","5"
"20180104","목","남","40대","서울특별시","마포구","대흥동","중국집","5"
"20180104","목","여","40대","서울특별시","마포구","염리동","중국집","5"
"20180104","목","여","30대","서울특별시","마포구","신공덕동","중국집","5"
"20180104","목","남","30대","서울특별시","마포구","아현동","중국집","5"
"20180104","목","여","50대","서울특별시","마포구","공덕동","중국집","5"
"20180104","목","남","40대","서울특별시","마포구","창전동","중국집","5"
"20180104","목","여","30대","서울특별시","마포구","공덕동","중국집","5"
"20180104","목","여","20대","서울특별시","마포구","염리동","중국집","5"
"20180104","목","여","20대","서울특별시","마포구","공덕동","중국집","5"
"20180104","목","여","20대","서울특별시","마포구","합정동","중국집","5"
"20180104","목","여","50대","서울특별시","마포구","망원동","중국집","5"
"20180104","목","여","40대","서울특별시","마포구","합정동","중국집","11"
"20180104","목","여","50대","서울특별시","마포구","상암동","중국집","12"
"20180104","목","여","50대","서울특별시","마포구","신공덕동","중국집","5"
"20180104","목","남","50대","서울특별시","마포구","마포동","중국집","5"
"20180104","목","여","50대","서울특별시","마포구","신수동","중국집","5"
"20180104","목","여","50대","서울특별시","마포구","창전동","중국집","5"
"20180104","목","남","40대","서울특별시","마포구","합정동","중국집","11"
"20180104","목","남","60대이상","서울특별시","마포구","합정동","중국집","6"
"20180104","목","남","40대","서울특별시","마포구","망원동","중국집","5"
"20180104","목","여","50대","서울특별시","마포구","합정동","중국집","5"
"20180104","목","여","60대이상","서울특별시","마포구","마포동","중국집","5"
"20180104","목","남","10대","서울특별시","마포구","대흥동","중국집","5"
"20180104","목","여","30대","서울특별시","마포구","망원동","중국집","5"
"20180104","목","여","60대이상","서울특별시","마포구","상암동","중국집","7"
"20180104","목","여","60대이상","서울특별시","마포구","신수동","중국집","5"
"20180104","목","여","60대이상","서울특별시","마포구","합정동","중국집","5"
"20180104","목","남","10대","서울특별시","서대문구","연희동","중국집","5"
"20180104","목","남","10대","서울특별시","서대문구","창천동","중국집","5"
"20180104","목","남","10대","서울특별시","서대문구","홍은동","중국집","5"
"20180104","목","남","20대","서울특별시","서대문구","북가좌동","중국집","5"
"20180104","목","남","20대","서울특별시","서대문구","창천동","중국집","13"
"20180104","목","남","30대","서울특별시","서대문구","홍제동","중국집","20"
"20180104","목","남","40대","서울특별시","서대문구","북아현동","중국집","5"
"20180104","목","남","40대","서울특별시","서대문구","충정로3가","중국집","5"
"20180104","목","남","40대","서울특별시","서대문구","홍제동","중국집","32"
"20180104","목","남","50대","서울특별시","서대문구","충정로3가","중국집","5"
"20180104","목","남","60대이상","서울특별시","서대문구","북가좌동","중국집","5"
"20180104","목","남","60대이상","서울특별시","서대문구","창천동","중국집","17"
"20180104","목","남","60대이상","서울특별시","서대문구","홍제동","중국집","18"
"20180104","목","여","10대","서울특별시","서대문구","창천동","중국집","5"
"20180104","목","남","20대","서울특별시","서대문구","충정로3가","중국집","5"
"20180104","목","여","10대","서울특별시","서대문구","충정로3가","중국집","5"
"20180104","목","여","20대","서울특별시","서대문구","남가좌동","중국집","5"
"20180104","목","남","30대","서울특별시","서대문구","연희동","중국집","49"
"20180104","목","여","20대","서울특별시","서대문구","북가좌동","중국집","5"
"20180104","목","남","30대","서울특별시","서대문구","창천동","중국집","22"
"20180104","목","여","20대","서울특별시","서대문구","창천동","중국집","10"
"20180104","목","여","20대","서울특별시","서대문구","충정로3가","중국집","5"
"20180104","목","여","20대","서울특별시","서대문구","홍은동","중국집","5"
"20180104","목","남","50대","서울특별시","서대문구","연희동","중국집","30"
"20180104","목","여","20대","서울특별시","서대문구","홍제동","중국집","7"
"20180104","목","여","30대","서울특별시","서대문구","북아현동","중국집","5"
"20180104","목","남","50대","서울특별시","서대문구","홍제동","중국집","18"
"20180104","목","여","30대","서울특별시","서대문구","창천동","중국집","16"
"20180104","목","남","40대","서울특별시","서대문구","연희동","중국집","44"
"20180104","목","여","30대","서울특별시","서대문구","홍은동","중국집","5"
"20180104","목","여","40대","서울특별시","서대문구","북가좌동","중국집","5"
"20180104","목","여","40대","서울특별시","서대문구","연희동","중국집","54"
"20180104","목","남","50대","서울특별시","서대문구","창천동","중국집","30"
"20180104","목","여","40대","서울특별시","서대문구","충정로2가","중국집","5"
"20180104","목","여","40대","서울특별시","서대문구","창천동","중국집","22"
"20180104","목","남","50대","서울특별시","서대문구","홍은동","중국집","5"
"20180104","목","여","40대","서울특별시","서대문구","충정로3가","중국집","5"
"20180104","목","남","20대","서울특별시","서대문구","홍제동","중국집","20"
"20180104","목","여","30대","서울특별시","서대문구","북가좌동","중국집","5"
"20180104","목","여","40대","서울특별시","서대문구","홍은동","중국집","5"
"20180104","목","여","30대","서울특별시","서대문구","연희동","중국집","30"
"20180104","목","여","50대","서울특별시","서대문구","북가좌동","중국집","5"
"20180104","목","남","10대","서울특별시","서대문구","홍제동","중국집","11"
"20180104","목","여","30대","서울특별시","서대문구","충정로3가","중국집","5"
"20180104","목","여","50대","서울특별시","서대문구","연희동","중국집","25"
"20180104","목","남","60대이상","서울특별시","서대문구","연희동","중국집","19"
"20180104","목","여","40대","서울특별시","서대문구","홍제동","중국집","36"
"20180104","목","여","10대","서울특별시","서대문구","홍제동","중국집","5"
"20180104","목","여","50대","서울특별시","서대문구","창천동","중국집","11"
"20180104","목","여","50대","서울특별시","서대문구","충정로3가","중국집","5"
"20180104","목","여","30대","서울특별시","서대문구","홍제동","중국집","15"
"20180104","목","여","50대","서울특별시","서대문구","홍제동","중국집","19"
"20180104","목","여","60대이상","서울특별시","서대문구","연희동","중국집","20"
"20180104","목","남","40대","서울특별시","서대문구","창천동","중국집","24"
"20180104","목","여","10대","서울특별시","서대문구","연희동","중국집","5"
"20180104","목","여","60대이상","서울특별시","서대문구","창천동","중국집","7"
"20180104","목","남","20대","서울특별시","서대문구","연희동","중국집","33"
"20180104","목","여","60대이상","서울특별시","서대문구","북가좌동","중국집","5"
"20180104","목","여","20대","서울특별시","서대문구","연희동","중국집","39"
"20180104","목","여","60대이상","서울특별시","서대문구","홍은동","중국집","5"
"20180104","목","여","60대이상","서울특별시","서대문구","홍제동","중국집","20"
"20180104","목","남","30대","서울특별시","서대문구","충정로3가","중국집","5"
"20180104","목","남","20대","서울특별시","서초구","내곡동","중국집","5"
"20180104","목","남","20대","서울특별시","서초구","서초동","중국집","5"
"20180104","목","남","20대","서울특별시","서초구","양재동","중국집","22"
"20180104","목","남","10대","서울특별시","서초구","반포동","중국집","6"
"20180104","목","남","40대","서울특별시","서초구","내곡동","중국집","5"
"20180104","목","남","40대","서울특별시","서초구","반포동","중국집","10"
"20180104","목","남","40대","서울특별시","서초구","서초동","중국집","18"
"20180104","목","남","40대","서울특별시","서초구","잠원동","중국집","5"
"20180104","목","남","50대","서울특별시","서초구","반포동","중국집","9"
"20180104","목","남","60대이상","서울특별시","서초구","방배동","중국집","30"
"20180104","목","남","30대","서울특별시","서초구","내곡동","중국집","5"
"20180104","목","남","60대이상","서울특별시","서초구","서초동","중국집","6"
"20180104","목","여","10대","서울특별시","서초구","서초동","중국집","5"
"20180104","목","여","10대","서울특별시","서초구","양재동","중국집","5"
"20180104","목","여","20대","서울특별시","서초구","반포동","중국집","5"
"20180104","목","남","30대","서울특별시","서초구","양재동","중국집","50"
"20180104","목","여","20대","서울특별시","서초구","방배동","중국집","16"
"20180104","목","여","20대","서울특별시","서초구","서초동","중국집","9"
"20180104","목","남","50대","서울특별시","서초구","방배동","중국집","34"
"20180104","목","여","20대","서울특별시","서초구","양재동","중국집","17"
"20180104","목","남","10대","서울특별시","서초구","방배동","중국집","8"
"20180104","목","남","40대","서울특별시","서초구","양재동","중국집","37"
"20180104","목","남","50대","서울특별시","서초구","양재동","중국집","24"
"20180104","목","여","20대","서울특별시","서초구","잠원동","중국집","5"
"20180104","목","남","40대","서울특별시","서초구","방배동","중국집","41"
"20180104","목","여","30대","서울특별시","서초구","내곡동","중국집","5"
"20180104","목","남","30대","서울특별시","서초구","방배동","중국집","48"
"20180104","목","여","30대","서울특별시","서초구","반포동","중국집","9"
"20180104","목","여","30대","서울특별시","서초구","방배동","중국집","39"
"20180104","목","여","30대","서울특별시","서초구","서초동","중국집","14"
"20180104","목","여","30대","서울특별시","서초구","양재동","중국집","27"
"20180104","목","여","30대","서울특별시","서초구","잠원동","중국집","5"
"20180104","목","여","40대","서울특별시","서초구","내곡동","중국집","5"
"20180104","목","여","10대","서울특별시","서초구","반포동","중국집","5"
"20180104","목","여","40대","서울특별시","서초구","반포동","중국집","21"
"20180104","목","여","10대","서울특별시","서초구","방배동","중국집","6"
"20180104","목","여","40대","서울특별시","서초구","방배동","중국집","63"
"20180104","목","여","40대","서울특별시","서초구","서초동","중국집","8"
"20180104","목","남","20대","서울특별시","서초구","반포동","중국집","5"
"20180104","목","여","40대","서울특별시","서초구","양재동","중국집","36"
"20180104","목","남","60대이상","서울특별시","서초구","양재동","중국집","14"
"20180104","목","남","60대이상","서울특별시","서초구","반포동","중국집","7"
"20180104","목","여","50대","서울특별시","서초구","반포동","중국집","5"
"20180104","목","여","50대","서울특별시","서초구","방배동","중국집","39"
"20180104","목","남","10대","서울특별시","서초구","양재동","중국집","5"
"20180104","목","남","30대","서울특별시","서초구","반포동","중국집","15"
"20180104","목","여","50대","서울특별시","서초구","서초동","중국집","5"
"20180104","목","남","20대","서울특별시","서초구","방배동","중국집","30"
"20180104","목","여","50대","서울특별시","서초구","양재동","중국집","23"
"20180104","목","여","50대","서울특별시","서초구","내곡동","중국집","5"
"20180104","목","여","60대이상","서울특별시","서초구","내곡동","중국집","5"
"20180104","목","여","60대이상","서울특별시","서초구","반포동","중국집","5"
"20180104","목","여","60대이상","서울특별시","서초구","방배동","중국집","28"
"20180104","목","여","60대이상","서울특별시","서초구","서초동","중국집","5"
"20180104","목","남","50대","서울특별시","서초구","내곡동","중국집","5"
"20180104","목","여","60대이상","서울특별시","서초구","양재동","중국집","10"
"20180104","목","남","30대","서울특별시","서초구","서초동","중국집","15"
"20180104","목","남","10대","서울특별시","성동구","성수동2가","중국집","11"
"20180104","목","남","10대","서울특별시","성동구","옥수동","중국집","5"
"20180104","목","남","20대","서울특별시","성동구","성수동2가","중국집","57"
"20180104","목","남","20대","서울특별시","성동구","옥수동","중국집","15"
"20180104","목","남","30대","서울특별시","성동구","성수동2가","중국집","79"
"20180104","목","남","30대","서울특별시","성동구","옥수동","중국집","16"
"20180104","목","남","40대","서울특별시","성동구","성수동2가","중국집","86"
"20180104","목","남","50대","서울특별시","성동구","성수동2가","중국집","52"
"20180104","목","남","60대이상","서울특별시","성동구","옥수동","중국집","16"
"20180104","목","여","10대","서울특별시","성동구","성수동2가","중국집","5"
"20180104","목","남","40대","서울특별시","성동구","옥수동","중국집","18"
"20180104","목","여","20대","서울특별시","성동구","성수동2가","중국집","15"
"20180104","목","여","20대","서울특별시","성동구","옥수동","중국집","5"
"20180104","목","여","30대","서울특별시","성동구","성수동2가","중국집","38"
"20180104","목","남","60대이상","서울특별시","성동구","성수동2가","중국집","32"
"20180104","목","여","30대","서울특별시","성동구","옥수동","중국집","9"
"20180104","목","남","50대","서울특별시","성동구","옥수동","중국집","23"
"20180104","목","여","40대","서울특별시","성동구","성수동2가","중국집","63"
"20180104","목","여","50대","서울특별시","성동구","성수동2가","중국집","37"
"20180104","목","여","50대","서울특별시","성동구","옥수동","중국집","18"
"20180104","목","여","40대","서울특별시","성동구","옥수동","중국집","17"
"20180104","목","여","60대이상","서울특별시","성동구","성수동2가","중국집","27"
"20180104","목","여","60대이상","서울특별시","성동구","옥수동","중국집","9"
"20180104","목","남","10대","서울특별시","성북구","길음동","중국집","5"
"20180104","목","남","10대","서울특별시","성북구","정릉동","중국집","5"
"20180104","목","남","20대","서울특별시","성북구","정릉동","중국집","5"
"20180104","목","남","20대","서울특별시","성북구","하월곡동","중국집","5"
"20180104","목","남","30대","서울특별시","성북구","동선동3가","중국집","5"
"20180104","목","남","30대","서울특별시","성북구","삼선동5가","중국집","5"
"20180104","목","남","30대","서울특별시","성북구","하월곡동","중국집","5"
"20180104","목","남","30대","서울특별시","성북구","정릉동","중국집","5"
"20180104","목","남","40대","서울특별시","성북구","성북동","중국집","5"
"20180104","목","남","20대","서울특별시","성북구","종암동","중국집","5"
"20180104","목","남","10대","서울특별시","성북구","동선동2가","중국집","6"
"20180104","목","남","50대","서울특별시","성북구","장위동","중국집","5"
"20180104","목","남","50대","서울특별시","성북구","동선동2가","중국집","36"
"20180104","목","남","50대","서울특별시","성북구","정릉동","중국집","5"
"20180104","목","남","50대","서울특별시","성북구","종암동","중국집","5"
"20180104","목","남","60대이상","서울특별시","성북구","정릉동","중국집","5"
"20180104","목","여","10대","서울특별시","성북구","동선동2가","중국집","5"
"20180104","목","남","10대","서울특별시","성북구","하월곡동","중국집","5"
"20180104","목","여","10대","서울특별시","성북구","삼선동5가","중국집","5"
"20180104","목","여","10대","서울특별시","성북구","정릉동","중국집","5"
"20180104","목","여","10대","서울특별시","성북구","종암동","중국집","5"
"20180104","목","여","10대","서울특별시","성북구","하월곡동","중국집","5"
"20180104","목","여","20대","서울특별시","성북구","삼선동5가","중국집","5"
"20180104","목","여","30대","서울특별시","성북구","동선동2가","중국집","28"
"20180104","목","여","30대","서울특별시","성북구","성북동","중국집","5"
"20180104","목","여","20대","서울특별시","성북구","하월곡동","중국집","5"
"20180104","목","남","60대이상","서울특별시","성북구","동선동2가","중국집","16"
"20180104","목","여","30대","서울특별시","성북구","정릉동","중국집","5"
"20180104","목","남","40대","서울특별시","성북구","하월곡동","중국집","5"
"20180104","목","남","50대","서울특별시","성북구","성북동","중국집","5"
"20180104","목","남","20대","서울특별시","성북구","동선동2가","중국집","21"
"20180104","목","여","40대","서울특별시","성북구","길음동","중국집","5"
"20180104","목","남","40대","서울특별시","성북구","종암동","중국집","5"
"20180104","목","여","40대","서울특별시","성북구","장위동","중국집","5"
"20180104","목","여","40대","서울특별시","성북구","정릉동","중국집","5"
"20180104","목","여","20대","서울특별시","성북구","동선동2가","중국집","6"
"20180104","목","여","40대","서울특별시","성북구","종암동","중국집","5"
"20180104","목","남","60대이상","서울특별시","성북구","하월곡동","중국집","5"
"20180104","목","남","40대","서울특별시","성북구","동선동3가","중국집","5"
"20180104","목","여","50대","서울특별시","성북구","동선동2가","중국집","26"
"20180104","목","여","50대","서울특별시","성북구","정릉동","중국집","5"
"20180104","목","여","50대","서울특별시","성북구","종암동","중국집","5"
"20180104","목","남","30대","서울특별시","성북구","동선동2가","중국집","32"
"20180104","목","여","60대이상","서울특별시","성북구","동선동2가","중국집","16"
"20180104","목","남","20대","서울특별시","성북구","삼선동5가","중국집","5"
"20180104","목","여","30대","서울특별시","성북구","삼선동5가","중국집","5"
"20180104","목","여","40대","서울특별시","성북구","하월곡동","중국집","5"
"20180104","목","여","40대","서울특별시","성북구","동선동2가","중국집","45"
"20180104","목","여","60대이상","서울특별시","성북구","동선동3가","중국집","5"
"20180104","목","남","50대","서울특별시","성북구","삼선동5가","중국집","5"
"20180104","목","여","60대이상","서울특별시","성북구","삼선동5가","중국집","5"
"20180104","목","남","40대","서울특별시","성북구","동선동2가","중국집","45"
"20180104","목","남","30대","서울특별시","성북구","종암동","중국집","5"
"20180104","목","여","60대이상","서울특별시","성북구","종암동","중국집","5"
"20180104","목","남","10대","서울특별시","송파구","송파동","중국집","13"
"20180104","목","남","10대","서울특별시","송파구","풍납동","중국집","5"
"20180104","목","남","40대","서울특별시","송파구","가락동","중국집","12"
"20180104","목","남","40대","서울특별시","송파구","마천동","중국집","5"
"20180104","목","남","30대","서울특별시","송파구","가락동","중국집","14"
"20180104","목","남","40대","서울특별시","송파구","방이동","중국집","5"
"20180104","목","남","40대","서울특별시","송파구","송파동","중국집","72"
"20180104","목","남","40대","서울특별시","송파구","풍납동","중국집","5"
"20180104","목","남","50대","서울특별시","송파구","가락동","중국집","6"
"20180104","목","남","50대","서울특별시","송파구","거여동","중국집","5"
"20180104","목","남","50대","서울특별시","송파구","마천동","중국집","5"
"20180104","목","남","50대","서울특별시","송파구","방이동","중국집","5"
"20180104","목","남","30대","서울특별시","송파구","송파동","중국집","112"
"20180104","목","남","50대","서울특별시","송파구","송파동","중국집","41"
"20180104","목","남","50대","서울특별시","송파구","풍납동","중국집","5"
"20180104","목","남","60대이상","서울특별시","송파구","가락동","중국집","8"
"20180104","목","남","60대이상","서울특별시","송파구","마천동","중국집","5"
"20180104","목","남","60대이상","서울특별시","송파구","방이동","중국집","5"
"20180104","목","남","60대이상","서울특별시","송파구","송파동","중국집","36"
"20180104","목","여","10대","서울특별시","송파구","송파동","중국집","14"
"20180104","목","여","20대","서울특별시","송파구","가락동","중국집","5"
"20180104","목","여","20대","서울특별시","송파구","방이동","중국집","5"
"20180104","목","남","20대","서울특별시","송파구","송파동","중국집","33"
"20180104","목","여","20대","서울특별시","송파구","잠실동","중국집","5"
"20180104","목","여","20대","서울특별시","송파구","송파동","중국집","19"
"20180104","목","여","30대","서울특별시","송파구","가락동","중국집","7"
"20180104","목","여","30대","서울특별시","송파구","마천동","중국집","5"
"20180104","목","여","30대","서울특별시","송파구","송파동","중국집","46"
"20180104","목","여","40대","서울특별시","송파구","가락동","중국집","18"
"20180104","목","여","40대","서울특별시","송파구","방이동","중국집","5"
"20180104","목","여","40대","서울특별시","송파구","송파동","중국집","76"
"20180104","목","남","10대","서울특별시","송파구","마천동","중국집","5"
"20180104","목","여","40대","서울특별시","송파구","마천동","중국집","5"
"20180104","목","여","40대","서울특별시","송파구","풍납동","중국집","5"
"20180104","목","남","20대","서울특별시","송파구","마천동","중국집","5"
"20180104","목","여","50대","서울특별시","송파구","가락동","중국집","5"
"20180104","목","여","50대","서울특별시","송파구","송파동","중국집","50"
"20180104","목","여","60대이상","서울특별시","송파구","가락동","중국집","5"
"20180104","목","여","60대이상","서울특별시","송파구","마천동","중국집","5"
"20180104","목","여","30대","서울특별시","송파구","풍납동","중국집","5"
"20180104","목","여","60대이상","서울특별시","송파구","송파동","중국집","33"
"20180104","목","남","20대","서울특별시","송파구","가락동","중국집","6"
"20180104","목","남","10대","서울특별시","양천구","신월동","중국집","5"
"20180104","목","남","10대","서울특별시","양천구","신정동","중국집","5"
"20180104","목","남","20대","서울특별시","양천구","목동","중국집","5"
"20180104","목","남","20대","서울특별시","양천구","신월동","중국집","5"
"20180104","목","남","20대","서울특별시","양천구","신정동","중국집","7"
"20180104","목","남","30대","서울특별시","양천구","신월동","중국집","5"
"20180104","목","남","30대","서울특별시","양천구","신정동","중국집","9"
"20180104","목","남","40대","서울특별시","양천구","신정동","중국집","8"
"20180104","목","남","50대","서울특별시","양천구","신정동","중국집","6"
"20180104","목","남","60대이상","서울특별시","양천구","신월동","중국집","5"
"20180104","목","남","60대이상","서울특별시","양천구","신정동","중국집","5"
"20180104","목","여","10대","서울특별시","양천구","신월동","중국집","5"
"20180104","목","여","20대","서울특별시","양천구","신월동","중국집","5"
"20180104","목","남","40대","서울특별시","양천구","목동","중국집","5"
"20180104","목","여","20대","서울특별시","양천구","신정동","중국집","5"
"20180104","목","여","30대","서울특별시","양천구","신정동","중국집","11"
"20180104","목","여","40대","서울특별시","양천구","목동","중국집","5"
"20180104","목","여","10대","서울특별시","양천구","신정동","중국집","5"
"20180104","목","여","40대","서울특별시","양천구","신월동","중국집","5"
"20180104","목","여","40대","서울특별시","양천구","신정동","중국집","26"
"20180104","목","남","30대","서울특별시","양천구","목동","중국집","5"
"20180104","목","여","50대","서울특별시","양천구","목동","중국집","5"
"20180104","목","여","50대","서울특별시","양천구","신월동","중국집","5"
"20180104","목","여","50대","서울특별시","양천구","신정동","중국집","11"
"20180104","목","남","50대","서울특별시","양천구","신월동","중국집","5"
"20180104","목","여","60대이상","서울특별시","양천구","목동","중국집","5"
"20180104","목","여","60대이상","서울특별시","양천구","신정동","중국집","5"
"20180104","목","남","20대","서울특별시","영등포구","문래동2가","중국집","11"
"20180104","목","남","20대","서울특별시","영등포구","문래동3가","중국집","10"
"20180104","목","남","20대","서울특별시","영등포구","여의도동","중국집","15"
"20180104","목","남","20대","서울특별시","영등포구","영등포동7가","중국집","5"
"20180104","목","남","30대","서울특별시","영등포구","당산동6가","중국집","5"
"20180104","목","남","30대","서울특별시","영등포구","문래동2가","중국집","16"
"20180104","목","남","30대","서울특별시","영등포구","여의도동","중국집","30"
"20180104","목","남","40대","서울특별시","영등포구","대림동","중국집","5"
"20180104","목","남","40대","서울특별시","영등포구","문래동2가","중국집","24"
"20180104","목","남","40대","서울특별시","영등포구","문래동3가","중국집","23"
"20180104","목","남","10대","서울특별시","영등포구","문래동3가","중국집","5"
"20180104","목","남","40대","서울특별시","영등포구","신길동","중국집","5"
"20180104","목","남","40대","서울특별시","영등포구","여의도동","중국집","26"
"20180104","목","남","20대","서울특별시","영등포구","대림동","중국집","5"
"20180104","목","남","50대","서울특별시","영등포구","대림동","중국집","5"
"20180104","목","남","10대","서울특별시","영등포구","대림동","중국집","5"
"20180104","목","남","50대","서울특별시","영등포구","문래동2가","중국집","12"
"20180104","목","남","50대","서울특별시","영등포구","신길동","중국집","5"
"20180104","목","남","50대","서울특별시","영등포구","여의도동","중국집","27"
"20180104","목","남","50대","서울특별시","영등포구","영등포동7가","중국집","5"
"20180104","목","남","10대","서울특별시","영등포구","여의도동","중국집","5"
"20180104","목","남","40대","서울특별시","영등포구","영등포동1가","중국집","6"
"20180104","목","남","60대이상","서울특별시","영등포구","문래동2가","중국집","5"
"20180104","목","남","60대이상","서울특별시","영등포구","문래동3가","중국집","21"
"20180104","목","남","60대이상","서울특별시","영등포구","영등포동1가","중국집","5"
"20180104","목","여","10대","서울특별시","영등포구","문래동2가","중국집","5"
"20180104","목","여","10대","서울특별시","영등포구","신길동","중국집","5"
"20180104","목","여","20대","서울특별시","영등포구","대림동","중국집","5"
"20180104","목","남","60대이상","서울특별시","영등포구","여의도동","중국집","8"
"20180104","목","여","20대","서울특별시","영등포구","신길동","중국집","5"
"20180104","목","여","20대","서울특별시","영등포구","여의도동","중국집","5"
"20180104","목","여","20대","서울특별시","영등포구","영등포동7가","중국집","5"
"20180104","목","여","30대","서울특별시","영등포구","대림동","중국집","5"
"20180104","목","남","20대","서울특별시","영등포구","신길동","중국집","5"
"20180104","목","여","30대","서울특별시","영등포구","문래동2가","중국집","13"
"20180104","목","남","10대","서울특별시","영등포구","문래동2가","중국집","5"
"20180104","목","여","30대","서울특별시","영등포구","문래동3가","중국집","15"
"20180104","목","여","30대","서울특별시","영등포구","영등포동1가","중국집","5"
"20180104","목","남","30대","서울특별시","영등포구","신길동","중국집","5"
"20180104","목","여","30대","서울특별시","영등포구","영등포동8가","중국집","5"
"20180104","목","여","40대","서울특별시","영등포구","대림동","중국집","5"
"20180104","목","남","30대","서울특별시","영등포구","영등포동1가","중국집","5"
"20180104","목","남","30대","서울특별시","영등포구","대림동","중국집","5"
"20180104","목","남","50대","서울특별시","영등포구","문래동3가","중국집","19"
"20180104","목","여","40대","서울특별시","영등포구","문래동2가","중국집","18"
"20180104","목","남","50대","서울특별시","영등포구","영등포동1가","중국집","5"
"20180104","목","여","40대","서울특별시","영등포구","문래동3가","중국집","26"
"20180104","목","여","20대","서울특별시","영등포구","문래동3가","중국집","5"
"20180104","목","여","40대","서울특별시","영등포구","신길동","중국집","5"
"20180104","목","여","20대","서울특별시","영등포구","당산동6가","중국집","5"
"20180104","목","여","50대","서울특별시","영등포구","대림동","중국집","5"
"20180104","목","여","20대","서울특별시","영등포구","영등포동1가","중국집","5"
"20180104","목","여","50대","서울특별시","영등포구","문래동2가","중국집","7"
"20180104","목","여","50대","서울특별시","영등포구","문래동3가","중국집","5"
"20180104","목","여","50대","서울특별시","영등포구","여의도동","중국집","8"
"20180104","목","여","30대","서울특별시","영등포구","여의도동","중국집","15"
"20180104","목","여","20대","서울특별시","영등포구","문래동2가","중국집","5"
"20180104","목","남","30대","서울특별시","영등포구","문래동3가","중국집","23"
"20180104","목","여","50대","서울특별시","영등포구","영등포동1가","중국집","5"
"20180104","목","남","10대","서울특별시","영등포구","신길동","중국집","5"
"20180104","목","여","50대","서울특별시","영등포구","영등포동7가","중국집","5"
"20180104","목","여","10대","서울특별시","영등포구","문래동3가","중국집","5"
"20180104","목","여","60대이상","서울특별시","영등포구","당산동6가","중국집","5"
"20180104","목","여","60대이상","서울특별시","영등포구","대림동","중국집","5"
"20180104","목","여","60대이상","서울특별시","영등포구","문래동2가","중국집","11"
"20180104","목","남","30대","서울특별시","영등포구","영등포동7가","중국집","5"
"20180104","목","여","20대","서울특별시","영등포구","영등포동3가","중국집","5"
"20180104","목","여","60대이상","서울특별시","영등포구","문래동3가","중국집","7"
"20180104","목","여","60대이상","서울특별시","영등포구","신길동","중국집","5"
"20180104","목","여","40대","서울특별시","영등포구","여의도동","중국집","18"
"20180104","목","여","60대이상","서울특별시","영등포구","여의도동","중국집","9"
"20180104","목","남","10대","서울특별시","용산구","한강로3가","중국집","5"
"20180104","목","남","20대","서울특별시","용산구","보광동","중국집","5"
"20180104","목","남","20대","서울특별시","용산구","동자동","중국집","5"
"20180104","목","남","20대","서울특별시","용산구","한강로3가","중국집","16"
"20180104","목","남","30대","서울특별시","용산구","동자동","중국집","5"
"20180104","목","남","30대","서울특별시","용산구","보광동","중국집","10"
"20180104","목","남","30대","서울특별시","용산구","신계동","중국집","5"
"20180104","목","남","30대","서울특별시","용산구","원효로4가","중국집","5"
"20180104","목","남","30대","서울특별시","용산구","이촌동","중국집","5"
"20180104","목","남","30대","서울특별시","용산구","한강로3가","중국집","32"
"20180104","목","남","30대","서울특별시","용산구","후암동","중국집","28"
"20180104","목","남","40대","서울특별시","용산구","이촌동","중국집","5"
"20180104","목","남","40대","서울특별시","용산구","한남동","중국집","5"
"20180104","목","남","50대","서울특별시","용산구","원효로4가","중국집","5"
"20180104","목","남","10대","서울특별시","용산구","도원동","중국집","5"
"20180104","목","남","60대이상","서울특별시","용산구","한강로3가","중국집","15"
"20180104","목","남","30대","서울특별시","용산구","이태원동","중국집","5"
"20180104","목","남","60대이상","서울특별시","용산구","후암동","중국집","9"
"20180104","목","여","10대","서울특별시","용산구","한강로3가","중국집","5"
"20180104","목","여","10대","서울특별시","용산구","후암동","중국집","5"
"20180104","목","남","30대","서울특별시","용산구","도원동","중국집","5"
"20180104","목","여","20대","서울특별시","용산구","보광동","중국집","5"
"20180104","목","여","20대","서울특별시","용산구","한강로3가","중국집","10"
"20180104","목","여","20대","서울특별시","용산구","한남동","중국집","5"
"20180104","목","남","40대","서울특별시","용산구","원효로4가","중국집","5"
"20180104","목","여","10대","서울특별시","용산구","동자동","중국집","5"
"20180104","목","여","20대","서울특별시","용산구","후암동","중국집","12"
"20180104","목","여","30대","서울특별시","용산구","보광동","중국집","5"
"20180104","목","여","20대","서울특별시","용산구","갈월동","중국집","5"
"20180104","목","남","60대이상","서울특별시","용산구","보광동","중국집","5"
"20180104","목","남","60대이상","서울특별시","용산구","효창동","중국집","5"
"20180104","목","여","30대","서울특별시","용산구","신계동","중국집","5"
"20180104","목","남","40대","서울특별시","용산구","동자동","중국집","5"
"20180104","목","여","30대","서울특별시","용산구","이촌동","중국집","5"
"20180104","목","여","30대","서울특별시","용산구","이태원동","중국집","5"
"20180104","목","여","30대","서울특별시","용산구","한남동","중국집","5"
"20180104","목","여","30대","서울특별시","용산구","후암동","중국집","19"
"20180104","목","남","40대","서울특별시","용산구","한강로3가","중국집","35"
"20180104","목","여","40대","서울특별시","용산구","동자동","중국집","5"
"20180104","목","여","40대","서울특별시","용산구","보광동","중국집","7"
"20180104","목","여","40대","서울특별시","용산구","도원동","중국집","5"
"20180104","목","남","50대","서울특별시","용산구","보광동","중국집","5"
"20180104","목","남","50대","서울특별시","용산구","한강로3가","중국집","23"
"20180104","목","남","60대이상","서울특별시","용산구","이촌동","중국집","5"
"20180104","목","남","20대","서울특별시","용산구","이태원동","중국집","5"
"20180104","목","여","40대","서울특별시","용산구","신계동","중국집","5"
"20180104","목","여","40대","서울특별시","용산구","원효로4가","중국집","5"
"20180104","목","여","40대","서울특별시","용산구","한강로3가","중국집","32"
"20180104","목","여","30대","서울특별시","용산구","한강로3가","중국집","14"
"20180104","목","남","40대","서울특별시","용산구","보광동","중국집","5"
"20180104","목","여","20대","서울특별시","용산구","이태원동","중국집","5"
"20180104","목","남","50대","서울특별시","용산구","후암동","중국집","34"
"20180104","목","여","40대","서울특별시","용산구","효창동","중국집","5"
"20180104","목","여","40대","서울특별시","용산구","후암동","중국집","26"
"20180104","목","여","50대","서울특별시","용산구","도원동","중국집","5"
"20180104","목","남","10대","서울특별시","용산구","후암동","중국집","5"
"20180104","목","여","50대","서울특별시","용산구","보광동","중국집","5"
"20180104","목","남","20대","서울특별시","용산구","원효로4가","중국집","5"
"20180104","목","여","50대","서울특별시","용산구","한강로3가","중국집","16"
"20180104","목","남","40대","서울특별시","용산구","이태원동","중국집","5"
"20180104","목","여","50대","서울특별시","용산구","한남동","중국집","5"
"20180104","목","여","40대","서울특별시","용산구","이태원동","중국집","5"
"20180104","목","여","60대이상","서울특별시","용산구","동자동","중국집","5"
"20180104","목","여","50대","서울특별시","용산구","후암동","중국집","10"
"20180104","목","남","40대","서울특별시","용산구","후암동","중국집","33"
"20180104","목","남","20대","서울특별시","용산구","한남동","중국집","5"
"20180104","목","남","20대","서울특별시","용산구","도원동","중국집","5"
"20180104","목","여","60대이상","서울특별시","용산구","보광동","중국집","5"
"20180104","목","남","40대","서울특별시","용산구","신계동","중국집","7"
"20180104","목","여","60대이상","서울특별시","용산구","원효로4가","중국집","5"
"20180104","목","여","60대이상","서울특별시","용산구","이태원동","중국집","5"
"20180104","목","여","60대이상","서울특별시","용산구","한강로3가","중국집","23"
"20180104","목","여","40대","서울특별시","용산구","한남동","중국집","5"
"20180104","목","여","40대","서울특별시","용산구","이촌동","중국집","5"
"20180104","목","여","50대","서울특별시","용산구","원효로4가","중국집","5"
"20180104","목","여","60대이상","서울특별시","용산구","후암동","중국집","15"
"20180104","목","남","20대","서울특별시","용산구","후암동","중국집","16"
"20180104","목","남","30대","서울특별시","용산구","한남동","중국집","5"
"20180104","목","남","10대","서울특별시","은평구","불광동","중국집","9"
"20180104","목","남","20대","서울특별시","은평구","수색동","중국집","5"
"20180104","목","남","20대","서울특별시","은평구","증산동","중국집","5"
"20180104","목","남","30대","서울특별시","은평구","증산동","중국집","5"
"20180104","목","남","40대","서울특별시","은평구","불광동","중국집","29"
"20180104","목","남","50대","서울특별시","은평구","불광동","중국집","21"
"20180104","목","남","50대","서울특별시","은평구","증산동","중국집","5"
"20180104","목","남","20대","서울특별시","은평구","불광동","중국집","19"
"20180104","목","남","60대이상","서울특별시","은평구","불광동","중국집","10"
"20180104","목","남","30대","서울특별시","은평구","불광동","중국집","45"
"20180104","목","남","60대이상","서울특별시","은평구","수색동","중국집","5"
"20180104","목","남","60대이상","서울특별시","은평구","증산동","중국집","5"
"20180104","목","여","10대","서울특별시","은평구","불광동","중국집","5"
"20180104","목","여","10대","서울특별시","은평구","증산동","중국집","5"
"20180104","목","여","20대","서울특별시","은평구","구산동","중국집","5"
"20180104","목","여","20대","서울특별시","은평구","불광동","중국집","12"
"20180104","목","여","20대","서울특별시","은평구","증산동","중국집","5"
"20180104","목","여","30대","서울특별시","은평구","구산동","중국집","5"
"20180104","목","여","30대","서울특별시","은평구","불광동","중국집","19"
"20180104","목","여","30대","서울특별시","은평구","증산동","중국집","5"
"20180104","목","여","40대","서울특별시","은평구","불광동","중국집","47"
"20180104","목","여","50대","서울특별시","은평구","불광동","중국집","33"
"20180104","목","여","50대","서울특별시","은평구","수색동","중국집","5"
"20180104","목","남","40대","서울특별시","은평구","수색동","중국집","5"
"20180104","목","여","50대","서울특별시","은평구","증산동","중국집","5"
"20180104","목","남","20대","서울특별시","은평구","구산동","중국집","5"
"20180104","목","여","60대이상","서울특별시","은평구","불광동","중국집","12"
"20180104","목","여","60대이상","서울특별시","은평구","증산동","중국집","5"
"20180104","목","남","10대","서울특별시","종로구","창성동","중국집","5"
"20180104","목","남","20대","서울특별시","종로구","낙원동","중국집","5"
"20180104","목","남","20대","서울특별시","종로구","숭인동","중국집","5"
"20180104","목","남","20대","서울특별시","종로구","창성동","중국집","5"
"20180104","목","남","30대","서울특별시","종로구","관수동","중국집","5"
"20180104","목","남","30대","서울특별시","종로구","교남동","중국집","5"
"20180104","목","남","30대","서울특별시","종로구","낙원동","중국집","5"
"20180104","목","남","30대","서울특별시","종로구","숭인동","중국집","5"
"20180104","목","남","30대","서울특별시","종로구","신문로2가","중국집","5"
"20180104","목","남","40대","서울특별시","종로구","교남동","중국집","5"
"20180104","목","남","40대","서울특별시","종로구","낙원동","중국집","5"
"20180104","목","남","40대","서울특별시","종로구","동숭동","중국집","5"
"20180104","목","남","40대","서울특별시","종로구","숭인동","중국집","5"
"20180104","목","남","40대","서울특별시","종로구","평창동","중국집","5"
"20180104","목","남","30대","서울특별시","종로구","평창동","중국집","6"
"20180104","목","남","50대","서울특별시","종로구","낙원동","중국집","5"
"20180104","목","남","20대","서울특별시","종로구","평창동","중국집","5"
"20180104","목","남","50대","서울특별시","종로구","동숭동","중국집","5"
"20180104","목","남","50대","서울특별시","종로구","숭인동","중국집","5"
"20180104","목","남","50대","서울특별시","종로구","원서동","중국집","5"
"20180104","목","남","50대","서울특별시","종로구","창성동","중국집","5"
"20180104","목","남","60대이상","서울특별시","종로구","동숭동","중국집","5"
"20180104","목","남","20대","서울특별시","종로구","원서동","중국집","5"
"20180104","목","남","60대이상","서울특별시","종로구","종로6가","중국집","5"
"20180104","목","남","60대이상","서울특별시","종로구","평창동","중국집","5"
"20180104","목","여","20대","서울특별시","종로구","원서동","중국집","5"
"20180104","목","여","30대","서울특별시","종로구","교남동","중국집","5"
"20180104","목","여","30대","서울특별시","종로구","명륜1가","중국집","5"
"20180104","목","여","30대","서울특별시","종로구","서린동","중국집","5"
"20180104","목","여","30대","서울특별시","종로구","숭인동","중국집","5"
"20180104","목","여","20대","서울특별시","종로구","신문로2가","중국집","5"
"20180104","목","남","50대","서울특별시","종로구","종로6가","중국집","5"
"20180104","목","여","20대","서울특별시","종로구","창성동","중국집","5"
"20180104","목","여","30대","서울특별시","종로구","신문로2가","중국집","5"
"20180104","목","여","30대","서울특별시","종로구","원서동","중국집","5"
"20180104","목","여","30대","서울특별시","종로구","동숭동","중국집","5"
"20180104","목","여","30대","서울특별시","종로구","종로5가","중국집","5"
"20180104","목","남","20대","서울특별시","종로구","신문로2가","중국집","5"
"20180104","목","남","20대","서울특별시","종로구","관수동","중국집","5"
"20180104","목","여","30대","서울특별시","종로구","창성동","중국집","5"
"20180104","목","여","30대","서울특별시","종로구","평창동","중국집","5"
"20180104","목","여","40대","서울특별시","종로구","경운동","중국집","5"
"20180104","목","여","40대","서울특별시","종로구","낙원동","중국집","5"
"20180104","목","여","40대","서울특별시","종로구","동숭동","중국집","5"
"20180104","목","여","40대","서울특별시","종로구","숭인동","중국집","5"
"20180104","목","여","20대","서울특별시","종로구","동숭동","중국집","5"
"20180104","목","여","40대","서울특별시","종로구","원서동","중국집","5"
"20180104","목","여","40대","서울특별시","종로구","청진동","중국집","5"
"20180104","목","여","40대","서울특별시","종로구","평창동","중국집","8"
"20180104","목","여","40대","서울특별시","종로구","서린동","중국집","5"
"20180104","목","남","30대","서울특별시","종로구","경운동","중국집","6"
"20180104","목","여","50대","서울특별시","종로구","관수동","중국집","5"
"20180104","목","남","50대","서울특별시","종로구","신문로2가","중국집","5"
"20180104","목","남","30대","서울특별시","종로구","창성동","중국집","5"
"20180104","목","여","10대","서울특별시","종로구","교남동","중국집","5"
"20180104","목","남","30대","서울특별시","종로구","원서동","중국집","5"
"20180104","목","여","50대","서울특별시","종로구","안국동","중국집","5"
"20180104","목","여","50대","서울특별시","종로구","원서동","중국집","5"
"20180104","목","남","60대이상","서울특별시","종로구","신문로2가","중국집","5"
"20180104","목","여","20대","서울특별시","종로구","경운동","중국집","5"
"20180104","목","여","20대","서울특별시","종로구","평창동","중국집","5"
"20180104","목","여","50대","서울특별시","종로구","창성동","중국집","5"
"20180104","목","여","50대","서울특별시","종로구","평창동","중국집","5"
"20180104","목","여","40대","서울특별시","종로구","교남동","중국집","7"
"20180104","목","남","30대","서울특별시","종로구","서린동","중국집","5"
"20180104","목","여","50대","서울특별시","종로구","숭인동","중국집","5"
"20180104","목","남","20대","서울특별시","종로구","동숭동","중국집","5"
"20180104","목","여","60대이상","서울특별시","종로구","교남동","중국집","5"
"20180104","목","남","40대","서울특별시","종로구","창성동","중국집","5"
"20180104","목","남","30대","서울특별시","종로구","동숭동","중국집","5"
"20180104","목","여","60대이상","서울특별시","종로구","낙원동","중국집","5"
"20180104","목","여","60대이상","서울특별시","종로구","종로5가","중국집","5"
"20180104","목","여","60대이상","서울특별시","종로구","평창동","중국집","5"
"20180104","목","여","50대","서울특별시","종로구","신문로2가","중국집","5"
"20180104","목","남","30대","서울특별시","중구","무교동","중국집","5"
"20180104","목","남","30대","서울특별시","중구","신당동","중국집","62"
"20180104","목","남","30대","서울특별시","중구","을지로6가","중국집","5"
"20180104","목","남","40대","서울특별시","중구","무교동","중국집","5"
"20180104","목","남","40대","서울특별시","중구","수하동","중국집","89"
"20180104","목","남","40대","서울특별시","중구","신당동","중국집","52"
"20180104","목","남","40대","서울특별시","중구","정동","중국집","5"
"20180104","목","남","40대","서울특별시","중구","을지로3가","중국집","5"
"20180104","목","남","40대","서울특별시","중구","필동2가","중국집","5"
"20180104","목","남","50대","서울특별시","중구","수하동","중국집","62"
"20180104","목","남","50대","서울특별시","중구","정동","중국집","5"
"20180104","목","남","50대","서울특별시","중구","필동2가","중국집","5"
"20180104","목","남","60대이상","서울특별시","중구","신당동","중국집","36"
"20180104","목","남","30대","서울특별시","중구","충무로1가","중국집","5"
"20180104","목","남","60대이상","서울특별시","중구","수하동","중국집","29"
"20180104","목","남","60대이상","서울특별시","중구","을지로6가","중국집","5"
"20180104","목","남","30대","서울특별시","중구","서소문동","중국집","5"
"20180104","목","남","60대이상","서울특별시","중구","주교동","중국집","5"
"20180104","목","남","60대이상","서울특별시","중구","충무로1가","중국집","5"
"20180104","목","여","10대","서울특별시","중구","수하동","중국집","5"
"20180104","목","남","30대","서울특별시","중구","을지로3가","중국집","5"
"20180104","목","여","20대","서울특별시","중구","수하동","중국집","13"
"20180104","목","여","20대","서울특별시","중구","신당동","중국집","20"
"20180104","목","여","20대","서울특별시","중구","을지로6가","중국집","5"
"20180104","목","여","30대","서울특별시","중구","신당동","중국집","48"
"20180104","목","여","30대","서울특별시","중구","을지로6가","중국집","5"
"20180104","목","여","30대","서울특별시","중구","충무로1가","중국집","5"
"20180104","목","여","30대","서울특별시","중구","필동2가","중국집","5"
"20180104","목","남","60대이상","서울특별시","중구","흥인동","중국집","5"
"20180104","목","남","10대","서울특별시","중구","수하동","중국집","5"
"20180104","목","여","30대","서울특별시","중구","회현동1가","중국집","5"
"20180104","목","여","40대","서울특별시","중구","수하동","중국집","35"
"20180104","목","여","40대","서울특별시","중구","신당동","중국집","58"
"20180104","목","여","20대","서울특별시","중구","회현동1가","중국집","5"
"20180104","목","여","20대","서울특별시","중구","서소문동","중국집","5"
"20180104","목","여","40대","서울특별시","중구","을지로6가","중국집","5"
"20180104","목","여","40대","서울특별시","중구","정동","중국집","5"
"20180104","목","여","40대","서울특별시","중구","주교동","중국집","5"
"20180104","목","여","40대","서울특별시","중구","필동2가","중국집","5"
"20180104","목","남","50대","서울특별시","중구","신당동","중국집","60"
"20180104","목","여","40대","서울특별시","중구","회현동1가","중국집","5"
"20180104","목","여","50대","서울특별시","중구","수하동","중국집","14"
"20180104","목","여","40대","서울특별시","중구","충무로1가","중국집","5"
"20180104","목","여","50대","서울특별시","중구","신당동","중국집","31"
"20180104","목","여","50대","서울특별시","중구","을지로3가","중국집","5"
"20180104","목","남","10대","서울특별시","중구","신당동","중국집","5"
"20180104","목","남","20대","서울특별시","중구","신당동","중국집","55"
"20180104","목","여","50대","서울특별시","중구","을지로6가","중국집","5"
"20180104","목","여","50대","서울특별시","중구","주교동","중국집","5"
"20180104","목","여","30대","서울특별시","중구","수하동","중국집","33"
"20180104","목","남","20대","서울특별시","중구","수하동","중국집","28"
"20180104","목","여","60대이상","서울특별시","중구","명동1가","중국집","5"
"20180104","목","남","30대","서울특별시","중구","정동","중국집","5"
"20180104","목","여","60대이상","서울특별시","중구","수하동","중국집","17"
"20180104","목","남","20대","서울특별시","중구","회현동1가","중국집","5"
"20180104","목","남","20대","서울특별시","중구","필동2가","중국집","5"
"20180104","목","여","60대이상","서울특별시","중구","신당동","중국집","23"
"20180104","목","여","60대이상","서울특별시","중구","을지로6가","중국집","5"
"20180104","목","남","30대","서울특별시","중구","수하동","중국집","84"
"20180104","목","남","20대","서울특별시","중구","장충동2가","중국집","5"
"20180104","목","남","50대","서울특별시","중구","을지로3가","중국집","5"
"20180104","목","남","10대","서울특별시","중랑구","신내동","중국집","5"
"20180104","목","남","20대","서울특별시","중랑구","중화동","중국집","5"
"20180104","목","남","30대","서울특별시","중랑구","면목동","중국집","36"
"20180104","목","남","30대","서울특별시","중랑구","묵동","중국집","5"
"20180104","목","남","30대","서울특별시","중랑구","신내동","중국집","5"
"20180104","목","남","40대","서울특별시","중랑구","망우동","중국집","5"
"20180104","목","남","40대","서울특별시","중랑구","면목동","중국집","51"
"20180104","목","남","50대","서울특별시","중랑구","망우동","중국집","5"
"20180104","목","남","50대","서울특별시","중랑구","면목동","중국집","36"
"20180104","목","남","50대","서울특별시","중랑구","상봉동","중국집","5"
"20180104","목","남","60대이상","서울특별시","중랑구","망우동","중국집","5"
"20180104","목","남","40대","서울특별시","중랑구","묵동","중국집","5"
"20180104","목","남","60대이상","서울특별시","중랑구","묵동","중국집","5"
"20180104","목","남","60대이상","서울특별시","중랑구","신내동","중국집","5"
"20180104","목","남","60대이상","서울특별시","중랑구","면목동","중국집","26"
"20180104","목","여","10대","서울특별시","중랑구","망우동","중국집","5"
"20180104","목","남","20대","서울특별시","중랑구","신내동","중국집","5"
"20180104","목","여","20대","서울특별시","중랑구","망우동","중국집","5"
"20180104","목","남","20대","서울특별시","중랑구","면목동","중국집","28"
"20180104","목","여","20대","서울특별시","중랑구","묵동","중국집","5"
"20180104","목","여","30대","서울특별시","중랑구","망우동","중국집","5"
"20180104","목","여","10대","서울특별시","중랑구","면목동","중국집","5"
"20180104","목","여","30대","서울특별시","중랑구","면목동","중국집","25"
"20180104","목","여","20대","서울특별시","중랑구","면목동","중국집","12"
"20180104","목","여","10대","서울특별시","중랑구","묵동","중국집","5"
"20180104","목","여","30대","서울특별시","중랑구","묵동","중국집","5"
"20180104","목","여","30대","서울특별시","중랑구","상봉동","중국집","5"
"20180104","목","남","10대","서울특별시","중랑구","면목동","중국집","8"
"20180104","목","여","30대","서울특별시","중랑구","신내동","중국집","5"
"20180104","목","남","40대","서울특별시","중랑구","신내동","중국집","5"
"20180104","목","여","40대","서울특별시","중랑구","신내동","중국집","5"
"20180104","목","여","50대","서울특별시","중랑구","망우동","중국집","5"
"20180104","목","남","60대이상","서울특별시","중랑구","중화동","중국집","5"
"20180104","목","여","50대","서울특별시","중랑구","면목동","중국집","25"
"20180104","목","남","20대","서울특별시","중랑구","망우동","중국집","5"
"20180104","목","여","50대","서울특별시","중랑구","신내동","중국집","5"
"20180104","목","여","60대이상","서울특별시","중랑구","망우동","중국집","5"
"20180104","목","여","60대이상","서울특별시","중랑구","면목동","중국집","12"
"20180104","목","여","60대이상","서울특별시","중랑구","신내동","중국집","5"
"20180104","목","남","50대","서울특별시","중랑구","묵동","중국집","5"
"20180104","목","여","40대","서울특별시","중랑구","면목동","중국집","42"
"20180104","목","여","60대이상","서울특별시","중랑구","중화동","중국집","5"
"20180105","금","남","10대","서울특별시","강남구","대치동","중국집","5"
"20180105","금","남","10대","서울특별시","강남구","삼성동","중국집","9"
"20180105","금","남","10대","서울특별시","강남구","일원동","중국집","5"
"20180105","금","남","20대","서울특별시","강남구","삼성동","중국집","37"
"20180105","금","남","20대","서울특별시","강남구","세곡동","중국집","7"
"20180105","금","남","20대","서울특별시","강남구","대치동","중국집","5"
"20180105","금","남","20대","서울특별시","강남구","수서동","중국집","5"
"20180105","금","남","20대","서울특별시","강남구","역삼동","중국집","38"
"20180105","금","남","20대","서울특별시","강남구","압구정동","중국집","5"
"20180105","금","남","30대","서울특별시","강남구","삼성동","중국집","94"
"20180105","금","남","10대","서울특별시","강남구","역삼동","중국집","5"
"20180105","금","남","30대","서울특별시","강남구","역삼동","중국집","83"
"20180105","금","남","40대","서울특별시","강남구","삼성동","중국집","70"
"20180105","금","남","40대","서울특별시","강남구","세곡동","중국집","5"
"20180105","금","남","20대","서울특별시","강남구","개포동","중국집","5"
"20180105","금","남","40대","서울특별시","강남구","수서동","중국집","6"
"20180105","금","남","30대","서울특별시","강남구","대치동","중국집","5"
"20180105","금","남","50대","서울특별시","강남구","논현동","중국집","25"
"20180105","금","남","50대","서울특별시","강남구","도곡동","중국집","5"
"20180105","금","남","50대","서울특별시","강남구","세곡동","중국집","5"
"20180105","금","남","50대","서울특별시","강남구","수서동","중국집","5"
"20180105","금","남","50대","서울특별시","강남구","압구정동","중국집","5"
"20180105","금","남","60대이상","서울특별시","강남구","개포동","중국집","5"
"20180105","금","남","60대이상","서울특별시","강남구","논현동","중국집","15"
"20180105","금","남","60대이상","서울특별시","강남구","도곡동","중국집","5"
"20180105","금","남","40대","서울특별시","강남구","개포동","중국집","5"
"20180105","금","남","30대","서울특별시","강남구","도곡동","중국집","5"
"20180105","금","남","60대이상","서울특별시","강남구","역삼동","중국집","39"
"20180105","금","남","40대","서울특별시","강남구","역삼동","중국집","77"
"20180105","금","여","10대","서울특별시","강남구","도곡동","중국집","5"
"20180105","금","여","20대","서울특별시","강남구","도곡동","중국집","5"
"20180105","금","여","20대","서울특별시","강남구","삼성동","중국집","26"
"20180105","금","남","60대이상","서울특별시","강남구","세곡동","중국집","5"
"20180105","금","여","20대","서울특별시","강남구","세곡동","중국집","5"
"20180105","금","여","20대","서울특별시","강남구","압구정동","중국집","5"
"20180105","금","여","20대","서울특별시","강남구","역삼동","중국집","26"
"20180105","금","여","30대","서울특별시","강남구","도곡동","중국집","5"
"20180105","금","남","30대","서울특별시","강남구","수서동","중국집","5"
"20180105","금","여","30대","서울특별시","강남구","삼성동","중국집","65"
"20180105","금","여","30대","서울특별시","강남구","수서동","중국집","5"
"20180105","금","남","60대이상","서울특별시","강남구","압구정동","중국집","5"
"20180105","금","여","30대","서울특별시","강남구","압구정동","중국집","5"
"20180105","금","여","20대","서울특별시","강남구","수서동","중국집","5"
"20180105","금","여","30대","서울특별시","강남구","역삼동","중국집","49"
"20180105","금","여","40대","서울특별시","강남구","개포동","중국집","5"
"20180105","금","남","60대이상","서울특별시","강남구","대치동","중국집","5"
"20180105","금","여","10대","서울특별시","강남구","삼성동","중국집","6"
"20180105","금","여","40대","서울특별시","강남구","논현동","중국집","52"
"20180105","금","여","40대","서울특별시","강남구","삼성동","중국집","87"
"20180105","금","남","60대이상","서울특별시","강남구","삼성동","중국집","30"
"20180105","금","남","60대이상","서울특별시","강남구","수서동","중국집","5"
"20180105","금","여","40대","서울특별시","강남구","역삼동","중국집","59"
"20180105","금","여","50대","서울특별시","강남구","논현동","중국집","23"
"20180105","금","남","30대","서울특별시","강남구","일원동","중국집","5"
"20180105","금","여","50대","서울특별시","강남구","삼성동","중국집","59"
"20180105","금","여","10대","서울특별시","강남구","논현동","중국집","5"
"20180105","금","여","50대","서울특별시","강남구","세곡동","중국집","5"
"20180105","금","여","50대","서울특별시","강남구","압구정동","중국집","5"
"20180105","금","여","40대","서울특별시","강남구","수서동","중국집","5"
"20180105","금","여","20대","서울특별시","강남구","일원동","중국집","5"
"20180105","금","남","30대","서울특별시","강남구","세곡동","중국집","7"
"20180105","금","여","40대","서울특별시","강남구","도곡동","중국집","11"
"20180105","금","여","40대","서울특별시","강남구","일원동","중국집","5"
"20180105","금","여","50대","서울특별시","강남구","역삼동","중국집","22"
"20180105","금","남","50대","서울특별시","강남구","삼성동","중국집","39"
"20180105","금","여","60대이상","서울특별시","강남구","개포동","중국집","5"
"20180105","금","여","60대이상","서울특별시","강남구","논현동","중국집","17"
"20180105","금","남","40대","서울특별시","강남구","논현동","중국집","40"
"20180105","금","남","40대","서울특별시","강남구","대치동","중국집","5"
"20180105","금","여","60대이상","서울특별시","강남구","도곡동","중국집","5"
"20180105","금","남","40대","서울특별시","강남구","도곡동","중국집","8"
"20180105","금","여","40대","서울특별시","강남구","세곡동","중국집","8"
"20180105","금","여","60대이상","서울특별시","강남구","삼성동","중국집","19"
"20180105","금","여","20대","서울특별시","강남구","대치동","중국집","5"
"20180105","금","여","30대","서울특별시","강남구","세곡동","중국집","5"
"20180105","금","여","30대","서울특별시","강남구","논현동","중국집","39"
"20180105","금","여","60대이상","서울특별시","강남구","세곡동","중국집","5"
"20180105","금","여","40대","서울특별시","강남구","압구정동","중국집","8"
"20180105","금","남","30대","서울특별시","강남구","논현동","중국집","55"
"20180105","금","여","60대이상","서울특별시","강남구","수서동","중국집","5"
"20180105","금","여","30대","서울특별시","강남구","일원동","중국집","5"
"20180105","금","여","50대","서울특별시","강남구","일원동","중국집","5"
"20180105","금","여","50대","서울특별시","강남구","도곡동","중국집","17"
"20180105","금","여","60대이상","서울특별시","강남구","압구정동","중국집","5"
"20180105","금","남","50대","서울특별시","강남구","역삼동","중국집","44"
"20180105","금","남","20대","서울특별시","강남구","도곡동","중국집","5"
"20180105","금","여","20대","서울특별시","강남구","논현동","중국집","19"
"20180105","금","남","40대","서울특별시","강남구","청담동","중국집","5"
"20180105","금","여","60대이상","서울특별시","강남구","역삼동","중국집","15"
"20180105","금","남","20대","서울특별시","강남구","논현동","중국집","19"
"20180105","금","남","10대","서울특별시","강남구","논현동","중국집","5"
"20180105","금","여","60대이상","서울특별시","강남구","일원동","중국집","5"
"20180105","금","여","40대","서울특별시","강남구","대치동","중국집","5"
"20180105","금","남","10대","서울특별시","강동구","성내동","중국집","5"
"20180105","금","남","30대","서울특별시","강동구","명일동","중국집","5"
"20180105","금","남","20대","서울특별시","강동구","암사동","중국집","5"
"20180105","금","남","40대","서울특별시","강동구","길동","중국집","59"
"20180105","금","남","40대","서울특별시","강동구","성내동","중국집","5"
"20180105","금","남","40대","서울특별시","강동구","암사동","중국집","5"
"20180105","금","남","20대","서울특별시","강동구","명일동","중국집","5"
"20180105","금","남","50대","서울특별시","강동구","성내동","중국집","7"
"20180105","금","남","20대","서울특별시","강동구","성내동","중국집","5"
"20180105","금","남","50대","서울특별시","강동구","천호동","중국집","5"
"20180105","금","남","60대이상","서울특별시","강동구","상일동","중국집","5"
"20180105","금","남","60대이상","서울특별시","강동구","암사동","중국집","5"
"20180105","금","남","10대","서울특별시","강동구","길동","중국집","15"
"20180105","금","여","10대","서울특별시","강동구","상일동","중국집","5"
"20180105","금","남","30대","서울특별시","강동구","성내동","중국집","6"
"20180105","금","여","10대","서울특별시","강동구","암사동","중국집","5"
"20180105","금","남","20대","서울특별시","강동구","길동","중국집","26"
"20180105","금","여","10대","서울특별시","강동구","천호동","중국집","5"
"20180105","금","남","30대","서울특별시","강동구","암사동","중국집","5"
"20180105","금","여","10대","서울특별시","강동구","길동","중국집","5"
"20180105","금","여","20대","서울특별시","강동구","길동","중국집","15"
"20180105","금","여","20대","서울특별시","강동구","명일동","중국집","5"
"20180105","금","남","20대","서울특별시","강동구","천호동","중국집","5"
"20180105","금","여","20대","서울특별시","강동구","상일동","중국집","5"
"20180105","금","여","20대","서울특별시","강동구","성내동","중국집","5"
"20180105","금","여","20대","서울특별시","강동구","천호동","중국집","5"
"20180105","금","남","40대","서울특별시","강동구","명일동","중국집","5"
"20180105","금","남","60대이상","서울특별시","강동구","길동","중국집","18"
"20180105","금","남","60대이상","서울특별시","강동구","성내동","중국집","5"
"20180105","금","여","30대","서울특별시","강동구","길동","중국집","67"
"20180105","금","여","30대","서울특별시","강동구","명일동","중국집","5"
"20180105","금","여","30대","서울특별시","강동구","암사동","중국집","5"
"20180105","금","여","30대","서울특별시","강동구","천호동","중국집","5"
"20180105","금","여","40대","서울특별시","강동구","길동","중국집","95"
"20180105","금","남","60대이상","서울특별시","강동구","천호동","중국집","5"
"20180105","금","여","40대","서울특별시","강동구","명일동","중국집","5"
"20180105","금","여","40대","서울특별시","강동구","성내동","중국집","8"
"20180105","금","남","30대","서울특별시","강동구","천호동","중국집","5"
"20180105","금","남","10대","서울특별시","강동구","명일동","중국집","5"
"20180105","금","여","30대","서울특별시","강동구","성내동","중국집","6"
"20180105","금","여","40대","서울특별시","강동구","암사동","중국집","5"
"20180105","금","남","30대","서울특별시","강동구","길동","중국집","57"
"20180105","금","남","50대","서울특별시","강동구","길동","중국집","46"
"20180105","금","여","40대","서울특별시","강동구","천호동","중국집","5"
"20180105","금","남","10대","서울특별시","강동구","암사동","중국집","5"
"20180105","금","남","50대","서울특별시","강동구","둔촌동","중국집","5"
"20180105","금","여","50대","서울특별시","강동구","길동","중국집","58"
"20180105","금","남","50대","서울특별시","강동구","명일동","중국집","5"
"20180105","금","여","50대","서울특별시","강동구","성내동","중국집","8"
"20180105","금","여","50대","서울특별시","강동구","암사동","중국집","5"
"20180105","금","여","50대","서울특별시","강동구","천호동","중국집","5"
"20180105","금","여","60대이상","서울특별시","강동구","길동","중국집","29"
"20180105","금","여","60대이상","서울특별시","강동구","성내동","중국집","5"
"20180105","금","여","60대이상","서울특별시","강동구","천호동","중국집","5"
"20180105","금","남","10대","서울특별시","강북구","미아동","중국집","11"
"20180105","금","남","10대","서울특별시","강북구","번동","중국집","6"
"20180105","금","남","20대","서울특별시","강북구","미아동","중국집","32"
"20180105","금","남","20대","서울특별시","강북구","번동","중국집","9"
"20180105","금","남","20대","서울특별시","강북구","우이동","중국집","5"
"20180105","금","남","30대","서울특별시","강북구","미아동","중국집","66"
"20180105","금","남","40대","서울특별시","강북구","미아동","중국집","57"
"20180105","금","남","40대","서울특별시","강북구","번동","중국집","17"
"20180105","금","남","50대","서울특별시","강북구","번동","중국집","13"
"20180105","금","남","50대","서울특별시","강북구","우이동","중국집","5"
"20180105","금","남","60대이상","서울특별시","강북구","미아동","중국집","26"
"20180105","금","여","10대","서울특별시","강북구","미아동","중국집","12"
"20180105","금","여","10대","서울특별시","강북구","우이동","중국집","5"
"20180105","금","여","10대","서울특별시","강북구","번동","중국집","5"
"20180105","금","여","20대","서울특별시","강북구","미아동","중국집","18"
"20180105","금","여","20대","서울특별시","강북구","번동","중국집","5"
"20180105","금","여","30대","서울특별시","강북구","미아동","중국집","43"
"20180105","금","여","30대","서울특별시","강북구","우이동","중국집","5"
"20180105","금","남","60대이상","서울특별시","강북구","우이동","중국집","5"
"20180105","금","여","40대","서울특별시","강북구","미아동","중국집","79"
"20180105","금","여","50대","서울특별시","강북구","미아동","중국집","47"
"20180105","금","여","40대","서울특별시","강북구","번동","중국집","23"
"20180105","금","남","60대이상","서울특별시","강북구","번동","중국집","10"
"20180105","금","여","50대","서울특별시","강북구","번동","중국집","15"
"20180105","금","여","30대","서울특별시","강북구","번동","중국집","15"
"20180105","금","여","50대","서울특별시","강북구","우이동","중국집","5"
"20180105","금","여","60대이상","서울특별시","강북구","미아동","중국집","36"
"20180105","금","남","50대","서울특별시","강북구","미아동","중국집","53"
"20180105","금","여","60대이상","서울특별시","강북구","번동","중국집","7"
"20180105","금","남","30대","서울특별시","강북구","번동","중국집","21"
"20180105","금","남","10대","서울특별시","강서구","내발산동","중국집","8"
"20180105","금","남","10대","서울특별시","강서구","화곡동","중국집","8"
"20180105","금","남","20대","서울특별시","강서구","방화동","중국집","5"
"20180105","금","남","30대","서울특별시","강서구","내발산동","중국집","46"
"20180105","금","남","30대","서울특별시","강서구","화곡동","중국집","40"
"20180105","금","남","40대","서울특별시","강서구","가양동","중국집","33"
"20180105","금","남","40대","서울특별시","강서구","등촌동","중국집","25"
"20180105","금","남","40대","서울특별시","강서구","화곡동","중국집","51"
"20180105","금","남","20대","서울특별시","강서구","화곡동","중국집","16"
"20180105","금","남","50대","서울특별시","강서구","내발산동","중국집","35"
"20180105","금","남","50대","서울특별시","강서구","등촌동","중국집","15"
"20180105","금","남","50대","서울특별시","강서구","화곡동","중국집","21"
"20180105","금","남","50대","서울특별시","강서구","가양동","중국집","12"
"20180105","금","남","30대","서울특별시","강서구","방화동","중국집","5"
"20180105","금","남","60대이상","서울특별시","강서구","내발산동","중국집","14"
"20180105","금","남","60대이상","서울특별시","강서구","마곡동","중국집","5"
"20180105","금","남","60대이상","서울특별시","강서구","외발산동","중국집","5"
"20180105","금","남","60대이상","서울특별시","강서구","화곡동","중국집","28"
"20180105","금","남","60대이상","서울특별시","강서구","등촌동","중국집","10"
"20180105","금","여","10대","서울특별시","강서구","가양동","중국집","5"
"20180105","금","여","10대","서울특별시","강서구","내발산동","중국집","5"
"20180105","금","남","50대","서울특별시","강서구","방화동","중국집","5"
"20180105","금","남","40대","서울특별시","강서구","방화동","중국집","5"
"20180105","금","여","10대","서울특별시","강서구","외발산동","중국집","5"
"20180105","금","여","20대","서울특별시","강서구","가양동","중국집","12"
"20180105","금","여","10대","서울특별시","강서구","등촌동","중국집","5"
"20180105","금","남","20대","서울특별시","강서구","등촌동","중국집","15"
"20180105","금","여","20대","서울특별시","강서구","내발산동","중국집","11"
"20180105","금","여","30대","서울특별시","강서구","가양동","중국집","18"
"20180105","금","여","30대","서울특별시","강서구","내발산동","중국집","33"
"20180105","금","여","20대","서울특별시","강서구","외발산동","중국집","5"
"20180105","금","남","30대","서울특별시","강서구","가양동","중국집","30"
"20180105","금","남","20대","서울특별시","강서구","내발산동","중국집","25"
"20180105","금","여","30대","서울특별시","강서구","등촌동","중국집","13"
"20180105","금","여","30대","서울특별시","강서구","방화동","중국집","5"
"20180105","금","남","10대","서울특별시","강서구","가양동","중국집","9"
"20180105","금","남","40대","서울특별시","강서구","외발산동","중국집","5"
"20180105","금","여","30대","서울특별시","강서구","화곡동","중국집","35"
"20180105","금","남","60대이상","서울특별시","강서구","가양동","중국집","10"
"20180105","금","여","10대","서울특별시","강서구","화곡동","중국집","5"
"20180105","금","여","40대","서울특별시","강서구","가양동","중국집","29"
"20180105","금","여","40대","서울특별시","강서구","내발산동","중국집","50"
"20180105","금","여","40대","서울특별시","강서구","방화동","중국집","5"
"20180105","금","남","30대","서울특별시","강서구","마곡동","중국집","5"
"20180105","금","남","20대","서울특별시","강서구","가양동","중국집","16"
"20180105","금","여","40대","서울특별시","강서구","등촌동","중국집","24"
"20180105","금","여","40대","서울특별시","강서구","화곡동","중국집","70"
"20180105","금","여","50대","서울특별시","강서구","가양동","중국집","15"
"20180105","금","여","50대","서울특별시","강서구","내발산동","중국집","29"
"20180105","금","여","50대","서울특별시","강서구","등촌동","중국집","14"
"20180105","금","여","20대","서울특별시","강서구","등촌동","중국집","8"
"20180105","금","여","20대","서울특별시","강서구","화곡동","중국집","10"
"20180105","금","여","50대","서울특별시","강서구","방화동","중국집","5"
"20180105","금","여","50대","서울특별시","강서구","외발산동","중국집","5"
"20180105","금","남","40대","서울특별시","강서구","내발산동","중국집","59"
"20180105","금","여","50대","서울특별시","강서구","화곡동","중국집","36"
"20180105","금","여","30대","서울특별시","강서구","외발산동","중국집","5"
"20180105","금","여","60대이상","서울특별시","강서구","가양동","중국집","9"
"20180105","금","여","60대이상","서울특별시","강서구","내발산동","중국집","19"
"20180105","금","여","60대이상","서울특별시","강서구","등촌동","중국집","13"
"20180105","금","여","60대이상","서울특별시","강서구","화곡동","중국집","15"
"20180105","금","남","30대","서울특별시","강서구","등촌동","중국집","14"
"20180105","금","여","30대","서울특별시","강서구","마곡동","중국집","5"
"20180105","금","남","10대","서울특별시","관악구","봉천동","중국집","5"
"20180105","금","남","10대","서울특별시","관악구","신림동","중국집","5"
"20180105","금","남","30대","서울특별시","관악구","봉천동","중국집","12"
"20180105","금","남","20대","서울특별시","관악구","봉천동","중국집","8"
"20180105","금","남","30대","서울특별시","관악구","신림동","중국집","5"
"20180105","금","남","40대","서울특별시","관악구","봉천동","중국집","5"
"20180105","금","남","40대","서울특별시","관악구","신림동","중국집","5"
"20180105","금","남","50대","서울특별시","관악구","신림동","중국집","5"
"20180105","금","남","20대","서울특별시","관악구","신림동","중국집","9"
"20180105","금","남","60대이상","서울특별시","관악구","신림동","중국집","5"
"20180105","금","여","10대","서울특별시","관악구","봉천동","중국집","5"
"20180105","금","여","20대","서울특별시","관악구","봉천동","중국집","5"
"20180105","금","여","20대","서울특별시","관악구","신림동","중국집","8"
"20180105","금","여","30대","서울특별시","관악구","봉천동","중국집","5"
"20180105","금","여","30대","서울특별시","관악구","신림동","중국집","6"
"20180105","금","여","40대","서울특별시","관악구","봉천동","중국집","9"
"20180105","금","여","40대","서울특별시","관악구","신림동","중국집","5"
"20180105","금","여","50대","서울특별시","관악구","봉천동","중국집","5"
"20180105","금","여","50대","서울특별시","관악구","신림동","중국집","7"
"20180105","금","여","60대이상","서울특별시","관악구","봉천동","중국집","6"
"20180105","금","남","50대","서울특별시","관악구","봉천동","중국집","5"
"20180105","금","여","10대","서울특별시","관악구","신림동","중국집","5"
"20180105","금","남","60대이상","서울특별시","관악구","봉천동","중국집","5"
"20180105","금","여","60대이상","서울특별시","관악구","신림동","중국집","6"
"20180105","금","남","10대","서울특별시","광진구","자양동","중국집","5"
"20180105","금","남","20대","서울특별시","광진구","능동","중국집","5"
"20180105","금","남","20대","서울특별시","광진구","화양동","중국집","5"
"20180105","금","남","30대","서울특별시","광진구","자양동","중국집","5"
"20180105","금","남","30대","서울특별시","광진구","중곡동","중국집","5"
"20180105","금","남","40대","서울특별시","광진구","능동","중국집","5"
"20180105","금","남","20대","서울특별시","광진구","자양동","중국집","13"
"20180105","금","남","40대","서울특별시","광진구","자양동","중국집","5"
"20180105","금","남","50대","서울특별시","광진구","능동","중국집","5"
"20180105","금","남","50대","서울특별시","광진구","자양동","중국집","6"
"20180105","금","남","50대","서울특별시","광진구","화양동","중국집","5"
"20180105","금","남","60대이상","서울특별시","광진구","능동","중국집","5"
"20180105","금","남","60대이상","서울특별시","광진구","자양동","중국집","5"
"20180105","금","여","10대","서울특별시","광진구","화양동","중국집","5"
"20180105","금","여","30대","서울특별시","광진구","광장동","중국집","5"
"20180105","금","여","30대","서울특별시","광진구","능동","중국집","5"
"20180105","금","여","20대","서울특별시","광진구","자양동","중국집","10"
"20180105","금","남","30대","서울특별시","광진구","능동","중국집","5"
"20180105","금","여","30대","서울특별시","광진구","자양동","중국집","14"
"20180105","금","여","30대","서울특별시","광진구","중곡동","중국집","5"
"20180105","금","남","40대","서울특별시","광진구","화양동","중국집","5"
"20180105","금","여","40대","서울특별시","광진구","광장동","중국집","5"
"20180105","금","여","40대","서울특별시","광진구","자양동","중국집","11"
"20180105","금","여","40대","서울특별시","광진구","중곡동","중국집","5"
"20180105","금","남","30대","서울특별시","광진구","광장동","중국집","5"
"20180105","금","여","40대","서울특별시","광진구","화양동","중국집","5"
"20180105","금","남","60대이상","서울특별시","광진구","광장동","중국집","5"
"20180105","금","여","50대","서울특별시","광진구","능동","중국집","5"
"20180105","금","여","40대","서울특별시","광진구","능동","중국집","5"
"20180105","금","여","50대","서울특별시","광진구","자양동","중국집","5"
"20180105","금","여","50대","서울특별시","광진구","화양동","중국집","5"
"20180105","금","남","50대","서울특별시","광진구","중곡동","중국집","5"
"20180105","금","여","60대이상","서울특별시","광진구","능동","중국집","5"
"20180105","금","여","60대이상","서울특별시","광진구","자양동","중국집","5"
"20180105","금","남","10대","서울특별시","구로구","개봉동","중국집","6"
"20180105","금","남","10대","서울특별시","구로구","구로동","중국집","5"
"20180105","금","남","20대","서울특별시","구로구","개봉동","중국집","22"
"20180105","금","남","20대","서울특별시","구로구","궁동","중국집","5"
"20180105","금","남","30대","서울특별시","구로구","구로동","중국집","5"
"20180105","금","남","30대","서울특별시","구로구","궁동","중국집","5"
"20180105","금","남","40대","서울특별시","구로구","구로동","중국집","5"
"20180105","금","남","40대","서울특별시","구로구","신도림동","중국집","5"
"20180105","금","남","20대","서울특별시","구로구","구로동","중국집","5"
"20180105","금","남","50대","서울특별시","구로구","개봉동","중국집","21"
"20180105","금","남","50대","서울특별시","구로구","구로동","중국집","5"
"20180105","금","남","60대이상","서울특별시","구로구","개봉동","중국집","11"
"20180105","금","남","60대이상","서울특별시","구로구","구로동","중국집","5"
"20180105","금","여","10대","서울특별시","구로구","개봉동","중국집","6"
"20180105","금","여","10대","서울특별시","구로구","구로동","중국집","5"
"20180105","금","여","10대","서울특별시","구로구","궁동","중국집","5"
"20180105","금","여","20대","서울특별시","구로구","개봉동","중국집","6"
"20180105","금","여","20대","서울특별시","구로구","구로동","중국집","5"
"20180105","금","여","20대","서울특별시","구로구","궁동","중국집","5"
"20180105","금","남","10대","서울특별시","구로구","궁동","중국집","5"
"20180105","금","남","40대","서울특별시","구로구","개봉동","중국집","37"
"20180105","금","여","30대","서울특별시","구로구","구로동","중국집","5"
"20180105","금","남","40대","서울특별시","구로구","궁동","중국집","5"
"20180105","금","남","30대","서울특별시","구로구","개봉동","중국집","22"
"20180105","금","여","40대","서울특별시","구로구","개봉동","중국집","41"
"20180105","금","여","40대","서울특별시","구로구","궁동","중국집","5"
"20180105","금","여","50대","서울특별시","구로구","개봉동","중국집","24"
"20180105","금","여","50대","서울특별시","구로구","구로동","중국집","5"
"20180105","금","여","30대","서울특별시","구로구","개봉동","중국집","36"
"20180105","금","여","50대","서울특별시","구로구","궁동","중국집","5"
"20180105","금","남","50대","서울특별시","구로구","신도림동","중국집","5"
"20180105","금","여","60대이상","서울특별시","구로구","개봉동","중국집","9"
"20180105","금","여","20대","서울특별시","구로구","신도림동","중국집","5"
"20180105","금","여","60대이상","서울특별시","구로구","구로동","중국집","5"
"20180105","금","남","10대","서울특별시","금천구","가산동","중국집","5"
"20180105","금","남","10대","서울특별시","금천구","시흥동","중국집","5"
"20180105","금","남","20대","서울특별시","금천구","가산동","중국집","5"
"20180105","금","남","30대","서울특별시","금천구","가산동","중국집","14"
"20180105","금","남","20대","서울특별시","금천구","독산동","중국집","5"
"20180105","금","남","30대","서울특별시","금천구","독산동","중국집","5"
"20180105","금","남","20대","서울특별시","금천구","시흥동","중국집","5"
"20180105","금","남","40대","서울특별시","금천구","독산동","중국집","6"
"20180105","금","남","40대","서울특별시","금천구","시흥동","중국집","5"
"20180105","금","남","50대","서울특별시","금천구","가산동","중국집","9"
"20180105","금","남","50대","서울특별시","금천구","시흥동","중국집","5"
"20180105","금","남","60대이상","서울특별시","금천구","가산동","중국집","8"
"20180105","금","남","60대이상","서울특별시","금천구","독산동","중국집","5"
"20180105","금","여","20대","서울특별시","금천구","가산동","중국집","5"
"20180105","금","여","20대","서울특별시","금천구","독산동","중국집","5"
"20180105","금","여","30대","서울특별시","금천구","가산동","중국집","14"
"20180105","금","남","40대","서울특별시","금천구","가산동","중국집","21"
"20180105","금","여","30대","서울특별시","금천구","시흥동","중국집","7"
"20180105","금","여","40대","서울특별시","금천구","가산동","중국집","9"
"20180105","금","여","40대","서울특별시","금천구","시흥동","중국집","5"
"20180105","금","여","50대","서울특별시","금천구","가산동","중국집","9"
"20180105","금","여","50대","서울특별시","금천구","독산동","중국집","5"
"20180105","금","남","60대이상","서울특별시","금천구","시흥동","중국집","5"
"20180105","금","여","60대이상","서울특별시","금천구","가산동","중국집","5"
"20180105","금","여","60대이상","서울특별시","금천구","시흥동","중국집","5"
"20180105","금","남","10대","서울특별시","노원구","월계동","중국집","5"
"20180105","금","남","20대","서울특별시","노원구","중계동","중국집","5"
"20180105","금","남","30대","서울특별시","노원구","상계동","중국집","32"
"20180105","금","남","40대","서울특별시","노원구","상계동","중국집","63"
"20180105","금","남","40대","서울특별시","노원구","월계동","중국집","5"
"20180105","금","남","40대","서울특별시","노원구","중계동","중국집","5"
"20180105","금","남","50대","서울특별시","노원구","상계동","중국집","26"
"20180105","금","남","60대이상","서울특별시","노원구","공릉동","중국집","5"
"20180105","금","남","60대이상","서울특별시","노원구","상계동","중국집","19"
"20180105","금","남","60대이상","서울특별시","노원구","월계동","중국집","5"
"20180105","금","남","50대","서울특별시","노원구","중계동","중국집","5"
"20180105","금","여","10대","서울특별시","노원구","공릉동","중국집","5"
"20180105","금","여","10대","서울특별시","노원구","상계동","중국집","5"
"20180105","금","여","20대","서울특별시","노원구","공릉동","중국집","5"
"20180105","금","여","20대","서울특별시","노원구","상계동","중국집","11"
"20180105","금","남","50대","서울특별시","노원구","공릉동","중국집","5"
"20180105","금","여","20대","서울특별시","노원구","월계동","중국집","5"
"20180105","금","여","20대","서울특별시","노원구","중계동","중국집","5"
"20180105","금","여","30대","서울특별시","노원구","공릉동","중국집","5"
"20180105","금","여","30대","서울특별시","노원구","상계동","중국집","30"
"20180105","금","여","30대","서울특별시","노원구","월계동","중국집","5"
"20180105","금","남","10대","서울특별시","노원구","상계동","중국집","8"
"20180105","금","남","20대","서울특별시","노원구","공릉동","중국집","5"
"20180105","금","여","40대","서울특별시","노원구","공릉동","중국집","7"
"20180105","금","여","40대","서울특별시","노원구","상계동","중국집","76"
"20180105","금","남","10대","서울특별시","노원구","중계동","중국집","5"
"20180105","금","여","40대","서울특별시","노원구","월계동","중국집","5"
"20180105","금","여","40대","서울특별시","노원구","하계동","중국집","5"
"20180105","금","여","50대","서울특별시","노원구","공릉동","중국집","5"
"20180105","금","여","50대","서울특별시","노원구","상계동","중국집","41"
"20180105","금","남","30대","서울특별시","노원구","월계동","중국집","5"
"20180105","금","여","50대","서울특별시","노원구","월계동","중국집","5"
"20180105","금","남","30대","서울특별시","노원구","공릉동","중국집","5"
"20180105","금","남","10대","서울특별시","노원구","공릉동","중국집","5"
"20180105","금","여","50대","서울특별시","노원구","중계동","중국집","5"
"20180105","금","여","60대이상","서울특별시","노원구","공릉동","중국집","5"
"20180105","금","여","60대이상","서울특별시","노원구","상계동","중국집","21"
"20180105","금","남","20대","서울특별시","노원구","월계동","중국집","5"
"20180105","금","남","20대","서울특별시","노원구","상계동","중국집","21"
"20180105","금","여","60대이상","서울특별시","노원구","월계동","중국집","5"
"20180105","금","여","40대","서울특별시","노원구","중계동","중국집","5"
"20180105","금","여","60대이상","서울특별시","노원구","중계동","중국집","5"
"20180105","금","남","10대","서울특별시","도봉구","쌍문동","중국집","5"
"20180105","금","남","20대","서울특별시","도봉구","쌍문동","중국집","5"
"20180105","금","남","30대","서울특별시","도봉구","도봉동","중국집","5"
"20180105","금","남","30대","서울특별시","도봉구","쌍문동","중국집","5"
"20180105","금","남","40대","서울특별시","도봉구","쌍문동","중국집","5"
"20180105","금","남","50대","서울특별시","도봉구","도봉동","중국집","5"
"20180105","금","남","50대","서울특별시","도봉구","방학동","중국집","5"
"20180105","금","남","60대이상","서울특별시","도봉구","방학동","중국집","5"
"20180105","금","남","60대이상","서울특별시","도봉구","쌍문동","중국집","5"
"20180105","금","남","40대","서울특별시","도봉구","방학동","중국집","5"
"20180105","금","여","10대","서울특별시","도봉구","쌍문동","중국집","5"
"20180105","금","여","20대","서울특별시","도봉구","도봉동","중국집","5"
"20180105","금","여","30대","서울특별시","도봉구","도봉동","중국집","5"
"20180105","금","여","30대","서울특별시","도봉구","방학동","중국집","5"
"20180105","금","여","30대","서울특별시","도봉구","쌍문동","중국집","5"
"20180105","금","여","20대","서울특별시","도봉구","쌍문동","중국집","5"
"20180105","금","여","40대","서울특별시","도봉구","도봉동","중국집","5"
"20180105","금","여","40대","서울특별시","도봉구","방학동","중국집","5"
"20180105","금","남","50대","서울특별시","도봉구","쌍문동","중국집","5"
"20180105","금","여","50대","서울특별시","도봉구","도봉동","중국집","5"
"20180105","금","여","50대","서울특별시","도봉구","방학동","중국집","5"
"20180105","금","여","40대","서울특별시","도봉구","쌍문동","중국집","5"
"20180105","금","여","50대","서울특별시","도봉구","쌍문동","중국집","5"
"20180105","금","여","60대이상","서울특별시","도봉구","도봉동","중국집","5"
"20180105","금","남","10대","서울특별시","동대문구","전농동","중국집","5"
"20180105","금","남","10대","서울특별시","동대문구","제기동","중국집","6"
"20180105","금","남","20대","서울특별시","동대문구","답십리동","중국집","5"
"20180105","금","남","20대","서울특별시","동대문구","제기동","중국집","47"
"20180105","금","남","30대","서울특별시","동대문구","장안동","중국집","54"
"20180105","금","남","30대","서울특별시","동대문구","전농동","중국집","5"
"20180105","금","남","30대","서울특별시","동대문구","제기동","중국집","60"
"20180105","금","남","40대","서울특별시","동대문구","전농동","중국집","5"
"20180105","금","남","50대","서울특별시","동대문구","답십리동","중국집","5"
"20180105","금","남","40대","서울특별시","동대문구","장안동","중국집","44"
"20180105","금","남","50대","서울특별시","동대문구","장안동","중국집","33"
"20180105","금","남","50대","서울특별시","동대문구","제기동","중국집","28"
"20180105","금","남","60대이상","서울특별시","동대문구","장안동","중국집","18"
"20180105","금","남","60대이상","서울특별시","동대문구","전농동","중국집","5"
"20180105","금","남","20대","서울특별시","동대문구","장안동","중국집","23"
"20180105","금","남","30대","서울특별시","동대문구","답십리동","중국집","5"
"20180105","금","여","10대","서울특별시","동대문구","장안동","중국집","5"
"20180105","금","여","10대","서울특별시","동대문구","제기동","중국집","5"
"20180105","금","여","20대","서울특별시","동대문구","장안동","중국집","10"
"20180105","금","여","20대","서울특별시","동대문구","전농동","중국집","5"
"20180105","금","남","20대","서울특별시","동대문구","전농동","중국집","5"
"20180105","금","여","20대","서울특별시","동대문구","제기동","중국집","9"
"20180105","금","여","30대","서울특별시","동대문구","답십리동","중국집","5"
"20180105","금","여","30대","서울특별시","동대문구","장안동","중국집","44"
"20180105","금","여","30대","서울특별시","동대문구","전농동","중국집","5"
"20180105","금","여","30대","서울특별시","동대문구","제기동","중국집","16"
"20180105","금","남","40대","서울특별시","동대문구","제기동","중국집","43"
"20180105","금","여","30대","서울특별시","동대문구","휘경동","중국집","5"
"20180105","금","여","40대","서울특별시","동대문구","답십리동","중국집","5"
"20180105","금","여","40대","서울특별시","동대문구","장안동","중국집","43"
"20180105","금","남","10대","서울특별시","동대문구","장안동","중국집","7"
"20180105","금","여","40대","서울특별시","동대문구","제기동","중국집","38"
"20180105","금","남","60대이상","서울특별시","동대문구","제기동","중국집","27"
"20180105","금","여","50대","서울특별시","동대문구","답십리동","중국집","5"
"20180105","금","여","50대","서울특별시","동대문구","장안동","중국집","23"
"20180105","금","여","60대이상","서울특별시","동대문구","장안동","중국집","19"
"20180105","금","여","50대","서울특별시","동대문구","제기동","중국집","20"
"20180105","금","여","60대이상","서울특별시","동대문구","전농동","중국집","5"
"20180105","금","여","60대이상","서울특별시","동대문구","제기동","중국집","10"
"20180105","금","남","10대","서울특별시","동작구","상도동","중국집","5"
"20180105","금","남","10대","서울특별시","동작구","신대방동","중국집","19"
"20180105","금","남","20대","서울특별시","동작구","노량진동","중국집","5"
"20180105","금","남","20대","서울특별시","동작구","본동","중국집","5"
"20180105","금","남","20대","서울특별시","동작구","사당동","중국집","5"
"20180105","금","남","20대","서울특별시","동작구","신대방동","중국집","59"
"20180105","금","남","20대","서울특별시","동작구","흑석동","중국집","5"
"20180105","금","남","30대","서울특별시","동작구","노량진동","중국집","5"
"20180105","금","남","30대","서울특별시","동작구","본동","중국집","5"
"20180105","금","남","30대","서울특별시","동작구","사당동","중국집","6"
"20180105","금","남","30대","서울특별시","동작구","상도동","중국집","5"
"20180105","금","남","30대","서울특별시","동작구","신대방동","중국집","98"
"20180105","금","남","40대","서울특별시","동작구","본동","중국집","6"
"20180105","금","남","20대","서울특별시","동작구","상도동","중국집","5"
"20180105","금","남","50대","서울특별시","동작구","본동","중국집","5"
"20180105","금","남","60대이상","서울특별시","동작구","대방동","중국집","5"
"20180105","금","남","40대","서울특별시","동작구","신대방동","중국집","109"
"20180105","금","남","60대이상","서울특별시","동작구","사당동","중국집","5"
"20180105","금","남","60대이상","서울특별시","동작구","상도동","중국집","5"
"20180105","금","남","60대이상","서울특별시","동작구","신대방동","중국집","42"
"20180105","금","여","10대","서울특별시","동작구","신대방동","중국집","7"
"20180105","금","남","40대","서울특별시","동작구","흑석동","중국집","5"
"20180105","금","남","50대","서울특별시","동작구","사당동","중국집","5"
"20180105","금","여","20대","서울특별시","동작구","본동","중국집","5"
"20180105","금","여","20대","서울특별시","동작구","사당동","중국집","5"
"20180105","금","여","20대","서울특별시","동작구","노량진동","중국집","5"
"20180105","금","남","40대","서울특별시","동작구","상도동","중국집","5"
"20180105","금","여","20대","서울특별시","동작구","상도동","중국집","5"
"20180105","금","여","20대","서울특별시","동작구","신대방동","중국집","26"
"20180105","금","여","30대","서울특별시","동작구","노량진동","중국집","5"
"20180105","금","여","30대","서울특별시","동작구","본동","중국집","5"
"20180105","금","여","30대","서울특별시","동작구","대방동","중국집","5"
"20180105","금","여","30대","서울특별시","동작구","사당동","중국집","5"
"20180105","금","여","30대","서울특별시","동작구","상도동","중국집","5"
"20180105","금","남","50대","서울특별시","동작구","대방동","중국집","5"
"20180105","금","여","30대","서울특별시","동작구","신대방동","중국집","73"
"20180105","금","여","40대","서울특별시","동작구","노량진동","중국집","5"
"20180105","금","남","50대","서울특별시","동작구","신대방동","중국집","62"
"20180105","금","여","40대","서울특별시","동작구","상도동","중국집","5"
"20180105","금","여","40대","서울특별시","동작구","신대방동","중국집","90"
"20180105","금","여","50대","서울특별시","동작구","노량진동","중국집","5"
"20180105","금","여","50대","서울특별시","동작구","사당동","중국집","5"
"20180105","금","여","40대","서울특별시","동작구","사당동","중국집","5"
"20180105","금","여","50대","서울특별시","동작구","상도동","중국집","5"
"20180105","금","여","60대이상","서울특별시","동작구","본동","중국집","5"
"20180105","금","여","60대이상","서울특별시","동작구","상도동","중국집","5"
"20180105","금","여","60대이상","서울특별시","동작구","신대방동","중국집","42"
"20180105","금","여","50대","서울특별시","동작구","신대방동","중국집","75"
"20180105","금","남","10대","서울특별시","동작구","사당동","중국집","5"
"20180105","금","남","10대","서울특별시","마포구","망원동","중국집","5"
"20180105","금","남","10대","서울특별시","마포구","상암동","중국집","6"
"20180105","금","남","20대","서울특별시","마포구","마포동","중국집","5"
"20180105","금","남","20대","서울특별시","마포구","상암동","중국집","7"
"20180105","금","남","20대","서울특별시","마포구","창전동","중국집","5"
"20180105","금","남","10대","서울특별시","마포구","신공덕동","중국집","5"
"20180105","금","남","20대","서울특별시","마포구","합정동","중국집","20"
"20180105","금","남","30대","서울특별시","마포구","공덕동","중국집","5"
"20180105","금","남","30대","서울특별시","마포구","상암동","중국집","21"
"20180105","금","남","30대","서울특별시","마포구","창전동","중국집","5"
"20180105","금","남","40대","서울특별시","마포구","대흥동","중국집","5"
"20180105","금","남","30대","서울특별시","마포구","서교동","중국집","5"
"20180105","금","남","40대","서울특별시","마포구","신공덕동","중국집","5"
"20180105","금","남","40대","서울특별시","마포구","염리동","중국집","5"
"20180105","금","남","20대","서울특별시","마포구","대흥동","중국집","5"
"20180105","금","남","40대","서울특별시","마포구","합정동","중국집","27"
"20180105","금","남","50대","서울특별시","마포구","신수동","중국집","5"
"20180105","금","남","50대","서울특별시","마포구","합정동","중국집","6"
"20180105","금","남","60대이상","서울특별시","마포구","노고산동","중국집","5"
"20180105","금","남","60대이상","서울특별시","마포구","아현동","중국집","5"
"20180105","금","남","50대","서울특별시","마포구","염리동","중국집","5"
"20180105","금","남","60대이상","서울특별시","마포구","합정동","중국집","5"
"20180105","금","여","10대","서울특별시","마포구","합정동","중국집","5"
"20180105","금","여","20대","서울특별시","마포구","아현동","중국집","5"
"20180105","금","여","20대","서울특별시","마포구","염리동","중국집","5"
"20180105","금","여","30대","서울특별시","마포구","공덕동","중국집","5"
"20180105","금","여","30대","서울특별시","마포구","마포동","중국집","5"
"20180105","금","여","20대","서울특별시","마포구","합정동","중국집","5"
"20180105","금","남","30대","서울특별시","마포구","염리동","중국집","5"
"20180105","금","남","20대","서울특별시","마포구","염리동","중국집","5"
"20180105","금","남","30대","서울특별시","마포구","합정동","중국집","17"
"20180105","금","여","30대","서울특별시","마포구","망원동","중국집","5"
"20180105","금","여","30대","서울특별시","마포구","상암동","중국집","14"
"20180105","금","여","30대","서울특별시","마포구","신공덕동","중국집","5"
"20180105","금","여","30대","서울특별시","마포구","아현동","중국집","5"
"20180105","금","여","30대","서울특별시","마포구","창전동","중국집","5"
"20180105","금","여","20대","서울특별시","마포구","신공덕동","중국집","5"
"20180105","금","여","20대","서울특별시","마포구","공덕동","중국집","5"
"20180105","금","여","30대","서울특별시","마포구","합정동","중국집","9"
"20180105","금","남","40대","서울특별시","마포구","상암동","중국집","23"
"20180105","금","여","40대","서울특별시","마포구","공덕동","중국집","5"
"20180105","금","여","40대","서울특별시","마포구","망원동","중국집","5"
"20180105","금","여","20대","서울특별시","마포구","대흥동","중국집","5"
"20180105","금","여","40대","서울특별시","마포구","상암동","중국집","28"
"20180105","금","남","30대","서울특별시","마포구","신공덕동","중국집","5"
"20180105","금","여","10대","서울특별시","마포구","상암동","중국집","6"
"20180105","금","남","50대","서울특별시","마포구","망원동","중국집","5"
"20180105","금","남","50대","서울특별시","마포구","공덕동","중국집","5"
"20180105","금","여","40대","서울특별시","마포구","신공덕동","중국집","5"
"20180105","금","남","60대이상","서울특별시","마포구","상암동","중국집","10"
"20180105","금","여","40대","서울특별시","마포구","창전동","중국집","5"
"20180105","금","남","50대","서울특별시","마포구","상암동","중국집","11"
"20180105","금","여","20대","서울특별시","마포구","마포동","중국집","5"
"20180105","금","여","40대","서울특별시","마포구","합정동","중국집","12"
"20180105","금","남","50대","서울특별시","마포구","신공덕동","중국집","5"
"20180105","금","여","50대","서울특별시","마포구","대흥동","중국집","5"
"20180105","금","여","50대","서울특별시","마포구","마포동","중국집","5"
"20180105","금","여","20대","서울특별시","마포구","창전동","중국집","5"
"20180105","금","여","50대","서울특별시","마포구","신공덕동","중국집","5"
"20180105","금","여","50대","서울특별시","마포구","염리동","중국집","5"
"20180105","금","남","60대이상","서울특별시","마포구","염리동","중국집","5"
"20180105","금","여","50대","서울특별시","마포구","창전동","중국집","5"
"20180105","금","남","50대","서울특별시","마포구","마포동","중국집","5"
"20180105","금","남","30대","서울특별시","마포구","마포동","중국집","5"
"20180105","금","남","40대","서울특별시","마포구","마포동","중국집","5"
"20180105","금","여","50대","서울특별시","마포구","합정동","중국집","5"
"20180105","금","남","10대","서울특별시","마포구","서교동","중국집","5"
"20180105","금","남","60대이상","서울특별시","마포구","신공덕동","중국집","5"
"20180105","금","여","60대이상","서울특별시","마포구","상암동","중국집","12"
"20180105","금","여","40대","서울특별시","마포구","신수동","중국집","5"
"20180105","금","여","50대","서울특별시","마포구","상암동","중국집","13"
"20180105","금","남","30대","서울특별시","마포구","대흥동","중국집","5"
"20180105","금","여","60대이상","서울특별시","마포구","아현동","중국집","5"
"20180105","금","여","20대","서울특별시","마포구","상암동","중국집","5"
"20180105","금","남","10대","서울특별시","마포구","마포동","중국집","5"
"20180105","금","남","50대","서울특별시","마포구","창전동","중국집","5"
"20180105","금","여","60대이상","서울특별시","마포구","염리동","중국집","5"
"20180105","금","남","20대","서울특별시","마포구","신수동","중국집","5"
"20180105","금","남","10대","서울특별시","서대문구","연희동","중국집","7"
"20180105","금","남","10대","서울특별시","서대문구","홍제동","중국집","5"
"20180105","금","남","20대","서울특별시","서대문구","홍은동","중국집","5"
"20180105","금","남","30대","서울특별시","서대문구","창천동","중국집","20"
"20180105","금","남","30대","서울특별시","서대문구","충정로3가","중국집","5"
"20180105","금","남","40대","서울특별시","서대문구","연희동","중국집","49"
"20180105","금","남","40대","서울특별시","서대문구","창천동","중국집","28"
"20180105","금","남","40대","서울특별시","서대문구","홍은동","중국집","5"
"20180105","금","남","40대","서울특별시","서대문구","홍제동","중국집","21"
"20180105","금","남","50대","서울특별시","서대문구","연희동","중국집","23"
"20180105","금","남","50대","서울특별시","서대문구","홍제동","중국집","21"
"20180105","금","남","60대이상","서울특별시","서대문구","연희동","중국집","23"
"20180105","금","남","30대","서울특별시","서대문구","북가좌동","중국집","5"
"20180105","금","남","60대이상","서울특별시","서대문구","창천동","중국집","9"
"20180105","금","남","60대이상","서울특별시","서대문구","홍은동","중국집","5"
"20180105","금","남","60대이상","서울특별시","서대문구","홍제동","중국집","19"
"20180105","금","여","10대","서울특별시","서대문구","남가좌동","중국집","5"
"20180105","금","여","10대","서울특별시","서대문구","홍제동","중국집","5"
"20180105","금","여","20대","서울특별시","서대문구","연희동","중국집","25"
"20180105","금","남","20대","서울특별시","서대문구","남가좌동","중국집","5"
"20180105","금","여","20대","서울특별시","서대문구","창천동","중국집","8"
"20180105","금","남","40대","서울특별시","서대문구","충정로3가","중국집","5"
"20180105","금","여","20대","서울특별시","서대문구","충정로3가","중국집","5"
"20180105","금","여","10대","서울특별시","서대문구","연희동","중국집","5"
"20180105","금","여","20대","서울특별시","서대문구","홍제동","중국집","8"
"20180105","금","남","30대","서울특별시","서대문구","연희동","중국집","46"
"20180105","금","남","50대","서울특별시","서대문구","창천동","중국집","17"
"20180105","금","여","30대","서울특별시","서대문구","북가좌동","중국집","5"
"20180105","금","여","30대","서울특별시","서대문구","연희동","중국집","36"
"20180105","금","남","10대","서울특별시","서대문구","북가좌동","중국집","5"
"20180105","금","여","30대","서울특별시","서대문구","창천동","중국집","21"
"20180105","금","남","60대이상","서울특별시","서대문구","북가좌동","중국집","5"
"20180105","금","여","30대","서울특별시","서대문구","충정로3가","중국집","5"
"20180105","금","남","30대","서울특별시","서대문구","홍은동","중국집","5"
"20180105","금","남","20대","서울특별시","서대문구","홍제동","중국집","17"
"20180105","금","여","10대","서울특별시","서대문구","북아현동","중국집","5"
"20180105","금","여","40대","서울특별시","서대문구","북가좌동","중국집","5"
"20180105","금","여","40대","서울특별시","서대문구","연희동","중국집","39"
"20180105","금","여","40대","서울특별시","서대문구","창천동","중국집","35"
"20180105","금","여","40대","서울특별시","서대문구","충정로3가","중국집","5"
"20180105","금","남","30대","서울특별시","서대문구","홍제동","중국집","28"
"20180105","금","여","40대","서울특별시","서대문구","홍은동","중국집","5"
"20180105","금","여","40대","서울특별시","서대문구","홍제동","중국집","42"
"20180105","금","여","50대","서울특별시","서대문구","북가좌동","중국집","5"
"20180105","금","남","50대","서울특별시","서대문구","충정로3가","중국집","5"
"20180105","금","여","50대","서울특별시","서대문구","북아현동","중국집","5"
"20180105","금","여","50대","서울특별시","서대문구","연희동","중국집","31"
"20180105","금","남","20대","서울특별시","서대문구","창천동","중국집","32"
"20180105","금","여","50대","서울특별시","서대문구","창천동","중국집","21"
"20180105","금","남","20대","서울특별시","서대문구","연희동","중국집","34"
"20180105","금","여","50대","서울특별시","서대문구","충정로3가","중국집","5"
"20180105","금","여","50대","서울특별시","서대문구","홍제동","중국집","16"
"20180105","금","여","60대이상","서울특별시","서대문구","북아현동","중국집","5"
"20180105","금","여","10대","서울특별시","서대문구","창천동","중국집","5"
"20180105","금","여","60대이상","서울특별시","서대문구","연희동","중국집","27"
"20180105","금","여","30대","서울특별시","서대문구","홍제동","중국집","32"
"20180105","금","남","10대","서울특별시","서대문구","창천동","중국집","5"
"20180105","금","여","60대이상","서울특별시","서대문구","창천동","중국집","13"
"20180105","금","여","60대이상","서울특별시","서대문구","충정로3가","중국집","5"
"20180105","금","여","60대이상","서울특별시","서대문구","남가좌동","중국집","5"
"20180105","금","여","60대이상","서울특별시","서대문구","홍제동","중국집","11"
"20180105","금","남","10대","서울특별시","서초구","반포동","중국집","5"
"20180105","금","남","10대","서울특별시","서초구","양재동","중국집","7"
"20180105","금","남","20대","서울특별시","서초구","방배동","중국집","22"
"20180105","금","남","20대","서울특별시","서초구","서초동","중국집","5"
"20180105","금","남","30대","서울특별시","서초구","내곡동","중국집","5"
"20180105","금","남","30대","서울특별시","서초구","방배동","중국집","63"
"20180105","금","남","30대","서울특별시","서초구","서초동","중국집","16"
"20180105","금","남","30대","서울특별시","서초구","양재동","중국집","42"
"20180105","금","남","40대","서울특별시","서초구","반포동","중국집","10"
"20180105","금","남","40대","서울특별시","서초구","양재동","중국집","38"
"20180105","금","남","50대","서울특별시","서초구","내곡동","중국집","5"
"20180105","금","남","50대","서울특별시","서초구","반포동","중국집","18"
"20180105","금","남","50대","서울특별시","서초구","방배동","중국집","32"
"20180105","금","남","40대","서울특별시","서초구","내곡동","중국집","5"
"20180105","금","남","50대","서울특별시","서초구","양재동","중국집","20"
"20180105","금","남","50대","서울특별시","서초구","잠원동","중국집","5"
"20180105","금","남","60대이상","서울특별시","서초구","서초동","중국집","9"
"20180105","금","남","60대이상","서울특별시","서초구","양재동","중국집","19"
"20180105","금","남","60대이상","서울특별시","서초구","잠원동","중국집","5"
"20180105","금","남","40대","서울특별시","서초구","서초동","중국집","12"
"20180105","금","남","30대","서울특별시","서초구","반포동","중국집","9"
"20180105","금","여","10대","서울특별시","서초구","방배동","중국집","5"
"20180105","금","남","20대","서울특별시","서초구","양재동","중국집","15"
"20180105","금","여","10대","서울특별시","서초구","서초동","중국집","5"
"20180105","금","남","20대","서울특별시","서초구","반포동","중국집","5"
"20180105","금","여","10대","서울특별시","서초구","양재동","중국집","5"
"20180105","금","남","40대","서울특별시","서초구","방배동","중국집","63"
"20180105","금","남","60대이상","서울특별시","서초구","방배동","중국집","45"
"20180105","금","여","20대","서울특별시","서초구","방배동","중국집","13"
"20180105","금","여","20대","서울특별시","서초구","서초동","중국집","8"
"20180105","금","남","60대이상","서울특별시","서초구","반포동","중국집","8"
"20180105","금","여","20대","서울특별시","서초구","양재동","중국집","10"
"20180105","금","남","10대","서울특별시","서초구","방배동","중국집","8"
"20180105","금","여","30대","서울특별시","서초구","반포동","중국집","11"
"20180105","금","여","20대","서울특별시","서초구","반포동","중국집","5"
"20180105","금","여","30대","서울특별시","서초구","방배동","중국집","38"
"20180105","금","여","30대","서울특별시","서초구","서초동","중국집","8"
"20180105","금","여","30대","서울특별시","서초구","잠원동","중국집","5"
"20180105","금","여","40대","서울특별시","서초구","내곡동","중국집","5"
"20180105","금","남","50대","서울특별시","서초구","서초동","중국집","8"
"20180105","금","여","40대","서울특별시","서초구","반포동","중국집","27"
"20180105","금","여","40대","서울특별시","서초구","방배동","중국집","65"
"20180105","금","여","40대","서울특별시","서초구","서초동","중국집","7"
"20180105","금","여","40대","서울특별시","서초구","양재동","중국집","39"
"20180105","금","여","30대","서울특별시","서초구","양재동","중국집","37"
"20180105","금","여","50대","서울특별시","서초구","내곡동","중국집","5"
"20180105","금","여","50대","서울특별시","서초구","반포동","중국집","12"
"20180105","금","여","50대","서울특별시","서초구","방배동","중국집","42"
"20180105","금","여","50대","서울특별시","서초구","서초동","중국집","5"
"20180105","금","남","10대","서울특별시","서초구","서초동","중국집","5"
"20180105","금","여","50대","서울특별시","서초구","양재동","중국집","21"
"20180105","금","여","60대이상","서울특별시","서초구","반포동","중국집","10"
"20180105","금","여","60대이상","서울특별시","서초구","방배동","중국집","34"
"20180105","금","여","60대이상","서울특별시","서초구","서초동","중국집","5"
"20180105","금","여","60대이상","서울특별시","서초구","양재동","중국집","14"
"20180105","금","남","10대","서울특별시","성동구","성수동2가","중국집","12"
"20180105","금","남","20대","서울특별시","성동구","성수동2가","중국집","70"
"20180105","금","남","20대","서울특별시","성동구","옥수동","중국집","14"
"20180105","금","남","30대","서울특별시","성동구","성수동2가","중국집","83"
"20180105","금","남","40대","서울특별시","성동구","성수동2가","중국집","81"
"20180105","금","남","40대","서울특별시","성동구","옥수동","중국집","29"
"20180105","금","남","50대","서울특별시","성동구","옥수동","중국집","18"
"20180105","금","남","60대이상","서울특별시","성동구","성수동2가","중국집","33"
"20180105","금","남","60대이상","서울특별시","성동구","옥수동","중국집","15"
"20180105","금","여","10대","서울특별시","성동구","성수동2가","중국집","5"
"20180105","금","여","20대","서울특별시","성동구","성수동2가","중국집","23"
"20180105","금","여","20대","서울특별시","성동구","옥수동","중국집","5"
"20180105","금","남","30대","서울특별시","성동구","옥수동","중국집","23"
"20180105","금","여","30대","서울특별시","성동구","성수동2가","중국집","56"
"20180105","금","여","30대","서울특별시","성동구","행당동","중국집","5"
"20180105","금","여","30대","서울특별시","성동구","홍익동","중국집","5"
"20180105","금","여","40대","서울특별시","성동구","성수동2가","중국집","95"
"20180105","금","여","40대","서울특별시","성동구","옥수동","중국집","10"
"20180105","금","여","50대","서울특별시","성동구","성수동2가","중국집","44"
"20180105","금","남","50대","서울특별시","성동구","성수동2가","중국집","41"
"20180105","금","여","50대","서울특별시","성동구","옥수동","중국집","13"
"20180105","금","여","30대","서울특별시","성동구","옥수동","중국집","13"
"20180105","금","여","60대이상","서울특별시","성동구","성수동2가","중국집","25"
"20180105","금","여","60대이상","서울특별시","성동구","옥수동","중국집","10"
"20180105","금","남","10대","서울특별시","성북구","동선동2가","중국집","5"
"20180105","금","남","10대","서울특별시","성북구","하월곡동","중국집","5"
"20180105","금","남","20대","서울특별시","성북구","동선동2가","중국집","38"
"20180105","금","남","20대","서울특별시","성북구","동선동3가","중국집","5"
"20180105","금","남","20대","서울특별시","성북구","종암동","중국집","5"
"20180105","금","남","30대","서울특별시","성북구","동선동2가","중국집","40"
"20180105","금","남","30대","서울특별시","성북구","하월곡동","중국집","5"
"20180105","금","남","40대","서울특별시","성북구","삼선동5가","중국집","5"
"20180105","금","남","40대","서울특별시","성북구","하월곡동","중국집","5"
"20180105","금","남","30대","서울특별시","성북구","정릉동","중국집","5"
"20180105","금","남","50대","서울특별시","성북구","삼선동5가","중국집","5"
"20180105","금","남","50대","서울특별시","성북구","성북동","중국집","5"
"20180105","금","남","50대","서울특별시","성북구","정릉동","중국집","5"
"20180105","금","남","50대","서울특별시","성북구","동선동2가","중국집","44"
"20180105","금","남","50대","서울특별시","성북구","하월곡동","중국집","5"
"20180105","금","남","60대이상","서울특별시","성북구","동선동2가","중국집","22"
"20180105","금","남","60대이상","서울특별시","성북구","삼선동5가","중국집","5"
"20180105","금","남","60대이상","서울특별시","성북구","상월곡동","중국집","5"
"20180105","금","남","60대이상","서울특별시","성북구","정릉동","중국집","5"
"20180105","금","여","10대","서울특별시","성북구","길음동","중국집","5"
"20180105","금","남","40대","서울특별시","성북구","동선동2가","중국집","60"
"20180105","금","남","60대이상","서울특별시","성북구","하월곡동","중국집","5"
"20180105","금","여","10대","서울특별시","성북구","동선동2가","중국집","5"
"20180105","금","여","20대","서울특별시","성북구","동선동2가","중국집","8"
"20180105","금","여","20대","서울특별시","성북구","삼선동5가","중국집","5"
"20180105","금","여","20대","서울특별시","성북구","정릉동","중국집","5"
"20180105","금","여","20대","서울특별시","성북구","종암동","중국집","5"
"20180105","금","여","20대","서울특별시","성북구","하월곡동","중국집","5"
"20180105","금","여","20대","서울특별시","성북구","동선동3가","중국집","5"
"20180105","금","여","30대","서울특별시","성북구","길음동","중국집","5"
"20180105","금","여","30대","서울특별시","성북구","정릉동","중국집","5"
"20180105","금","여","40대","서울특별시","성북구","동선동2가","중국집","53"
"20180105","금","여","40대","서울특별시","성북구","장위동","중국집","5"
"20180105","금","남","20대","서울특별시","성북구","하월곡동","중국집","5"
"20180105","금","여","30대","서울특별시","성북구","동선동2가","중국집","22"
"20180105","금","여","40대","서울특별시","성북구","종암동","중국집","5"
"20180105","금","여","40대","서울특별시","성북구","하월곡동","중국집","5"
"20180105","금","여","50대","서울특별시","성북구","동선동2가","중국집","23"
"20180105","금","남","10대","서울특별시","성북구","정릉동","중국집","5"
"20180105","금","여","60대이상","서울특별시","성북구","동선동2가","중국집","21"
"20180105","금","여","40대","서울특별시","성북구","삼선동5가","중국집","5"
"20180105","금","여","50대","서울특별시","성북구","삼선동5가","중국집","5"
"20180105","금","여","60대이상","서울특별시","성북구","삼선동5가","중국집","5"
"20180105","금","여","60대이상","서울특별시","성북구","안암동5가","중국집","5"
"20180105","금","남","60대이상","서울특별시","성북구","종암동","중국집","5"
"20180105","금","여","60대이상","서울특별시","성북구","정릉동","중국집","5"
"20180105","금","여","10대","서울특별시","성북구","하월곡동","중국집","5"
"20180105","금","여","30대","서울특별시","성북구","삼선동5가","중국집","5"
"20180105","금","여","60대이상","서울특별시","성북구","종암동","중국집","5"
"20180105","금","여","40대","서울특별시","성북구","동선동3가","중국집","5"
"20180105","금","여","60대이상","서울특별시","성북구","하월곡동","중국집","5"
"20180105","금","남","10대","서울특별시","송파구","마천동","중국집","5"
"20180105","금","남","10대","서울특별시","송파구","송파동","중국집","19"
"20180105","금","남","10대","서울특별시","송파구","가락동","중국집","5"
"20180105","금","남","20대","서울특별시","송파구","마천동","중국집","5"
"20180105","금","남","20대","서울특별시","송파구","송파동","중국집","38"
"20180105","금","남","30대","서울특별시","송파구","풍납동","중국집","5"
"20180105","금","남","40대","서울특별시","송파구","가락동","중국집","15"
"20180105","금","남","40대","서울특별시","송파구","송파동","중국집","81"
"20180105","금","남","50대","서울특별시","송파구","가락동","중국집","6"
"20180105","금","남","50대","서울특별시","송파구","마천동","중국집","5"
"20180105","금","남","50대","서울특별시","송파구","송파동","중국집","51"
"20180105","금","남","60대이상","서울특별시","송파구","가락동","중국집","5"
"20180105","금","남","60대이상","서울특별시","송파구","거여동","중국집","5"
"20180105","금","남","20대","서울특별시","송파구","가락동","중국집","7"
"20180105","금","남","60대이상","서울특별시","송파구","방이동","중국집","5"
"20180105","금","남","30대","서울특별시","송파구","송파동","중국집","95"
"20180105","금","남","60대이상","서울특별시","송파구","풍납동","중국집","5"
"20180105","금","남","10대","서울특별시","송파구","풍납동","중국집","5"
"20180105","금","여","10대","서울특별시","송파구","마천동","중국집","5"
"20180105","금","여","10대","서울특별시","송파구","송파동","중국집","7"
"20180105","금","남","40대","서울특별시","송파구","풍납동","중국집","5"
"20180105","금","여","20대","서울특별시","송파구","가락동","중국집","6"
"20180105","금","여","20대","서울특별시","송파구","송파동","중국집","22"
"20180105","금","남","30대","서울특별시","송파구","가락동","중국집","11"
"20180105","금","여","30대","서울특별시","송파구","풍납동","중국집","5"
"20180105","금","여","40대","서울특별시","송파구","가락동","중국집","17"
"20180105","금","여","40대","서울특별시","송파구","마천동","중국집","5"
"20180105","금","여","40대","서울특별시","송파구","방이동","중국집","5"
"20180105","금","여","50대","서울특별시","송파구","마천동","중국집","5"
"20180105","금","남","60대이상","서울특별시","송파구","송파동","중국집","43"
"20180105","금","남","40대","서울특별시","송파구","마천동","중국집","5"
"20180105","금","여","50대","서울특별시","송파구","방이동","중국집","5"
"20180105","금","여","40대","서울특별시","송파구","송파동","중국집","93"
"20180105","금","여","50대","서울특별시","송파구","가락동","중국집","5"
"20180105","금","여","50대","서울특별시","송파구","풍납동","중국집","5"
"20180105","금","여","30대","서울특별시","송파구","가락동","중국집","7"
"20180105","금","여","60대이상","서울특별시","송파구","가락동","중국집","6"
"20180105","금","여","40대","서울특별시","송파구","풍납동","중국집","5"
"20180105","금","여","50대","서울특별시","송파구","송파동","중국집","58"
"20180105","금","여","60대이상","서울특별시","송파구","마천동","중국집","5"
"20180105","금","여","60대이상","서울특별시","송파구","송파동","중국집","29"
"20180105","금","여","30대","서울특별시","송파구","송파동","중국집","67"
"20180105","금","남","10대","서울특별시","양천구","목동","중국집","5"
"20180105","금","남","20대","서울특별시","양천구","목동","중국집","5"
"20180105","금","남","20대","서울특별시","양천구","신정동","중국집","8"
"20180105","금","남","30대","서울특별시","양천구","신월동","중국집","5"
"20180105","금","남","30대","서울특별시","양천구","신정동","중국집","10"
"20180105","금","남","40대","서울특별시","양천구","목동","중국집","7"
"20180105","금","남","40대","서울특별시","양천구","신월동","중국집","5"
"20180105","금","남","50대","서울특별시","양천구","목동","중국집","5"
"20180105","금","남","60대이상","서울특별시","양천구","신정동","중국집","5"
"20180105","금","여","10대","서울특별시","양천구","신월동","중국집","5"
"20180105","금","남","50대","서울특별시","양천구","신정동","중국집","13"
"20180105","금","여","20대","서울특별시","양천구","신월동","중국집","5"
"20180105","금","여","20대","서울특별시","양천구","신정동","중국집","5"
"20180105","금","여","30대","서울특별시","양천구","목동","중국집","5"
"20180105","금","남","40대","서울특별시","양천구","신정동","중국집","6"
"20180105","금","여","30대","서울특별시","양천구","신월동","중국집","5"
"20180105","금","여","30대","서울특별시","양천구","신정동","중국집","9"
"20180105","금","여","40대","서울특별시","양천구","목동","중국집","5"
"20180105","금","여","40대","서울특별시","양천구","신월동","중국집","6"
"20180105","금","여","40대","서울특별시","양천구","신정동","중국집","12"
"20180105","금","여","50대","서울특별시","양천구","신정동","중국집","10"
"20180105","금","여","10대","서울특별시","양천구","신정동","중국집","5"
"20180105","금","남","20대","서울특별시","양천구","신월동","중국집","5"
"20180105","금","여","60대이상","서울특별시","양천구","목동","중국집","5"
"20180105","금","남","10대","서울특별시","양천구","신정동","중국집","5"
"20180105","금","여","60대이상","서울특별시","양천구","신월동","중국집","5"
"20180105","금","여","60대이상","서울특별시","양천구","신정동","중국집","5"
"20180105","금","남","10대","서울특별시","영등포구","문래동2가","중국집","5"
"20180105","금","남","20대","서울특별시","영등포구","문래동3가","중국집","11"
"20180105","금","남","20대","서울특별시","영등포구","여의도동","중국집","11"
"20180105","금","남","20대","서울특별시","영등포구","영등포동8가","중국집","5"
"20180105","금","남","30대","서울특별시","영등포구","문래동2가","중국집","16"
"20180105","금","남","30대","서울특별시","영등포구","신길동","중국집","5"
"20180105","금","남","40대","서울특별시","영등포구","당산동6가","중국집","5"
"20180105","금","남","40대","서울특별시","영등포구","대림동","중국집","5"
"20180105","금","남","40대","서울특별시","영등포구","신길동","중국집","5"
"20180105","금","남","50대","서울특별시","영등포구","문래동3가","중국집","17"
"20180105","금","남","50대","서울특별시","영등포구","영등포동7가","중국집","5"
"20180105","금","남","30대","서울특별시","영등포구","문래동3가","중국집","18"
"20180105","금","남","40대","서울특별시","영등포구","문래동3가","중국집","20"
"20180105","금","남","60대이상","서울특별시","영등포구","문래동2가","중국집","5"
"20180105","금","남","60대이상","서울특별시","영등포구","문래동3가","중국집","18"
"20180105","금","남","10대","서울특별시","영등포구","문래동3가","중국집","5"
"20180105","금","여","10대","서울특별시","영등포구","문래동2가","중국집","5"
"20180105","금","여","10대","서울특별시","영등포구","문래동3가","중국집","5"
"20180105","금","남","10대","서울특별시","영등포구","여의도동","중국집","5"
"20180105","금","여","10대","서울특별시","영등포구","신길동","중국집","5"
"20180105","금","여","20대","서울특별시","영등포구","대림동","중국집","5"
"20180105","금","남","60대이상","서울특별시","영등포구","영등포동7가","중국집","5"
"20180105","금","남","30대","서울특별시","영등포구","대림동","중국집","5"
"20180105","금","여","20대","서울특별시","영등포구","문래동3가","중국집","9"
"20180105","금","여","20대","서울특별시","영등포구","여의도동","중국집","18"
"20180105","금","남","50대","서울특별시","영등포구","신길동","중국집","5"
"20180105","금","여","20대","서울특별시","영등포구","영등포동1가","중국집","5"
"20180105","금","남","40대","서울특별시","영등포구","여의도동","중국집","33"
"20180105","금","여","20대","서울특별시","영등포구","문래동2가","중국집","7"
"20180105","금","남","60대이상","서울특별시","영등포구","영등포동1가","중국집","5"
"20180105","금","여","20대","서울특별시","영등포구","영등포동7가","중국집","5"
"20180105","금","남","20대","서울특별시","영등포구","영등포동1가","중국집","5"
"20180105","금","남","60대이상","서울특별시","영등포구","여의도동","중국집","12"
"20180105","금","여","20대","서울특별시","영등포구","영등포동8가","중국집","5"
"20180105","금","남","60대이상","서울특별시","영등포구","대림동","중국집","5"
"20180105","금","여","30대","서울특별시","영등포구","대림동","중국집","5"
"20180105","금","여","30대","서울특별시","영등포구","문래동3가","중국집","29"
"20180105","금","여","30대","서울특별시","영등포구","신길동","중국집","5"
"20180105","금","여","30대","서울특별시","영등포구","여의도동","중국집","27"
"20180105","금","남","30대","서울특별시","영등포구","여의도동","중국집","32"
"20180105","금","여","40대","서울특별시","영등포구","당산동6가","중국집","5"
"20180105","금","여","30대","서울특별시","영등포구","영등포동7가","중국집","5"
"20180105","금","여","30대","서울특별시","영등포구","영등포동1가","중국집","6"
"20180105","금","여","40대","서울특별시","영등포구","대림동","중국집","5"
"20180105","금","여","10대","서울특별시","영등포구","여의도동","중국집","5"
"20180105","금","남","50대","서울특별시","영등포구","영등포동1가","중국집","5"
"20180105","금","여","40대","서울특별시","영등포구","문래동2가","중국집","26"
"20180105","금","남","30대","서울특별시","영등포구","영등포동7가","중국집","5"
"20180105","금","남","50대","서울특별시","영등포구","문래동2가","중국집","21"
"20180105","금","남","50대","서울특별시","영등포구","여의도동","중국집","15"
"20180105","금","여","40대","서울특별시","영등포구","문래동3가","중국집","33"
"20180105","금","여","40대","서울특별시","영등포구","신길동","중국집","5"
"20180105","금","남","20대","서울특별시","영등포구","문래동2가","중국집","5"
"20180105","금","여","40대","서울특별시","영등포구","여의도동","중국집","17"
"20180105","금","여","40대","서울특별시","영등포구","영등포동1가","중국집","5"
"20180105","금","여","50대","서울특별시","영등포구","문래동2가","중국집","16"
"20180105","금","여","50대","서울특별시","영등포구","문래동3가","중국집","10"
"20180105","금","남","30대","서울특별시","영등포구","당산동6가","중국집","5"
"20180105","금","여","50대","서울특별시","영등포구","신길동","중국집","5"
"20180105","금","여","50대","서울특별시","영등포구","여의도동","중국집","8"
"20180105","금","여","30대","서울특별시","영등포구","문래동2가","중국집","11"
"20180105","금","여","50대","서울특별시","영등포구","영등포동1가","중국집","5"
"20180105","금","여","60대이상","서울특별시","영등포구","문래동2가","중국집","9"
"20180105","금","남","30대","서울특별시","영등포구","영등포동1가","중국집","6"
"20180105","금","남","40대","서울특별시","영등포구","문래동2가","중국집","20"
"20180105","금","여","60대이상","서울특별시","영등포구","문래동3가","중국집","7"
"20180105","금","여","60대이상","서울특별시","영등포구","여의도동","중국집","5"
"20180105","금","여","60대이상","서울특별시","영등포구","영등포동1가","중국집","5"
"20180105","금","남","40대","서울특별시","영등포구","영등포동1가","중국집","5"
"20180105","금","남","10대","서울특별시","용산구","보광동","중국집","5"
"20180105","금","남","20대","서울특별시","용산구","갈월동","중국집","5"
"20180105","금","남","20대","서울특별시","용산구","원효로4가","중국집","5"
"20180105","금","남","30대","서울특별시","용산구","동자동","중국집","5"
"20180105","금","남","30대","서울특별시","용산구","신계동","중국집","5"
"20180105","금","남","30대","서울특별시","용산구","원효로4가","중국집","5"
"20180105","금","남","30대","서울특별시","용산구","한강로3가","중국집","37"
"20180105","금","남","30대","서울특별시","용산구","한남동","중국집","5"
"20180105","금","남","20대","서울특별시","용산구","이촌동","중국집","5"
"20180105","금","남","30대","서울특별시","용산구","효창동","중국집","5"
"20180105","금","남","40대","서울특별시","용산구","도원동","중국집","5"
"20180105","금","남","10대","서울특별시","용산구","도원동","중국집","5"
"20180105","금","남","40대","서울특별시","용산구","이촌동","중국집","5"
"20180105","금","남","10대","서울특별시","용산구","후암동","중국집","5"
"20180105","금","남","40대","서울특별시","용산구","효창동","중국집","5"
"20180105","금","남","20대","서울특별시","용산구","한강로3가","중국집","14"
"20180105","금","남","40대","서울특별시","용산구","후암동","중국집","48"
"20180105","금","남","20대","서울특별시","용산구","후암동","중국집","14"
"20180105","금","남","50대","서울특별시","용산구","보광동","중국집","5"
"20180105","금","남","50대","서울특별시","용산구","이태원동","중국집","5"
"20180105","금","남","50대","서울특별시","용산구","후암동","중국집","30"
"20180105","금","남","30대","서울특별시","용산구","도원동","중국집","5"
"20180105","금","남","60대이상","서울특별시","용산구","이태원동","중국집","5"
"20180105","금","남","60대이상","서울특별시","용산구","한남동","중국집","5"
"20180105","금","여","10대","서울특별시","용산구","보광동","중국집","5"
"20180105","금","남","20대","서울특별시","용산구","신계동","중국집","5"
"20180105","금","남","10대","서울특별시","용산구","한강로3가","중국집","5"
"20180105","금","남","20대","서울특별시","용산구","이태원동","중국집","5"
"20180105","금","남","20대","서울특별시","용산구","도원동","중국집","5"
"20180105","금","여","20대","서울특별시","용산구","도원동","중국집","5"
"20180105","금","여","20대","서울특별시","용산구","동자동","중국집","5"
"20180105","금","남","30대","서울특별시","용산구","보광동","중국집","5"
"20180105","금","여","20대","서울특별시","용산구","보광동","중국집","5"
"20180105","금","여","20대","서울특별시","용산구","신계동","중국집","5"
"20180105","금","남","50대","서울특별시","용산구","한강로3가","중국집","27"
"20180105","금","남","10대","서울특별시","용산구","이촌동","중국집","5"
"20180105","금","여","20대","서울특별시","용산구","한강로1가","중국집","5"
"20180105","금","여","20대","서울특별시","용산구","한강로3가","중국집","6"
"20180105","금","여","30대","서울특별시","용산구","도원동","중국집","5"
"20180105","금","여","30대","서울특별시","용산구","이태원동","중국집","5"
"20180105","금","남","40대","서울특별시","용산구","한남동","중국집","5"
"20180105","금","여","30대","서울특별시","용산구","한강로3가","중국집","25"
"20180105","금","남","60대이상","서울특별시","용산구","보광동","중국집","6"
"20180105","금","남","50대","서울특별시","용산구","신계동","중국집","5"
"20180105","금","여","30대","서울특별시","용산구","한남동","중국집","5"
"20180105","금","여","40대","서울특별시","용산구","동자동","중국집","5"
"20180105","금","남","60대이상","서울특별시","용산구","후암동","중국집","8"
"20180105","금","여","30대","서울특별시","용산구","후암동","중국집","23"
"20180105","금","여","40대","서울특별시","용산구","보광동","중국집","6"
"20180105","금","여","40대","서울특별시","용산구","신계동","중국집","5"
"20180105","금","여","40대","서울특별시","용산구","원효로4가","중국집","5"
"20180105","금","남","40대","서울특별시","용산구","원효로4가","중국집","5"
"20180105","금","남","30대","서울특별시","용산구","이촌동","중국집","5"
"20180105","금","여","40대","서울특별시","용산구","이촌동","중국집","9"
"20180105","금","여","40대","서울특별시","용산구","한강로3가","중국집","30"
"20180105","금","여","50대","서울특별시","용산구","동자동","중국집","5"
"20180105","금","여","30대","서울특별시","용산구","동자동","중국집","5"
"20180105","금","여","50대","서울특별시","용산구","보광동","중국집","5"
"20180105","금","남","60대이상","서울특별시","용산구","이촌동","중국집","5"
"20180105","금","남","20대","서울특별시","용산구","한남동","중국집","5"
"20180105","금","여","40대","서울특별시","용산구","한남동","중국집","5"
"20180105","금","여","50대","서울특별시","용산구","이촌동","중국집","5"
"20180105","금","여","50대","서울특별시","용산구","이태원동","중국집","5"
"20180105","금","남","40대","서울특별시","용산구","한강로1가","중국집","5"
"20180105","금","여","50대","서울특별시","용산구","한강로3가","중국집","19"
"20180105","금","여","30대","서울특별시","용산구","이촌동","중국집","5"
"20180105","금","여","20대","서울특별시","용산구","이태원동","중국집","5"
"20180105","금","여","30대","서울특별시","용산구","신계동","중국집","5"
"20180105","금","여","50대","서울특별시","용산구","한남동","중국집","5"
"20180105","금","여","50대","서울특별시","용산구","후암동","중국집","18"
"20180105","금","여","30대","서울특별시","용산구","보광동","중국집","5"
"20180105","금","남","40대","서울특별시","용산구","보광동","중국집","5"
"20180105","금","남","30대","서울특별시","용산구","이태원동","중국집","5"
"20180105","금","여","60대이상","서울특별시","용산구","동자동","중국집","5"
"20180105","금","여","20대","서울특별시","용산구","이촌동","중국집","5"
"20180105","금","여","40대","서울특별시","용산구","후암동","중국집","23"
"20180105","금","남","40대","서울특별시","용산구","신계동","중국집","5"
"20180105","금","남","40대","서울특별시","용산구","동자동","중국집","5"
"20180105","금","여","60대이상","서울특별시","용산구","보광동","중국집","5"
"20180105","금","여","10대","서울특별시","용산구","후암동","중국집","5"
"20180105","금","남","50대","서울특별시","용산구","도원동","중국집","5"
"20180105","금","남","40대","서울특별시","용산구","한강로3가","중국집","36"
"20180105","금","여","60대이상","서울특별시","용산구","이촌동","중국집","5"
"20180105","금","남","40대","서울특별시","용산구","이태원동","중국집","5"
"20180105","금","남","60대이상","서울특별시","용산구","한강로3가","중국집","17"
"20180105","금","여","60대이상","서울특별시","용산구","이태원동","중국집","5"
"20180105","금","여","50대","서울특별시","용산구","원효로4가","중국집","5"
"20180105","금","여","60대이상","서울특별시","용산구","한강로3가","중국집","13"
"20180105","금","여","60대이상","서울특별시","용산구","한남동","중국집","5"
"20180105","금","남","20대","서울특별시","용산구","보광동","중국집","5"
"20180105","금","여","20대","서울특별시","용산구","후암동","중국집","16"
"20180105","금","여","60대이상","서울특별시","용산구","후암동","중국집","12"
"20180105","금","남","30대","서울특별시","용산구","후암동","중국집","28"
"20180105","금","남","60대이상","서울특별시","용산구","원효로4가","중국집","5"
"20180105","금","남","20대","서울특별시","은평구","구산동","중국집","5"
"20180105","금","남","30대","서울특별시","은평구","불광동","중국집","35"
"20180105","금","남","30대","서울특별시","은평구","증산동","중국집","5"
"20180105","금","남","10대","서울특별시","은평구","불광동","중국집","10"
"20180105","금","남","40대","서울특별시","은평구","구산동","중국집","5"
"20180105","금","남","40대","서울특별시","은평구","수색동","중국집","5"
"20180105","금","남","50대","서울특별시","은평구","불광동","중국집","31"
"20180105","금","남","50대","서울특별시","은평구","증산동","중국집","5"
"20180105","금","남","60대이상","서울특별시","은평구","갈현동","중국집","5"
"20180105","금","남","60대이상","서울특별시","은평구","불광동","중국집","20"
"20180105","금","여","20대","서울특별시","은평구","불광동","중국집","14"
"20180105","금","남","20대","서울특별시","은평구","수색동","중국집","5"
"20180105","금","여","20대","서울특별시","은평구","증산동","중국집","5"
"20180105","금","남","40대","서울특별시","은평구","증산동","중국집","5"
"20180105","금","남","40대","서울특별시","은평구","불광동","중국집","41"
"20180105","금","여","30대","서울특별시","은평구","구산동","중국집","5"
"20180105","금","여","30대","서울특별시","은평구","불광동","중국집","29"
"20180105","금","여","30대","서울특별시","은평구","수색동","중국집","5"
"20180105","금","여","30대","서울특별시","은평구","증산동","중국집","5"
"20180105","금","여","20대","서울특별시","은평구","구산동","중국집","5"
"20180105","금","남","20대","서울특별시","은평구","불광동","중국집","20"
"20180105","금","여","40대","서울특별시","은평구","대조동","중국집","5"
"20180105","금","여","40대","서울특별시","은평구","불광동","중국집","38"
"20180105","금","여","40대","서울특별시","은평구","증산동","중국집","5"
"20180105","금","여","50대","서울특별시","은평구","불광동","중국집","25"
"20180105","금","남","30대","서울특별시","은평구","구산동","중국집","5"
"20180105","금","여","50대","서울특별시","은평구","수색동","중국집","5"
"20180105","금","여","50대","서울특별시","은평구","증산동","중국집","5"
"20180105","금","여","10대","서울특별시","은평구","불광동","중국집","5"
"20180105","금","여","60대이상","서울특별시","은평구","불광동","중국집","20"
"20180105","금","여","60대이상","서울특별시","은평구","수색동","중국집","5"
"20180105","금","여","60대이상","서울특별시","은평구","증산동","중국집","5"
"20180105","금","남","30대","서울특별시","종로구","교남동","중국집","5"
"20180105","금","남","30대","서울특별시","종로구","동숭동","중국집","5"
"20180105","금","남","30대","서울특별시","종로구","명륜1가","중국집","5"
"20180105","금","남","30대","서울특별시","종로구","창성동","중국집","5"
"20180105","금","남","40대","서울특별시","종로구","경운동","중국집","5"
"20180105","금","남","10대","서울특별시","종로구","교남동","중국집","5"
"20180105","금","남","40대","서울특별시","종로구","낙원동","중국집","5"
"20180105","금","남","40대","서울특별시","종로구","동숭동","중국집","5"
"20180105","금","남","40대","서울특별시","종로구","서린동","중국집","5"
"20180105","금","남","40대","서울특별시","종로구","원서동","중국집","5"
"20180105","금","남","40대","서울특별시","종로구","종로6가","중국집","5"
"20180105","금","남","40대","서울특별시","종로구","창성동","중국집","5"
"20180105","금","남","50대","서울특별시","종로구","교남동","중국집","5"
"20180105","금","남","50대","서울특별시","종로구","숭인동","중국집","5"
"20180105","금","남","50대","서울특별시","종로구","원서동","중국집","5"
"20180105","금","남","60대이상","서울특별시","종로구","경운동","중국집","5"
"20180105","금","남","40대","서울특별시","종로구","신문로2가","중국집","5"
"20180105","금","남","50대","서울특별시","종로구","신문로2가","중국집","5"
"20180105","금","남","60대이상","서울특별시","종로구","교남동","중국집","5"
"20180105","금","남","60대이상","서울특별시","종로구","신문로2가","중국집","5"
"20180105","금","남","60대이상","서울특별시","종로구","원서동","중국집","5"
"20180105","금","여","10대","서울특별시","종로구","교남동","중국집","5"
"20180105","금","여","20대","서울특별시","종로구","교남동","중국집","5"
"20180105","금","남","20대","서울특별시","종로구","원서동","중국집","5"
"20180105","금","여","20대","서울특별시","종로구","낙원동","중국집","5"
"20180105","금","여","20대","서울특별시","종로구","동숭동","중국집","5"
"20180105","금","남","30대","서울특별시","종로구","평창동","중국집","5"
"20180105","금","여","20대","서울특별시","종로구","신문로2가","중국집","5"
"20180105","금","남","10대","서울특별시","종로구","창성동","중국집","5"
"20180105","금","여","20대","서울특별시","종로구","평창동","중국집","6"
"20180105","금","여","30대","서울특별시","종로구","교남동","중국집","5"
"20180105","금","남","30대","서울특별시","종로구","신문로2가","중국집","5"
"20180105","금","남","20대","서울특별시","종로구","신문로2가","중국집","5"
"20180105","금","여","20대","서울특별시","종로구","종로5가","중국집","5"
"20180105","금","여","30대","서울특별시","종로구","낙원동","중국집","5"
"20180105","금","남","30대","서울특별시","종로구","숭인동","중국집","5"
"20180105","금","남","30대","서울특별시","종로구","종로5가","중국집","5"
"20180105","금","남","30대","서울특별시","종로구","원서동","중국집","5"
"20180105","금","여","30대","서울특별시","종로구","동숭동","중국집","5"
"20180105","금","여","30대","서울특별시","종로구","명륜1가","중국집","5"
"20180105","금","여","30대","서울특별시","종로구","서린동","중국집","5"
"20180105","금","남","20대","서울특별시","종로구","평창동","중국집","5"
"20180105","금","남","20대","서울특별시","종로구","동숭동","중국집","5"
"20180105","금","남","60대이상","서울특별시","종로구","숭인동","중국집","5"
"20180105","금","여","20대","서울특별시","종로구","원서동","중국집","5"
"20180105","금","여","30대","서울특별시","종로구","옥인동","중국집","5"
"20180105","금","남","50대","서울특별시","종로구","낙원동","중국집","5"
"20180105","금","남","50대","서울특별시","종로구","창성동","중국집","5"
"20180105","금","여","30대","서울특별시","종로구","창성동","중국집","5"
"20180105","금","여","30대","서울특별시","종로구","안국동","중국집","5"
"20180105","금","여","40대","서울특별시","종로구","경운동","중국집","5"
"20180105","금","여","40대","서울특별시","종로구","교남동","중국집","5"
"20180105","금","남","60대이상","서울특별시","종로구","종로6가","중국집","5"
"20180105","금","여","40대","서울특별시","종로구","낙원동","중국집","5"
"20180105","금","여","40대","서울특별시","종로구","동숭동","중국집","6"
"20180105","금","여","40대","서울특별시","종로구","숭인동","중국집","5"
"20180105","금","여","30대","서울특별시","종로구","원서동","중국집","5"
"20180105","금","여","40대","서울특별시","종로구","종로3가","중국집","5"
"20180105","금","남","50대","서울특별시","종로구","종로6가","중국집","5"
"20180105","금","여","30대","서울특별시","종로구","종로6가","중국집","5"
"20180105","금","남","40대","서울특별시","종로구","교남동","중국집","5"
"20180105","금","남","30대","서울특별시","종로구","낙원동","중국집","5"
"20180105","금","여","40대","서울특별시","종로구","창성동","중국집","5"
"20180105","금","여","30대","서울특별시","종로구","관수동","중국집","5"
"20180105","금","남","50대","서울특별시","종로구","경운동","중국집","5"
"20180105","금","여","30대","서울특별시","종로구","신문로2가","중국집","5"
"20180105","금","여","50대","서울특별시","종로구","관수동","중국집","5"
"20180105","금","여","10대","서울특별시","종로구","평창동","중국집","5"
"20180105","금","남","50대","서울특별시","종로구","동숭동","중국집","5"
"20180105","금","여","50대","서울특별시","종로구","교남동","중국집","5"
"20180105","금","여","40대","서울특별시","종로구","평창동","중국집","5"
"20180105","금","여","50대","서울특별시","종로구","신문로2가","중국집","5"
"20180105","금","여","30대","서울특별시","종로구","경운동","중국집","5"
"20180105","금","여","50대","서울특별시","종로구","옥인동","중국집","5"
"20180105","금","여","50대","서울특별시","종로구","원서동","중국집","5"
"20180105","금","남","60대이상","서울특별시","종로구","동숭동","중국집","5"
"20180105","금","남","40대","서울특별시","종로구","종로5가","중국집","5"
"20180105","금","남","30대","서울특별시","종로구","청진동","중국집","5"
"20180105","금","여","60대이상","서울특별시","종로구","경운동","중국집","5"
"20180105","금","남","40대","서울특별시","종로구","숭인동","중국집","5"
"20180105","금","남","60대이상","서울특별시","종로구","평창동","중국집","5"
"20180105","금","여","60대이상","서울특별시","종로구","교남동","중국집","5"
"20180105","금","여","60대이상","서울특별시","종로구","평창동","중국집","5"
"20180105","금","남","30대","서울특별시","종로구","관수동","중국집","5"
"20180105","금","남","20대","서울특별시","중구","신당동","중국집","32"
"20180105","금","남","20대","서울특별시","중구","정동","중국집","5"
"20180105","금","남","20대","서울특별시","중구","충무로1가","중국집","5"
"20180105","금","남","30대","서울특별시","중구","수하동","중국집","69"
"20180105","금","남","30대","서울특별시","중구","신당동","중국집","73"
"20180105","금","남","30대","서울특별시","중구","을지로3가","중국집","5"
"20180105","금","남","20대","서울특별시","중구","수하동","중국집","26"
"20180105","금","남","30대","서울특별시","중구","을지로6가","중국집","5"
"20180105","금","남","30대","서울특별시","중구","충무로1가","중국집","5"
"20180105","금","남","40대","서울특별시","중구","무교동","중국집","5"
"20180105","금","남","40대","서울특별시","중구","수하동","중국집","89"
"20180105","금","남","40대","서울특별시","중구","신당동","중국집","70"
"20180105","금","남","30대","서울특별시","중구","무교동","중국집","5"
"20180105","금","남","40대","서울특별시","중구","정동","중국집","5"
"20180105","금","남","40대","서울특별시","중구","주교동","중국집","5"
"20180105","금","남","40대","서울특별시","중구","회현동1가","중국집","5"
"20180105","금","남","50대","서울특별시","중구","충무로1가","중국집","5"
"20180105","금","남","60대이상","서울특별시","중구","수하동","중국집","46"
"20180105","금","남","30대","서울특별시","중구","정동","중국집","5"
"20180105","금","남","40대","서울특별시","중구","명동1가","중국집","5"
"20180105","금","남","10대","서울특별시","중구","수하동","중국집","10"
"20180105","금","남","60대이상","서울특별시","중구","신당동","중국집","39"
"20180105","금","남","60대이상","서울특별시","중구","을지로6가","중국집","5"
"20180105","금","남","40대","서울특별시","중구","충무로1가","중국집","5"
"20180105","금","남","60대이상","서울특별시","중구","장충동2가","중국집","5"
"20180105","금","남","50대","서울특별시","중구","신당동","중국집","47"
"20180105","금","여","10대","서울특별시","중구","수하동","중국집","5"
"20180105","금","여","10대","서울특별시","중구","신당동","중국집","5"
"20180105","금","남","40대","서울특별시","중구","을지로6가","중국집","5"
"20180105","금","여","20대","서울특별시","중구","수하동","중국집","17"
"20180105","금","남","60대이상","서울특별시","중구","을지로1가","중국집","5"
"20180105","금","여","20대","서울특별시","중구","을지로6가","중국집","5"
"20180105","금","여","30대","서울특별시","중구","명동1가","중국집","5"
"20180105","금","남","50대","서울특별시","중구","을지로3가","중국집","5"
"20180105","금","여","30대","서울특별시","중구","수하동","중국집","33"
"20180105","금","여","30대","서울특별시","중구","신당동","중국집","60"
"20180105","금","여","30대","서울특별시","중구","충무로1가","중국집","5"
"20180105","금","여","40대","서울특별시","중구","수하동","중국집","33"
"20180105","금","남","60대이상","서울특별시","중구","을지로3가","중국집","5"
"20180105","금","여","30대","서울특별시","중구","무교동","중국집","5"
"20180105","금","여","40대","서울특별시","중구","신당동","중국집","67"
"20180105","금","여","30대","서울특별시","중구","을지로6가","중국집","5"
"20180105","금","남","10대","서울특별시","중구","신당동","중국집","5"
"20180105","금","여","40대","서울특별시","중구","을지로1가","중국집","5"
"20180105","금","여","40대","서울특별시","중구","을지로6가","중국집","5"
"20180105","금","남","40대","서울특별시","중구","을지로3가","중국집","5"
"20180105","금","여","50대","서울특별시","중구","수하동","중국집","14"
"20180105","금","여","50대","서울특별시","중구","신당동","중국집","48"
"20180105","금","여","50대","서울특별시","중구","을지로3가","중국집","5"
"20180105","금","여","50대","서울특별시","중구","충무로1가","중국집","5"
"20180105","금","여","20대","서울특별시","중구","신당동","중국집","18"
"20180105","금","남","30대","서울특별시","중구","필동2가","중국집","5"
"20180105","금","여","50대","서울특별시","중구","필동2가","중국집","5"
"20180105","금","남","50대","서울특별시","중구","수하동","중국집","60"
"20180105","금","여","60대이상","서울특별시","중구","명동1가","중국집","5"
"20180105","금","여","60대이상","서울특별시","중구","신당동","중국집","31"
"20180105","금","여","60대이상","서울특별시","중구","수하동","중국집","19"
"20180105","금","여","50대","서울특별시","중구","서소문동","중국집","5"
"20180105","금","여","60대이상","서울특별시","중구","충무로1가","중국집","5"
"20180105","금","남","10대","서울특별시","중랑구","망우동","중국집","5"
"20180105","금","남","20대","서울특별시","중랑구","망우동","중국집","5"
"20180105","금","남","20대","서울특별시","중랑구","신내동","중국집","7"
"20180105","금","남","30대","서울특별시","중랑구","망우동","중국집","5"
"20180105","금","남","30대","서울특별시","중랑구","신내동","중국집","5"
"20180105","금","남","40대","서울특별시","중랑구","망우동","중국집","5"
"20180105","금","남","30대","서울특별시","중랑구","면목동","중국집","50"
"20180105","금","남","40대","서울특별시","중랑구","면목동","중국집","49"
"20180105","금","남","40대","서울특별시","중랑구","묵동","중국집","5"
"20180105","금","남","50대","서울특별시","중랑구","망우동","중국집","6"
"20180105","금","남","20대","서울특별시","중랑구","면목동","중국집","34"
"20180105","금","남","50대","서울특별시","중랑구","면목동","중국집","38"
"20180105","금","남","60대이상","서울특별시","중랑구","망우동","중국집","5"
"20180105","금","남","10대","서울특별시","중랑구","신내동","중국집","5"
"20180105","금","남","60대이상","서울특별시","중랑구","면목동","중국집","22"
"20180105","금","남","60대이상","서울특별시","중랑구","신내동","중국집","5"
"20180105","금","여","10대","서울특별시","중랑구","상봉동","중국집","5"
"20180105","금","여","10대","서울특별시","중랑구","신내동","중국집","5"
"20180105","금","여","20대","서울특별시","중랑구","망우동","중국집","5"
"20180105","금","여","20대","서울특별시","중랑구","면목동","중국집","9"
"20180105","금","여","20대","서울특별시","중랑구","신내동","중국집","5"
"20180105","금","여","30대","서울특별시","중랑구","망우동","중국집","5"
"20180105","금","여","30대","서울특별시","중랑구","면목동","중국집","29"
"20180105","금","여","30대","서울특별시","중랑구","묵동","중국집","5"
"20180105","금","여","30대","서울특별시","중랑구","신내동","중국집","5"
"20180105","금","남","50대","서울특별시","중랑구","신내동","중국집","5"
"20180105","금","여","40대","서울특별시","중랑구","망우동","중국집","5"
"20180105","금","남","40대","서울특별시","중랑구","신내동","중국집","5"
"20180105","금","여","20대","서울특별시","중랑구","묵동","중국집","5"
"20180105","금","여","40대","서울특별시","중랑구","묵동","중국집","5"
"20180105","금","여","40대","서울특별시","중랑구","면목동","중국집","41"
"20180105","금","여","10대","서울특별시","중랑구","면목동","중국집","5"
"20180105","금","여","40대","서울특별시","중랑구","신내동","중국집","5"
"20180105","금","여","50대","서울특별시","중랑구","망우동","중국집","5"
"20180105","금","여","50대","서울특별시","중랑구","면목동","중국집","31"
"20180105","금","여","50대","서울특별시","중랑구","묵동","중국집","5"
"20180105","금","여","50대","서울특별시","중랑구","신내동","중국집","5"
"20180105","금","남","60대이상","서울특별시","중랑구","묵동","중국집","5"
"20180105","금","남","10대","서울특별시","중랑구","면목동","중국집","6"
"20180105","금","여","60대이상","서울특별시","중랑구","망우동","중국집","5"
"20180105","금","여","60대이상","서울특별시","중랑구","면목동","중국집","22"
"20180106","토","남","10대","서울특별시","강남구","삼성동","중국집","9"
"20180106","토","남","20대","서울특별시","강남구","도곡동","중국집","5"
"20180106","토","남","20대","서울특별시","강남구","대치동","중국집","5"
"20180106","토","남","30대","서울특별시","강남구","개포동","중국집","5"
"20180106","토","남","30대","서울특별시","강남구","도곡동","중국집","8"
"20180106","토","남","30대","서울특별시","강남구","역삼동","중국집","73"
"20180106","토","남","30대","서울특별시","강남구","일원동","중국집","5"
"20180106","토","남","40대","서울특별시","강남구","개포동","중국집","5"
"20180106","토","남","40대","서울특별시","강남구","논현동","중국집","48"
"20180106","토","남","30대","서울특별시","강남구","수서동","중국집","5"
"20180106","토","남","40대","서울특별시","강남구","도곡동","중국집","12"
"20180106","토","남","20대","서울특별시","강남구","세곡동","중국집","6"
"20180106","토","남","40대","서울특별시","강남구","세곡동","중국집","5"
"20180106","토","남","20대","서울특별시","강남구","역삼동","중국집","35"
"20180106","토","남","40대","서울특별시","강남구","압구정동","중국집","5"
"20180106","토","남","30대","서울특별시","강남구","삼성동","중국집","102"
"20180106","토","남","40대","서울특별시","강남구","일원동","중국집","5"
"20180106","토","남","50대","서울특별시","강남구","논현동","중국집","23"
"20180106","토","남","50대","서울특별시","강남구","대치동","중국집","5"
"20180106","토","남","50대","서울특별시","강남구","세곡동","중국집","5"
"20180106","토","남","50대","서울특별시","강남구","역삼동","중국집","25"
"20180106","토","남","50대","서울특별시","강남구","일원동","중국집","5"
"20180106","토","남","60대이상","서울특별시","강남구","도곡동","중국집","5"
"20180106","토","남","60대이상","서울특별시","강남구","삼성동","중국집","28"
"20180106","토","남","60대이상","서울특별시","강남구","청담동","중국집","5"
"20180106","토","남","10대","서울특별시","강남구","역삼동","중국집","7"
"20180106","토","여","10대","서울특별시","강남구","논현동","중국집","5"
"20180106","토","여","20대","서울특별시","강남구","개포동","중국집","5"
"20180106","토","남","20대","서울특별시","강남구","압구정동","중국집","5"
"20180106","토","여","20대","서울특별시","강남구","수서동","중국집","5"
"20180106","토","남","40대","서울특별시","강남구","삼성동","중국집","95"
"20180106","토","여","20대","서울특별시","강남구","압구정동","중국집","5"
"20180106","토","여","20대","서울특별시","강남구","역삼동","중국집","24"
"20180106","토","여","30대","서울특별시","강남구","개포동","중국집","5"
"20180106","토","남","50대","서울특별시","강남구","삼성동","중국집","48"
"20180106","토","여","30대","서울특별시","강남구","도곡동","중국집","11"
"20180106","토","여","30대","서울특별시","강남구","삼성동","중국집","51"
"20180106","토","여","30대","서울특별시","강남구","세곡동","중국집","12"
"20180106","토","남","30대","서울특별시","강남구","세곡동","중국집","15"
"20180106","토","여","30대","서울특별시","강남구","수서동","중국집","5"
"20180106","토","여","10대","서울특별시","강남구","도곡동","중국집","5"
"20180106","토","여","40대","서울특별시","강남구","개포동","중국집","5"
"20180106","토","여","40대","서울특별시","강남구","논현동","중국집","48"
"20180106","토","여","40대","서울특별시","강남구","대치동","중국집","5"
"20180106","토","여","40대","서울특별시","강남구","도곡동","중국집","14"
"20180106","토","여","40대","서울특별시","강남구","세곡동","중국집","15"
"20180106","토","여","30대","서울특별시","강남구","대치동","중국집","5"
"20180106","토","남","10대","서울특별시","강남구","도곡동","중국집","5"
"20180106","토","여","40대","서울특별시","강남구","일원동","중국집","5"
"20180106","토","여","50대","서울특별시","강남구","개포동","중국집","5"
"20180106","토","여","50대","서울특별시","강남구","도곡동","중국집","6"
"20180106","토","여","30대","서울특별시","강남구","압구정동","중국집","5"
"20180106","토","남","60대이상","서울특별시","강남구","일원동","중국집","5"
"20180106","토","여","50대","서울특별시","강남구","삼성동","중국집","45"
"20180106","토","여","50대","서울특별시","강남구","세곡동","중국집","5"
"20180106","토","남","50대","서울특별시","강남구","도곡동","중국집","6"
"20180106","토","남","40대","서울특별시","강남구","대치동","중국집","5"
"20180106","토","남","20대","서울특별시","강남구","수서동","중국집","5"
"20180106","토","여","40대","서울특별시","강남구","압구정동","중국집","5"
"20180106","토","남","30대","서울특별시","강남구","압구정동","중국집","5"
"20180106","토","남","30대","서울특별시","강남구","대치동","중국집","5"
"20180106","토","남","40대","서울특별시","강남구","역삼동","중국집","61"
"20180106","토","남","60대이상","서울특별시","강남구","수서동","중국집","5"
"20180106","토","여","50대","서울특별시","강남구","수서동","중국집","5"
"20180106","토","여","10대","서울특별시","강남구","수서동","중국집","5"
"20180106","토","여","50대","서울특별시","강남구","신사동","중국집","5"
"20180106","토","여","20대","서울특별시","강남구","논현동","중국집","24"
"20180106","토","여","50대","서울특별시","강남구","역삼동","중국집","33"
"20180106","토","여","50대","서울특별시","강남구","일원동","중국집","5"
"20180106","토","여","30대","서울특별시","강남구","역삼동","중국집","43"
"20180106","토","여","40대","서울특별시","강남구","역삼동","중국집","58"
"20180106","토","여","60대이상","서울특별시","강남구","논현동","중국집","17"
"20180106","토","남","40대","서울특별시","강남구","수서동","중국집","5"
"20180106","토","여","30대","서울특별시","강남구","논현동","중국집","40"
"20180106","토","여","10대","서울특별시","강남구","역삼동","중국집","5"
"20180106","토","여","60대이상","서울특별시","강남구","삼성동","중국집","30"
"20180106","토","여","20대","서울특별시","강남구","세곡동","중국집","5"
"20180106","토","여","20대","서울특별시","강남구","일원동","중국집","5"
"20180106","토","여","60대이상","서울특별시","강남구","세곡동","중국집","5"
"20180106","토","여","10대","서울특별시","강남구","삼성동","중국집","5"
"20180106","토","여","20대","서울특별시","강남구","삼성동","중국집","18"
"20180106","토","여","60대이상","서울특별시","강남구","수서동","중국집","5"
"20180106","토","남","60대이상","서울특별시","강남구","개포동","중국집","5"
"20180106","토","여","20대","서울특별시","강남구","도곡동","중국집","5"
"20180106","토","여","60대이상","서울특별시","강남구","압구정동","중국집","5"
"20180106","토","여","50대","서울특별시","강남구","논현동","중국집","28"
"20180106","토","남","20대","서울특별시","강남구","삼성동","중국집","40"
"20180106","토","여","60대이상","서울특별시","강남구","역삼동","중국집","14"
"20180106","토","여","40대","서울특별시","강남구","삼성동","중국집","99"
"20180106","토","여","60대이상","서울특별시","강남구","일원동","중국집","5"
"20180106","토","남","30대","서울특별시","강남구","논현동","중국집","66"
"20180106","토","남","60대이상","서울특별시","강남구","역삼동","중국집","20"
"20180106","토","남","60대이상","서울특별시","강남구","논현동","중국집","13"
"20180106","토","남","20대","서울특별시","강남구","논현동","중국집","25"
"20180106","토","남","10대","서울특별시","강동구","길동","중국집","12"
"20180106","토","남","10대","서울특별시","강동구","성내동","중국집","5"
"20180106","토","남","20대","서울특별시","강동구","성내동","중국집","5"
"20180106","토","남","30대","서울특별시","강동구","성내동","중국집","8"
"20180106","토","남","40대","서울특별시","강동구","명일동","중국집","5"
"20180106","토","남","40대","서울특별시","강동구","암사동","중국집","5"
"20180106","토","남","40대","서울특별시","강동구","천호동","중국집","5"
"20180106","토","남","50대","서울특별시","강동구","길동","중국집","57"
"20180106","토","남","50대","서울특별시","강동구","명일동","중국집","5"
"20180106","토","남","50대","서울특별시","강동구","성내동","중국집","5"
"20180106","토","남","50대","서울특별시","강동구","암사동","중국집","5"
"20180106","토","남","40대","서울특별시","강동구","길동","중국집","86"
"20180106","토","남","20대","서울특별시","강동구","길동","중국집","44"
"20180106","토","남","60대이상","서울특별시","강동구","길동","중국집","26"
"20180106","토","남","60대이상","서울특별시","강동구","성내동","중국집","5"
"20180106","토","남","60대이상","서울특별시","강동구","암사동","중국집","5"
"20180106","토","남","20대","서울특별시","강동구","암사동","중국집","5"
"20180106","토","남","60대이상","서울특별시","강동구","천호동","중국집","5"
"20180106","토","여","10대","서울특별시","강동구","상일동","중국집","5"
"20180106","토","여","10대","서울특별시","강동구","암사동","중국집","5"
"20180106","토","여","20대","서울특별시","강동구","둔촌동","중국집","5"
"20180106","토","여","20대","서울특별시","강동구","명일동","중국집","5"
"20180106","토","여","20대","서울특별시","강동구","상일동","중국집","5"
"20180106","토","남","40대","서울특별시","강동구","상일동","중국집","5"
"20180106","토","여","20대","서울특별시","강동구","성내동","중국집","5"
"20180106","토","여","30대","서울특별시","강동구","길동","중국집","68"
"20180106","토","여","20대","서울특별시","강동구","길동","중국집","16"
"20180106","토","여","30대","서울특별시","강동구","명일동","중국집","5"
"20180106","토","여","30대","서울특별시","강동구","성내동","중국집","5"
"20180106","토","여","30대","서울특별시","강동구","암사동","중국집","5"
"20180106","토","남","30대","서울특별시","강동구","천호동","중국집","5"
"20180106","토","남","40대","서울특별시","강동구","성내동","중국집","7"
"20180106","토","여","40대","서울특별시","강동구","길동","중국집","96"
"20180106","토","여","10대","서울특별시","강동구","길동","중국집","5"
"20180106","토","여","40대","서울특별시","강동구","둔촌동","중국집","5"
"20180106","토","남","20대","서울특별시","강동구","천호동","중국집","5"
"20180106","토","여","40대","서울특별시","강동구","명일동","중국집","5"
"20180106","토","여","40대","서울특별시","강동구","성내동","중국집","10"
"20180106","토","남","30대","서울특별시","강동구","길동","중국집","77"
"20180106","토","여","40대","서울특별시","강동구","암사동","중국집","5"
"20180106","토","여","50대","서울특별시","강동구","길동","중국집","56"
"20180106","토","여","50대","서울특별시","강동구","명일동","중국집","5"
"20180106","토","남","60대이상","서울특별시","강동구","명일동","중국집","5"
"20180106","토","남","20대","서울특별시","강동구","명일동","중국집","5"
"20180106","토","여","50대","서울특별시","강동구","성내동","중국집","5"
"20180106","토","여","50대","서울특별시","강동구","천호동","중국집","5"
"20180106","토","여","60대이상","서울특별시","강동구","길동","중국집","37"
"20180106","토","여","60대이상","서울특별시","강동구","명일동","중국집","5"
"20180106","토","여","60대이상","서울특별시","강동구","상일동","중국집","5"
"20180106","토","여","30대","서울특별시","강동구","천호동","중국집","5"
"20180106","토","여","50대","서울특별시","강동구","암사동","중국집","5"
"20180106","토","남","30대","서울특별시","강동구","암사동","중국집","5"
"20180106","토","여","60대이상","서울특별시","강동구","성내동","중국집","5"
"20180106","토","여","60대이상","서울특별시","강동구","암사동","중국집","5"
"20180106","토","남","30대","서울특별시","강동구","명일동","중국집","5"
"20180106","토","여","60대이상","서울특별시","강동구","천호동","중국집","5"
"20180106","토","남","10대","서울특별시","강북구","번동","중국집","5"
"20180106","토","남","20대","서울특별시","강북구","미아동","중국집","44"
"20180106","토","남","20대","서울특별시","강북구","수유동","중국집","5"
"20180106","토","남","30대","서울특별시","강북구","미아동","중국집","84"
"20180106","토","남","30대","서울특별시","강북구","수유동","중국집","5"
"20180106","토","남","30대","서울특별시","강북구","우이동","중국집","5"
"20180106","토","남","40대","서울특별시","강북구","미아동","중국집","116"
"20180106","토","남","40대","서울특별시","강북구","번동","중국집","26"
"20180106","토","남","10대","서울특별시","강북구","미아동","중국집","8"
"20180106","토","남","20대","서울특별시","강북구","번동","중국집","10"
"20180106","토","남","40대","서울특별시","강북구","우이동","중국집","5"
"20180106","토","남","50대","서울특별시","강북구","미아동","중국집","63"
"20180106","토","남","50대","서울특별시","강북구","번동","중국집","9"
"20180106","토","남","50대","서울특별시","강북구","우이동","중국집","5"
"20180106","토","남","60대이상","서울특별시","강북구","미아동","중국집","38"
"20180106","토","남","60대이상","서울특별시","강북구","번동","중국집","5"
"20180106","토","여","10대","서울특별시","강북구","미아동","중국집","7"
"20180106","토","여","20대","서울특별시","강북구","미아동","중국집","27"
"20180106","토","남","60대이상","서울특별시","강북구","우이동","중국집","5"
"20180106","토","여","20대","서울특별시","강북구","번동","중국집","9"
"20180106","토","여","20대","서울특별시","강북구","수유동","중국집","5"
"20180106","토","여","20대","서울특별시","강북구","우이동","중국집","5"
"20180106","토","여","30대","서울특별시","강북구","미아동","중국집","71"
"20180106","토","남","30대","서울특별시","강북구","번동","중국집","23"
"20180106","토","여","30대","서울특별시","강북구","번동","중국집","28"
"20180106","토","여","30대","서울특별시","강북구","우이동","중국집","5"
"20180106","토","여","40대","서울특별시","강북구","미아동","중국집","97"
"20180106","토","여","40대","서울특별시","강북구","번동","중국집","18"
"20180106","토","여","40대","서울특별시","강북구","우이동","중국집","5"
"20180106","토","여","50대","서울특별시","강북구","미아동","중국집","63"
"20180106","토","남","20대","서울특별시","강북구","우이동","중국집","5"
"20180106","토","여","50대","서울특별시","강북구","번동","중국집","16"
"20180106","토","여","50대","서울특별시","강북구","우이동","중국집","5"
"20180106","토","여","60대이상","서울특별시","강북구","미아동","중국집","31"
"20180106","토","여","60대이상","서울특별시","강북구","번동","중국집","13"
"20180106","토","남","10대","서울특별시","강서구","내발산동","중국집","10"
"20180106","토","남","10대","서울특별시","강서구","등촌동","중국집","7"
"20180106","토","남","20대","서울특별시","강서구","가양동","중국집","14"
"20180106","토","남","10대","서울특별시","강서구","가양동","중국집","8"
"20180106","토","남","20대","서울특별시","강서구","방화동","중국집","5"
"20180106","토","남","30대","서울특별시","강서구","마곡동","중국집","5"
"20180106","토","남","30대","서울특별시","강서구","방화동","중국집","5"
"20180106","토","남","30대","서울특별시","강서구","외발산동","중국집","5"
"20180106","토","남","40대","서울특별시","강서구","가양동","중국집","54"
"20180106","토","남","20대","서울특별시","강서구","화곡동","중국집","37"
"20180106","토","남","40대","서울특별시","강서구","등촌동","중국집","26"
"20180106","토","남","40대","서울특별시","강서구","내발산동","중국집","79"
"20180106","토","남","40대","서울특별시","강서구","마곡동","중국집","5"
"20180106","토","남","40대","서울특별시","강서구","방화동","중국집","5"
"20180106","토","남","50대","서울특별시","강서구","가양동","중국집","20"
"20180106","토","남","20대","서울특별시","강서구","마곡동","중국집","5"
"20180106","토","남","50대","서울특별시","강서구","등촌동","중국집","12"
"20180106","토","남","50대","서울특별시","강서구","마곡동","중국집","5"
"20180106","토","남","50대","서울특별시","강서구","화곡동","중국집","42"
"20180106","토","남","60대이상","서울특별시","강서구","등촌동","중국집","12"
"20180106","토","남","10대","서울특별시","강서구","화곡동","중국집","6"
"20180106","토","남","60대이상","서울특별시","강서구","내발산동","중국집","23"
"20180106","토","남","60대이상","서울특별시","강서구","외발산동","중국집","5"
"20180106","토","남","60대이상","서울특별시","강서구","화곡동","중국집","20"
"20180106","토","여","10대","서울특별시","강서구","가양동","중국집","5"
"20180106","토","여","10대","서울특별시","강서구","내발산동","중국집","6"
"20180106","토","여","10대","서울특별시","강서구","등촌동","중국집","5"
"20180106","토","남","30대","서울특별시","강서구","화곡동","중국집","53"
"20180106","토","여","10대","서울특별시","강서구","방화동","중국집","5"
"20180106","토","여","10대","서울특별시","강서구","화곡동","중국집","9"
"20180106","토","여","20대","서울특별시","강서구","내발산동","중국집","15"
"20180106","토","여","20대","서울특별시","강서구","등촌동","중국집","6"
"20180106","토","여","20대","서울특별시","강서구","방화동","중국집","5"
"20180106","토","여","20대","서울특별시","강서구","외발산동","중국집","5"
"20180106","토","여","20대","서울특별시","강서구","화곡동","중국집","17"
"20180106","토","여","30대","서울특별시","강서구","내발산동","중국집","41"
"20180106","토","남","40대","서울특별시","강서구","화곡동","중국집","65"
"20180106","토","여","30대","서울특별시","강서구","등촌동","중국집","27"
"20180106","토","남","30대","서울특별시","강서구","가양동","중국집","41"
"20180106","토","여","30대","서울특별시","강서구","마곡동","중국집","5"
"20180106","토","여","30대","서울특별시","강서구","외발산동","중국집","5"
"20180106","토","남","60대이상","서울특별시","강서구","가양동","중국집","11"
"20180106","토","여","40대","서울특별시","강서구","가양동","중국집","28"
"20180106","토","여","40대","서울특별시","강서구","내발산동","중국집","59"
"20180106","토","여","40대","서울특별시","강서구","등촌동","중국집","34"
"20180106","토","여","40대","서울특별시","강서구","마곡동","중국집","5"
"20180106","토","남","10대","서울특별시","강서구","마곡동","중국집","5"
"20180106","토","여","40대","서울특별시","강서구","화곡동","중국집","92"
"20180106","토","여","40대","서울특별시","강서구","방화동","중국집","5"
"20180106","토","여","50대","서울특별시","강서구","가양동","중국집","5"
"20180106","토","여","50대","서울특별시","강서구","등촌동","중국집","14"
"20180106","토","여","50대","서울특별시","강서구","마곡동","중국집","5"
"20180106","토","여","30대","서울특별시","강서구","화곡동","중국집","57"
"20180106","토","여","50대","서울특별시","강서구","내발산동","중국집","33"
"20180106","토","여","50대","서울특별시","강서구","방화동","중국집","5"
"20180106","토","남","20대","서울특별시","강서구","등촌동","중국집","15"
"20180106","토","여","30대","서울특별시","강서구","가양동","중국집","17"
"20180106","토","남","30대","서울특별시","강서구","등촌동","중국집","25"
"20180106","토","여","50대","서울특별시","강서구","화곡동","중국집","37"
"20180106","토","남","20대","서울특별시","강서구","내발산동","중국집","33"
"20180106","토","여","60대이상","서울특별시","강서구","가양동","중국집","8"
"20180106","토","여","20대","서울특별시","강서구","마곡동","중국집","5"
"20180106","토","여","60대이상","서울특별시","강서구","내발산동","중국집","11"
"20180106","토","남","30대","서울특별시","강서구","내발산동","중국집","63"
"20180106","토","여","60대이상","서울특별시","강서구","등촌동","중국집","12"
"20180106","토","남","50대","서울특별시","강서구","내발산동","중국집","55"
"20180106","토","여","60대이상","서울특별시","강서구","마곡동","중국집","5"
"20180106","토","여","30대","서울특별시","강서구","방화동","중국집","5"
"20180106","토","여","60대이상","서울특별시","강서구","방화동","중국집","5"
"20180106","토","여","20대","서울특별시","강서구","가양동","중국집","12"
"20180106","토","여","60대이상","서울특별시","강서구","화곡동","중국집","23"
"20180106","토","남","10대","서울특별시","관악구","봉천동","중국집","5"
"20180106","토","남","10대","서울특별시","관악구","신림동","중국집","5"
"20180106","토","남","20대","서울특별시","관악구","신림동","중국집","14"
"20180106","토","남","30대","서울특별시","관악구","봉천동","중국집","12"
"20180106","토","남","30대","서울특별시","관악구","신림동","중국집","20"
"20180106","토","남","40대","서울특별시","관악구","봉천동","중국집","6"
"20180106","토","남","50대","서울특별시","관악구","봉천동","중국집","5"
"20180106","토","남","50대","서울특별시","관악구","신림동","중국집","5"
"20180106","토","남","60대이상","서울특별시","관악구","신림동","중국집","5"
"20180106","토","여","10대","서울특별시","관악구","신림동","중국집","5"
"20180106","토","여","20대","서울특별시","관악구","봉천동","중국집","8"
"20180106","토","여","20대","서울특별시","관악구","신림동","중국집","12"
"20180106","토","여","30대","서울특별시","관악구","신림동","중국집","15"
"20180106","토","여","30대","서울특별시","관악구","봉천동","중국집","15"
"20180106","토","여","40대","서울특별시","관악구","봉천동","중국집","7"
"20180106","토","여","40대","서울특별시","관악구","신림동","중국집","9"
"20180106","토","남","20대","서울특별시","관악구","봉천동","중국집","7"
"20180106","토","여","50대","서울특별시","관악구","봉천동","중국집","5"
"20180106","토","여","50대","서울특별시","관악구","신림동","중국집","5"
"20180106","토","여","60대이상","서울특별시","관악구","봉천동","중국집","7"
"20180106","토","여","60대이상","서울특별시","관악구","신림동","중국집","6"
"20180106","토","남","40대","서울특별시","관악구","신림동","중국집","5"
"20180106","토","남","10대","서울특별시","광진구","능동","중국집","5"
"20180106","토","남","10대","서울특별시","광진구","자양동","중국집","5"
"20180106","토","남","20대","서울특별시","광진구","광장동","중국집","5"
"20180106","토","남","20대","서울특별시","광진구","자양동","중국집","8"
"20180106","토","남","30대","서울특별시","광진구","광장동","중국집","5"
"20180106","토","남","30대","서울특별시","광진구","능동","중국집","5"
"20180106","토","남","30대","서울특별시","광진구","자양동","중국집","19"
"20180106","토","남","40대","서울특별시","광진구","광장동","중국집","5"
"20180106","토","남","40대","서울특별시","광진구","능동","중국집","5"
"20180106","토","남","40대","서울특별시","광진구","화양동","중국집","5"
"20180106","토","남","50대","서울특별시","광진구","광장동","중국집","5"
"20180106","토","남","40대","서울특별시","광진구","자양동","중국집","7"
"20180106","토","남","50대","서울특별시","광진구","자양동","중국집","5"
"20180106","토","남","60대이상","서울특별시","광진구","구의동","중국집","5"
"20180106","토","남","20대","서울특별시","광진구","능동","중국집","5"
"20180106","토","남","60대이상","서울특별시","광진구","자양동","중국집","5"
"20180106","토","여","10대","서울특별시","광진구","자양동","중국집","5"
"20180106","토","여","20대","서울특별시","광진구","능동","중국집","5"
"20180106","토","여","30대","서울특별시","광진구","자양동","중국집","7"
"20180106","토","여","40대","서울특별시","광진구","능동","중국집","5"
"20180106","토","여","40대","서울특별시","광진구","중곡동","중국집","5"
"20180106","토","여","40대","서울특별시","광진구","자양동","중국집","12"
"20180106","토","여","40대","서울특별시","광진구","화양동","중국집","5"
"20180106","토","여","50대","서울특별시","광진구","능동","중국집","5"
"20180106","토","여","50대","서울특별시","광진구","자양동","중국집","5"
"20180106","토","여","20대","서울특별시","광진구","자양동","중국집","8"
"20180106","토","여","50대","서울특별시","광진구","화양동","중국집","5"
"20180106","토","여","60대이상","서울특별시","광진구","능동","중국집","5"
"20180106","토","여","60대이상","서울특별시","광진구","자양동","중국집","5"
"20180106","토","남","10대","서울특별시","구로구","궁동","중국집","5"
"20180106","토","남","20대","서울특별시","구로구","개봉동","중국집","21"
"20180106","토","남","30대","서울특별시","구로구","신도림동","중국집","5"
"20180106","토","남","40대","서울특별시","구로구","궁동","중국집","5"
"20180106","토","남","50대","서울특별시","구로구","개봉동","중국집","29"
"20180106","토","남","50대","서울특별시","구로구","구로동","중국집","9"
"20180106","토","남","30대","서울특별시","구로구","개봉동","중국집","42"
"20180106","토","남","50대","서울특별시","구로구","궁동","중국집","5"
"20180106","토","남","60대이상","서울특별시","구로구","개봉동","중국집","12"
"20180106","토","남","40대","서울특별시","구로구","구로동","중국집","5"
"20180106","토","남","60대이상","서울특별시","구로구","구로동","중국집","5"
"20180106","토","남","30대","서울특별시","구로구","구로동","중국집","5"
"20180106","토","여","10대","서울특별시","구로구","개봉동","중국집","5"
"20180106","토","여","10대","서울특별시","구로구","궁동","중국집","5"
"20180106","토","남","30대","서울특별시","구로구","궁동","중국집","5"
"20180106","토","남","10대","서울특별시","구로구","개봉동","중국집","5"
"20180106","토","남","20대","서울특별시","구로구","궁동","중국집","5"
"20180106","토","여","20대","서울특별시","구로구","궁동","중국집","5"
"20180106","토","남","30대","서울특별시","구로구","천왕동","중국집","5"
"20180106","토","여","30대","서울특별시","구로구","개봉동","중국집","27"
"20180106","토","남","20대","서울특별시","구로구","구로동","중국집","5"
"20180106","토","여","30대","서울특별시","구로구","구로동","중국집","5"
"20180106","토","여","30대","서울특별시","구로구","궁동","중국집","5"
"20180106","토","여","30대","서울특별시","구로구","신도림동","중국집","5"
"20180106","토","여","40대","서울특별시","구로구","개봉동","중국집","66"
"20180106","토","여","40대","서울특별시","구로구","구로동","중국집","5"
"20180106","토","여","40대","서울특별시","구로구","신도림동","중국집","5"
"20180106","토","여","50대","서울특별시","구로구","개봉동","중국집","28"
"20180106","토","여","50대","서울특별시","구로구","구로동","중국집","5"
"20180106","토","여","50대","서울특별시","구로구","궁동","중국집","5"
"20180106","토","여","20대","서울특별시","구로구","개봉동","중국집","8"
"20180106","토","여","40대","서울특별시","구로구","궁동","중국집","5"
"20180106","토","여","50대","서울특별시","구로구","신도림동","중국집","5"
"20180106","토","여","60대이상","서울특별시","구로구","개봉동","중국집","13"
"20180106","토","여","60대이상","서울특별시","구로구","구로동","중국집","5"
"20180106","토","여","60대이상","서울특별시","구로구","궁동","중국집","5"
"20180106","토","남","40대","서울특별시","구로구","개봉동","중국집","48"
"20180106","토","여","60대이상","서울특별시","구로구","신도림동","중국집","5"
"20180106","토","남","10대","서울특별시","금천구","가산동","중국집","5"
"20180106","토","남","20대","서울특별시","금천구","가산동","중국집","7"
"20180106","토","남","20대","서울특별시","금천구","독산동","중국집","8"
"20180106","토","남","20대","서울특별시","금천구","시흥동","중국집","5"
"20180106","토","남","30대","서울특별시","금천구","가산동","중국집","21"
"20180106","토","남","30대","서울특별시","금천구","시흥동","중국집","5"
"20180106","토","남","40대","서울특별시","금천구","가산동","중국집","29"
"20180106","토","남","30대","서울특별시","금천구","독산동","중국집","5"
"20180106","토","남","40대","서울특별시","금천구","독산동","중국집","5"
"20180106","토","남","40대","서울특별시","금천구","시흥동","중국집","5"
"20180106","토","남","50대","서울특별시","금천구","시흥동","중국집","5"
"20180106","토","남","60대이상","서울특별시","금천구","가산동","중국집","5"
"20180106","토","남","60대이상","서울특별시","금천구","독산동","중국집","6"
"20180106","토","남","60대이상","서울특별시","금천구","시흥동","중국집","5"
"20180106","토","남","50대","서울특별시","금천구","가산동","중국집","15"
"20180106","토","여","10대","서울특별시","금천구","독산동","중국집","5"
"20180106","토","여","20대","서울특별시","금천구","가산동","중국집","6"
"20180106","토","여","20대","서울특별시","금천구","독산동","중국집","5"
"20180106","토","여","20대","서울특별시","금천구","시흥동","중국집","5"
"20180106","토","여","30대","서울특별시","금천구","가산동","중국집","13"
"20180106","토","여","30대","서울특별시","금천구","독산동","중국집","5"
"20180106","토","여","30대","서울특별시","금천구","시흥동","중국집","5"
"20180106","토","여","40대","서울특별시","금천구","시흥동","중국집","5"
"20180106","토","여","50대","서울특별시","금천구","가산동","중국집","5"
"20180106","토","여","50대","서울특별시","금천구","독산동","중국집","5"
"20180106","토","여","50대","서울특별시","금천구","시흥동","중국집","5"
"20180106","토","여","60대이상","서울특별시","금천구","가산동","중국집","5"
"20180106","토","여","60대이상","서울특별시","금천구","시흥동","중국집","5"
"20180106","토","여","40대","서울특별시","금천구","가산동","중국집","19"
"20180106","토","남","20대","서울특별시","노원구","공릉동","중국집","5"
"20180106","토","남","30대","서울특별시","노원구","공릉동","중국집","5"
"20180106","토","남","30대","서울특별시","노원구","상계동","중국집","50"
"20180106","토","남","40대","서울특별시","노원구","월계동","중국집","5"
"20180106","토","남","50대","서울특별시","노원구","상계동","중국집","46"
"20180106","토","남","50대","서울특별시","노원구","중계동","중국집","5"
"20180106","토","남","20대","서울특별시","노원구","상계동","중국집","29"
"20180106","토","남","20대","서울특별시","노원구","월계동","중국집","5"
"20180106","토","남","60대이상","서울특별시","노원구","공릉동","중국집","5"
"20180106","토","남","60대이상","서울특별시","노원구","월계동","중국집","5"
"20180106","토","여","10대","서울특별시","노원구","공릉동","중국집","5"
"20180106","토","여","10대","서울특별시","노원구","상계동","중국집","5"
"20180106","토","남","40대","서울특별시","노원구","공릉동","중국집","5"
"20180106","토","여","10대","서울특별시","노원구","월계동","중국집","5"
"20180106","토","여","20대","서울특별시","노원구","공릉동","중국집","5"
"20180106","토","여","20대","서울특별시","노원구","상계동","중국집","15"
"20180106","토","남","50대","서울특별시","노원구","공릉동","중국집","5"
"20180106","토","여","20대","서울특별시","노원구","월계동","중국집","5"
"20180106","토","여","20대","서울특별시","노원구","중계동","중국집","5"
"20180106","토","남","10대","서울특별시","노원구","상계동","중국집","6"
"20180106","토","여","30대","서울특별시","노원구","상계동","중국집","41"
"20180106","토","여","40대","서울특별시","노원구","공릉동","중국집","5"
"20180106","토","여","30대","서울특별시","노원구","공릉동","중국집","5"
"20180106","토","여","40대","서울특별시","노원구","상계동","중국집","89"
"20180106","토","여","40대","서울특별시","노원구","중계동","중국집","5"
"20180106","토","남","30대","서울특별시","노원구","월계동","중국집","5"
"20180106","토","여","40대","서울특별시","노원구","월계동","중국집","5"
"20180106","토","여","50대","서울특별시","노원구","공릉동","중국집","10"
"20180106","토","남","10대","서울특별시","노원구","월계동","중국집","5"
"20180106","토","여","50대","서울특별시","노원구","상계동","중국집","55"
"20180106","토","여","50대","서울특별시","노원구","월계동","중국집","5"
"20180106","토","여","50대","서울특별시","노원구","중계동","중국집","5"
"20180106","토","여","60대이상","서울특별시","노원구","공릉동","중국집","5"
"20180106","토","남","30대","서울특별시","노원구","중계동","중국집","5"
"20180106","토","남","50대","서울특별시","노원구","하계동","중국집","5"
"20180106","토","여","60대이상","서울특별시","노원구","상계동","중국집","24"
"20180106","토","여","40대","서울특별시","노원구","하계동","중국집","5"
"20180106","토","남","50대","서울특별시","노원구","월계동","중국집","5"
"20180106","토","남","60대이상","서울특별시","노원구","상계동","중국집","24"
"20180106","토","남","40대","서울특별시","노원구","중계동","중국집","5"
"20180106","토","여","60대이상","서울특별시","노원구","월계동","중국집","5"
"20180106","토","여","60대이상","서울특별시","노원구","중계동","중국집","5"
"20180106","토","남","40대","서울특별시","노원구","상계동","중국집","66"
"20180106","토","남","10대","서울특별시","도봉구","쌍문동","중국집","5"
"20180106","토","남","30대","서울특별시","도봉구","방학동","중국집","5"
"20180106","토","남","30대","서울특별시","도봉구","쌍문동","중국집","5"
"20180106","토","남","40대","서울특별시","도봉구","도봉동","중국집","5"
"20180106","토","남","40대","서울특별시","도봉구","방학동","중국집","5"
"20180106","토","남","40대","서울특별시","도봉구","쌍문동","중국집","5"
"20180106","토","남","50대","서울특별시","도봉구","방학동","중국집","5"
"20180106","토","여","20대","서울특별시","도봉구","도봉동","중국집","5"
"20180106","토","남","20대","서울특별시","도봉구","방학동","중국집","5"
"20180106","토","남","20대","서울특별시","도봉구","쌍문동","중국집","5"
"20180106","토","여","20대","서울특별시","도봉구","방학동","중국집","5"
"20180106","토","여","30대","서울특별시","도봉구","도봉동","중국집","5"
"20180106","토","여","30대","서울특별시","도봉구","방학동","중국집","5"
"20180106","토","여","30대","서울특별시","도봉구","쌍문동","중국집","5"
"20180106","토","여","40대","서울특별시","도봉구","도봉동","중국집","5"
"20180106","토","남","50대","서울특별시","도봉구","쌍문동","중국집","5"
"20180106","토","여","40대","서울특별시","도봉구","방학동","중국집","5"
"20180106","토","남","20대","서울특별시","도봉구","도봉동","중국집","5"
"20180106","토","여","40대","서울특별시","도봉구","쌍문동","중국집","5"
"20180106","토","여","50대","서울특별시","도봉구","도봉동","중국집","5"
"20180106","토","여","50대","서울특별시","도봉구","방학동","중국집","5"
"20180106","토","여","50대","서울특별시","도봉구","쌍문동","중국집","5"
"20180106","토","여","60대이상","서울특별시","도봉구","도봉동","중국집","5"
"20180106","토","여","60대이상","서울특별시","도봉구","방학동","중국집","5"
"20180106","토","남","10대","서울특별시","동대문구","장안동","중국집","11"
"20180106","토","남","20대","서울특별시","동대문구","답십리동","중국집","5"
"20180106","토","남","20대","서울특별시","동대문구","장안동","중국집","35"
"20180106","토","남","20대","서울특별시","동대문구","전농동","중국집","5"
"20180106","토","남","30대","서울특별시","동대문구","답십리동","중국집","5"
"20180106","토","남","30대","서울특별시","동대문구","전농동","중국집","6"
"20180106","토","남","40대","서울특별시","동대문구","답십리동","중국집","5"
"20180106","토","남","10대","서울특별시","동대문구","전농동","중국집","5"
"20180106","토","남","40대","서울특별시","동대문구","장안동","중국집","48"
"20180106","토","남","40대","서울특별시","동대문구","전농동","중국집","5"
"20180106","토","남","40대","서울특별시","동대문구","제기동","중국집","56"
"20180106","토","남","50대","서울특별시","동대문구","답십리동","중국집","5"
"20180106","토","남","50대","서울특별시","동대문구","전농동","중국집","5"
"20180106","토","남","50대","서울특별시","동대문구","제기동","중국집","34"
"20180106","토","남","60대이상","서울특별시","동대문구","장안동","중국집","31"
"20180106","토","남","60대이상","서울특별시","동대문구","제기동","중국집","24"
"20180106","토","여","20대","서울특별시","동대문구","장안동","중국집","14"
"20180106","토","남","30대","서울특별시","동대문구","장안동","중국집","64"
"20180106","토","남","20대","서울특별시","동대문구","휘경동","중국집","5"
"20180106","토","여","10대","서울특별시","동대문구","전농동","중국집","5"
"20180106","토","여","20대","서울특별시","동대문구","전농동","중국집","5"
"20180106","토","여","20대","서울특별시","동대문구","제기동","중국집","15"
"20180106","토","여","30대","서울특별시","동대문구","답십리동","중국집","5"
"20180106","토","남","30대","서울특별시","동대문구","제기동","중국집","49"
"20180106","토","남","50대","서울특별시","동대문구","장안동","중국집","39"
"20180106","토","여","30대","서울특별시","동대문구","전농동","중국집","5"
"20180106","토","여","40대","서울특별시","동대문구","답십리동","중국집","5"
"20180106","토","여","40대","서울특별시","동대문구","장안동","중국집","50"
"20180106","토","남","60대이상","서울특별시","동대문구","전농동","중국집","5"
"20180106","토","남","10대","서울특별시","동대문구","제기동","중국집","8"
"20180106","토","여","40대","서울특별시","동대문구","제기동","중국집","30"
"20180106","토","남","20대","서울특별시","동대문구","제기동","중국집","51"
"20180106","토","여","50대","서울특별시","동대문구","답십리동","중국집","5"
"20180106","토","여","30대","서울특별시","동대문구","장안동","중국집","39"
"20180106","토","여","50대","서울특별시","동대문구","장안동","중국집","27"
"20180106","토","여","50대","서울특별시","동대문구","전농동","중국집","5"
"20180106","토","여","10대","서울특별시","동대문구","제기동","중국집","5"
"20180106","토","여","50대","서울특별시","동대문구","제기동","중국집","29"
"20180106","토","여","10대","서울특별시","동대문구","장안동","중국집","9"
"20180106","토","여","60대이상","서울특별시","동대문구","장안동","중국집","21"
"20180106","토","여","30대","서울특별시","동대문구","제기동","중국집","28"
"20180106","토","여","60대이상","서울특별시","동대문구","제기동","중국집","25"
"20180106","토","남","10대","서울특별시","동작구","본동","중국집","5"
"20180106","토","남","10대","서울특별시","동작구","신대방동","중국집","20"
"20180106","토","남","20대","서울특별시","동작구","상도동","중국집","9"
"20180106","토","남","30대","서울특별시","동작구","노량진동","중국집","5"
"20180106","토","남","30대","서울특별시","동작구","본동","중국집","5"
"20180106","토","남","30대","서울특별시","동작구","사당동","중국집","5"
"20180106","토","남","30대","서울특별시","동작구","신대방동","중국집","146"
"20180106","토","남","40대","서울특별시","동작구","사당동","중국집","5"
"20180106","토","남","10대","서울특별시","동작구","상도동","중국집","5"
"20180106","토","남","50대","서울특별시","동작구","노량진동","중국집","5"
"20180106","토","남","50대","서울특별시","동작구","대방동","중국집","5"
"20180106","토","남","50대","서울특별시","동작구","사당동","중국집","5"
"20180106","토","남","60대이상","서울특별시","동작구","노량진동","중국집","5"
"20180106","토","남","60대이상","서울특별시","동작구","본동","중국집","5"
"20180106","토","남","60대이상","서울특별시","동작구","상도동","중국집","5"
"20180106","토","남","10대","서울특별시","동작구","노량진동","중국집","5"
"20180106","토","남","40대","서울특별시","동작구","상도동","중국집","7"
"20180106","토","남","60대이상","서울특별시","동작구","신대방동","중국집","43"
"20180106","토","여","10대","서울특별시","동작구","본동","중국집","5"
"20180106","토","남","20대","서울특별시","동작구","본동","중국집","5"
"20180106","토","남","60대이상","서울특별시","동작구","사당동","중국집","5"
"20180106","토","남","20대","서울특별시","동작구","사당동","중국집","9"
"20180106","토","남","50대","서울특별시","동작구","상도동","중국집","5"
"20180106","토","여","10대","서울특별시","동작구","상도동","중국집","5"
"20180106","토","여","20대","서울특별시","동작구","본동","중국집","5"
"20180106","토","남","20대","서울특별시","동작구","노량진동","중국집","5"
"20180106","토","여","20대","서울특별시","동작구","사당동","중국집","6"
"20180106","토","여","20대","서울특별시","동작구","신대방동","중국집","41"
"20180106","토","남","50대","서울특별시","동작구","신대방동","중국집","66"
"20180106","토","남","50대","서울특별시","동작구","본동","중국집","5"
"20180106","토","여","30대","서울특별시","동작구","노량진동","중국집","5"
"20180106","토","남","20대","서울특별시","동작구","신대방동","중국집","78"
"20180106","토","남","40대","서울특별시","동작구","본동","중국집","5"
"20180106","토","여","10대","서울특별시","동작구","신대방동","중국집","8"
"20180106","토","남","40대","서울특별시","동작구","신대방동","중국집","127"
"20180106","토","여","30대","서울특별시","동작구","본동","중국집","5"
"20180106","토","여","30대","서울특별시","동작구","사당동","중국집","5"
"20180106","토","여","30대","서울특별시","동작구","상도동","중국집","7"
"20180106","토","여","40대","서울특별시","동작구","노량진동","중국집","5"
"20180106","토","여","30대","서울특별시","동작구","신대방동","중국집","115"
"20180106","토","여","40대","서울특별시","동작구","본동","중국집","5"
"20180106","토","여","20대","서울특별시","동작구","상도동","중국집","5"
"20180106","토","여","40대","서울특별시","동작구","상도동","중국집","5"
"20180106","토","여","40대","서울특별시","동작구","신대방동","중국집","126"
"20180106","토","여","40대","서울특별시","동작구","사당동","중국집","5"
"20180106","토","여","50대","서울특별시","동작구","노량진동","중국집","5"
"20180106","토","남","60대이상","서울특별시","동작구","대방동","중국집","5"
"20180106","토","여","50대","서울특별시","동작구","본동","중국집","5"
"20180106","토","여","50대","서울특별시","동작구","사당동","중국집","5"
"20180106","토","남","40대","서울특별시","동작구","노량진동","중국집","5"
"20180106","토","여","50대","서울특별시","동작구","상도동","중국집","5"
"20180106","토","남","30대","서울특별시","동작구","상도동","중국집","11"
"20180106","토","남","40대","서울특별시","동작구","흑석동","중국집","5"
"20180106","토","여","50대","서울특별시","동작구","신대방동","중국집","84"
"20180106","토","여","20대","서울특별시","동작구","노량진동","중국집","5"
"20180106","토","여","60대이상","서울특별시","동작구","상도동","중국집","5"
"20180106","토","여","60대이상","서울특별시","동작구","신대방동","중국집","41"
"20180106","토","남","10대","서울특별시","마포구","마포동","중국집","5"
"20180106","토","남","20대","서울특별시","마포구","상암동","중국집","11"
"20180106","토","남","20대","서울특별시","마포구","서교동","중국집","5"
"20180106","토","남","10대","서울특별시","마포구","상암동","중국집","5"
"20180106","토","남","30대","서울특별시","마포구","대흥동","중국집","5"
"20180106","토","남","30대","서울특별시","마포구","상암동","중국집","34"
"20180106","토","남","30대","서울특별시","마포구","아현동","중국집","5"
"20180106","토","남","20대","서울특별시","마포구","공덕동","중국집","5"
"20180106","토","남","40대","서울특별시","마포구","망원동","중국집","5"
"20180106","토","남","40대","서울특별시","마포구","상암동","중국집","32"
"20180106","토","남","10대","서울특별시","마포구","서교동","중국집","5"
"20180106","토","남","20대","서울특별시","마포구","신수동","중국집","5"
"20180106","토","남","40대","서울특별시","마포구","신수동","중국집","5"
"20180106","토","남","40대","서울특별시","마포구","염리동","중국집","5"
"20180106","토","남","40대","서울특별시","마포구","창전동","중국집","5"
"20180106","토","남","40대","서울특별시","마포구","합정동","중국집","30"
"20180106","토","남","50대","서울특별시","마포구","공덕동","중국집","5"
"20180106","토","남","50대","서울특별시","마포구","상암동","중국집","12"
"20180106","토","남","20대","서울특별시","마포구","신공덕동","중국집","5"
"20180106","토","남","50대","서울특별시","마포구","창전동","중국집","5"
"20180106","토","남","50대","서울특별시","마포구","합정동","중국집","14"
"20180106","토","남","60대이상","서울특별시","마포구","상암동","중국집","15"
"20180106","토","남","60대이상","서울특별시","마포구","염리동","중국집","5"
"20180106","토","여","10대","서울특별시","마포구","상암동","중국집","5"
"20180106","토","여","10대","서울특별시","마포구","합정동","중국집","5"
"20180106","토","남","10대","서울특별시","마포구","신공덕동","중국집","5"
"20180106","토","남","60대이상","서울특별시","마포구","신공덕동","중국집","5"
"20180106","토","여","20대","서울특별시","마포구","대흥동","중국집","5"
"20180106","토","여","20대","서울특별시","마포구","망원동","중국집","5"
"20180106","토","여","20대","서울특별시","마포구","염리동","중국집","5"
"20180106","토","여","20대","서울특별시","마포구","창전동","중국집","5"
"20180106","토","남","40대","서울특별시","마포구","신공덕동","중국집","5"
"20180106","토","여","20대","서울특별시","마포구","합정동","중국집","8"
"20180106","토","남","40대","서울특별시","마포구","마포동","중국집","5"
"20180106","토","여","30대","서울특별시","마포구","마포동","중국집","5"
"20180106","토","여","30대","서울특별시","마포구","망원동","중국집","5"
"20180106","토","여","30대","서울특별시","마포구","상암동","중국집","31"
"20180106","토","여","30대","서울특별시","마포구","신공덕동","중국집","5"
"20180106","토","여","30대","서울특별시","마포구","신수동","중국집","5"
"20180106","토","여","30대","서울특별시","마포구","창전동","중국집","5"
"20180106","토","남","30대","서울특별시","마포구","망원동","중국집","5"
"20180106","토","여","30대","서울특별시","마포구","합정동","중국집","13"
"20180106","토","남","50대","서울특별시","마포구","신공덕동","중국집","5"
"20180106","토","여","20대","서울특별시","마포구","상암동","중국집","5"
"20180106","토","남","20대","서울특별시","마포구","창전동","중국집","5"
"20180106","토","여","40대","서울특별시","마포구","공덕동","중국집","5"
"20180106","토","여","40대","서울특별시","마포구","대흥동","중국집","5"
"20180106","토","여","20대","서울특별시","마포구","신공덕동","중국집","5"
"20180106","토","여","40대","서울특별시","마포구","마포동","중국집","5"
"20180106","토","여","20대","서울특별시","마포구","서교동","중국집","5"
"20180106","토","여","30대","서울특별시","마포구","대흥동","중국집","5"
"20180106","토","남","60대이상","서울특별시","마포구","합정동","중국집","7"
"20180106","토","여","30대","서울특별시","마포구","상수동","중국집","5"
"20180106","토","여","40대","서울특별시","마포구","상암동","중국집","43"
"20180106","토","여","40대","서울특별시","마포구","아현동","중국집","5"
"20180106","토","여","40대","서울특별시","마포구","창전동","중국집","5"
"20180106","토","여","40대","서울특별시","마포구","합정동","중국집","6"
"20180106","토","여","50대","서울특별시","마포구","망원동","중국집","5"
"20180106","토","여","10대","서울특별시","마포구","대흥동","중국집","5"
"20180106","토","여","50대","서울특별시","마포구","상암동","중국집","18"
"20180106","토","여","50대","서울특별시","마포구","신공덕동","중국집","5"
"20180106","토","여","50대","서울특별시","마포구","염리동","중국집","5"
"20180106","토","여","50대","서울특별시","마포구","합정동","중국집","6"
"20180106","토","여","30대","서울특별시","마포구","아현동","중국집","5"
"20180106","토","여","30대","서울특별시","마포구","염리동","중국집","5"
"20180106","토","여","60대이상","서울특별시","마포구","공덕동","중국집","5"
"20180106","토","여","40대","서울특별시","마포구","신공덕동","중국집","5"
"20180106","토","남","30대","서울특별시","마포구","창전동","중국집","5"
"20180106","토","여","60대이상","서울특별시","마포구","대흥동","중국집","5"
"20180106","토","남","30대","서울특별시","마포구","합정동","중국집","24"
"20180106","토","남","30대","서울특별시","마포구","마포동","중국집","5"
"20180106","토","여","60대이상","서울특별시","마포구","마포동","중국집","5"
"20180106","토","남","40대","서울특별시","마포구","노고산동","중국집","5"
"20180106","토","여","60대이상","서울특별시","마포구","상암동","중국집","19"
"20180106","토","남","20대","서울특별시","마포구","합정동","중국집","13"
"20180106","토","남","30대","서울특별시","마포구","신공덕동","중국집","5"
"20180106","토","여","60대이상","서울특별시","마포구","신수동","중국집","5"
"20180106","토","여","60대이상","서울특별시","마포구","아현동","중국집","5"
"20180106","토","여","60대이상","서울특별시","마포구","창전동","중국집","5"
"20180106","토","남","20대","서울특별시","마포구","염리동","중국집","5"
"20180106","토","남","20대","서울특별시","마포구","망원동","중국집","5"
"20180106","토","여","60대이상","서울특별시","마포구","합정동","중국집","10"
"20180106","토","남","50대","서울특별시","마포구","염리동","중국집","5"
"20180106","토","여","40대","서울특별시","마포구","염리동","중국집","5"
"20180106","토","남","10대","서울특별시","서대문구","충정로3가","중국집","5"
"20180106","토","남","10대","서울특별시","서대문구","홍은동","중국집","5"
"20180106","토","남","20대","서울특별시","서대문구","창천동","중국집","24"
"20180106","토","남","30대","서울특별시","서대문구","남가좌동","중국집","5"
"20180106","토","남","30대","서울특별시","서대문구","창천동","중국집","35"
"20180106","토","남","30대","서울특별시","서대문구","충정로3가","중국집","5"
"20180106","토","남","30대","서울특별시","서대문구","홍제동","중국집","43"
"20180106","토","남","40대","서울특별시","서대문구","연희동","중국집","73"
"20180106","토","남","30대","서울특별시","서대문구","북가좌동","중국집","5"
"20180106","토","남","20대","서울특별시","서대문구","홍제동","중국집","21"
"20180106","토","남","40대","서울특별시","서대문구","충정로3가","중국집","5"
"20180106","토","남","50대","서울특별시","서대문구","홍은동","중국집","5"
"20180106","토","남","50대","서울특별시","서대문구","홍제동","중국집","35"
"20180106","토","남","60대이상","서울특별시","서대문구","연희동","중국집","21"
"20180106","토","여","10대","서울특별시","서대문구","연희동","중국집","5"
"20180106","토","여","20대","서울특별시","서대문구","남가좌동","중국집","5"
"20180106","토","여","20대","서울특별시","서대문구","북가좌동","중국집","5"
"20180106","토","남","20대","서울특별시","서대문구","북아현동","중국집","5"
"20180106","토","남","10대","서울특별시","서대문구","창천동","중국집","5"
"20180106","토","여","20대","서울특별시","서대문구","창천동","중국집","15"
"20180106","토","남","40대","서울특별시","서대문구","창천동","중국집","56"
"20180106","토","여","10대","서울특별시","서대문구","창천동","중국집","5"
"20180106","토","여","20대","서울특별시","서대문구","홍은동","중국집","5"
"20180106","토","남","10대","서울특별시","서대문구","북아현동","중국집","5"
"20180106","토","여","30대","서울특별시","서대문구","북가좌동","중국집","5"
"20180106","토","남","10대","서울특별시","서대문구","연희동","중국집","5"
"20180106","토","여","30대","서울특별시","서대문구","북아현동","중국집","5"
"20180106","토","여","30대","서울특별시","서대문구","연희동","중국집","49"
"20180106","토","여","30대","서울특별시","서대문구","창천동","중국집","36"
"20180106","토","남","20대","서울특별시","서대문구","충정로3가","중국집","5"
"20180106","토","여","30대","서울특별시","서대문구","충정로3가","중국집","5"
"20180106","토","남","10대","서울특별시","서대문구","홍제동","중국집","8"
"20180106","토","남","20대","서울특별시","서대문구","홍은동","중국집","5"
"20180106","토","여","30대","서울특별시","서대문구","홍제동","중국집","33"
"20180106","토","여","40대","서울특별시","서대문구","남가좌동","중국집","5"
"20180106","토","여","40대","서울특별시","서대문구","북가좌동","중국집","5"
"20180106","토","남","50대","서울특별시","서대문구","연희동","중국집","32"
"20180106","토","여","10대","서울특별시","서대문구","홍제동","중국집","5"
"20180106","토","여","40대","서울특별시","서대문구","연희동","중국집","40"
"20180106","토","여","40대","서울특별시","서대문구","창천동","중국집","34"
"20180106","토","남","60대이상","서울특별시","서대문구","창천동","중국집","18"
"20180106","토","여","30대","서울특별시","서대문구","홍은동","중국집","5"
"20180106","토","여","40대","서울특별시","서대문구","홍은동","중국집","5"
"20180106","토","남","20대","서울특별시","서대문구","연희동","중국집","43"
"20180106","토","여","20대","서울특별시","서대문구","홍제동","중국집","7"
"20180106","토","남","30대","서울특별시","서대문구","연희동","중국집","56"
"20180106","토","남","50대","서울특별시","서대문구","창천동","중국집","19"
"20180106","토","여","40대","서울특별시","서대문구","홍제동","중국집","44"
"20180106","토","여","50대","서울특별시","서대문구","북가좌동","중국집","5"
"20180106","토","남","40대","서울특별시","서대문구","홍제동","중국집","35"
"20180106","토","여","40대","서울특별시","서대문구","충정로3가","중국집","5"
"20180106","토","여","50대","서울특별시","서대문구","연희동","중국집","25"
"20180106","토","여","50대","서울특별시","서대문구","창천동","중국집","27"
"20180106","토","여","50대","서울특별시","서대문구","홍제동","중국집","20"
"20180106","토","여","60대이상","서울특별시","서대문구","남가좌동","중국집","5"
"20180106","토","여","60대이상","서울특별시","서대문구","연희동","중국집","11"
"20180106","토","여","60대이상","서울특별시","서대문구","창천동","중국집","11"
"20180106","토","여","60대이상","서울특별시","서대문구","충정로3가","중국집","5"
"20180106","토","여","60대이상","서울특별시","서대문구","홍은동","중국집","5"
"20180106","토","남","60대이상","서울특별시","서대문구","홍제동","중국집","24"
"20180106","토","여","20대","서울특별시","서대문구","연희동","중국집","29"
"20180106","토","여","20대","서울특별시","서대문구","충정로3가","중국집","5"
"20180106","토","여","60대이상","서울특별시","서대문구","홍제동","중국집","18"
"20180106","토","남","10대","서울특별시","서초구","방배동","중국집","11"
"20180106","토","남","30대","서울특별시","서초구","반포동","중국집","14"
"20180106","토","남","30대","서울특별시","서초구","방배동","중국집","83"
"20180106","토","남","30대","서울특별시","서초구","서초동","중국집","14"
"20180106","토","남","30대","서울특별시","서초구","양재동","중국집","55"
"20180106","토","남","30대","서울특별시","서초구","잠원동","중국집","5"
"20180106","토","남","40대","서울특별시","서초구","내곡동","중국집","5"
"20180106","토","남","20대","서울특별시","서초구","방배동","중국집","33"
"20180106","토","남","40대","서울특별시","서초구","서초동","중국집","13"
"20180106","토","남","20대","서울특별시","서초구","서초동","중국집","5"
"20180106","토","남","50대","서울특별시","서초구","반포동","중국집","12"
"20180106","토","남","40대","서울특별시","서초구","반포동","중국집","28"
"20180106","토","남","40대","서울특별시","서초구","방배동","중국집","73"
"20180106","토","남","50대","서울특별시","서초구","방배동","중국집","43"
"20180106","토","남","20대","서울특별시","서초구","양재동","중국집","8"
"20180106","토","남","50대","서울특별시","서초구","서초동","중국집","5"
"20180106","토","남","40대","서울특별시","서초구","양재동","중국집","50"
"20180106","토","남","60대이상","서울특별시","서초구","내곡동","중국집","5"
"20180106","토","남","10대","서울특별시","서초구","반포동","중국집","5"
"20180106","토","남","60대이상","서울특별시","서초구","방배동","중국집","41"
"20180106","토","남","60대이상","서울특별시","서초구","서초동","중국집","5"
"20180106","토","여","10대","서울특별시","서초구","방배동","중국집","5"
"20180106","토","여","10대","서울특별시","서초구","서초동","중국집","5"
"20180106","토","남","60대이상","서울특별시","서초구","반포동","중국집","9"
"20180106","토","여","10대","서울특별시","서초구","양재동","중국집","5"
"20180106","토","여","20대","서울특별시","서초구","반포동","중국집","5"
"20180106","토","여","20대","서울특별시","서초구","방배동","중국집","14"
"20180106","토","여","20대","서울특별시","서초구","서초동","중국집","5"
"20180106","토","여","20대","서울특별시","서초구","양재동","중국집","11"
"20180106","토","여","30대","서울특별시","서초구","내곡동","중국집","5"
"20180106","토","여","30대","서울특별시","서초구","반포동","중국집","28"
"20180106","토","여","30대","서울특별시","서초구","방배동","중국집","64"
"20180106","토","남","10대","서울특별시","서초구","양재동","중국집","5"
"20180106","토","여","30대","서울특별시","서초구","서초동","중국집","9"
"20180106","토","여","30대","서울특별시","서초구","양재동","중국집","40"
"20180106","토","남","50대","서울특별시","서초구","양재동","중국집","28"
"20180106","토","여","40대","서울특별시","서초구","서초동","중국집","12"
"20180106","토","남","10대","서울특별시","서초구","서초동","중국집","5"
"20180106","토","여","40대","서울특별시","서초구","양재동","중국집","45"
"20180106","토","여","40대","서울특별시","서초구","잠원동","중국집","5"
"20180106","토","여","50대","서울특별시","서초구","내곡동","중국집","5"
"20180106","토","여","50대","서울특별시","서초구","서초동","중국집","6"
"20180106","토","남","60대이상","서울특별시","서초구","양재동","중국집","16"
"20180106","토","남","30대","서울특별시","서초구","내곡동","중국집","5"
"20180106","토","여","50대","서울특별시","서초구","양재동","중국집","20"
"20180106","토","여","60대이상","서울특별시","서초구","내곡동","중국집","5"
"20180106","토","여","60대이상","서울특별시","서초구","반포동","중국집","8"
"20180106","토","남","20대","서울특별시","서초구","반포동","중국집","5"
"20180106","토","여","50대","서울특별시","서초구","반포동","중국집","8"
"20180106","토","여","50대","서울특별시","서초구","방배동","중국집","50"
"20180106","토","여","60대이상","서울특별시","서초구","방배동","중국집","27"
"20180106","토","여","30대","서울특별시","서초구","잠원동","중국집","5"
"20180106","토","남","30대","서울특별시","서초구","신원동","중국집","5"
"20180106","토","여","60대이상","서울특별시","서초구","서초동","중국집","5"
"20180106","토","여","60대이상","서울특별시","서초구","양재동","중국집","12"
"20180106","토","여","40대","서울특별시","서초구","반포동","중국집","25"
"20180106","토","여","40대","서울특별시","서초구","방배동","중국집","100"
"20180106","토","여","10대","서울특별시","서초구","반포동","중국집","5"
"20180106","토","남","20대","서울특별시","성동구","성수동2가","중국집","66"
"20180106","토","남","20대","서울특별시","성동구","옥수동","중국집","22"
"20180106","토","남","30대","서울특별시","성동구","성수동2가","중국집","112"
"20180106","토","남","30대","서울특별시","성동구","옥수동","중국집","20"
"20180106","토","남","30대","서울특별시","성동구","행당동","중국집","5"
"20180106","토","남","10대","서울특별시","성동구","성수동2가","중국집","16"
"20180106","토","남","50대","서울특별시","성동구","옥수동","중국집","23"
"20180106","토","남","60대이상","서울특별시","성동구","성수동2가","중국집","37"
"20180106","토","남","60대이상","서울특별시","성동구","옥수동","중국집","14"
"20180106","토","남","10대","서울특별시","성동구","옥수동","중국집","5"
"20180106","토","여","10대","서울특별시","성동구","성수동2가","중국집","5"
"20180106","토","여","20대","서울특별시","성동구","성수동2가","중국집","20"
"20180106","토","여","30대","서울특별시","성동구","성수동2가","중국집","83"
"20180106","토","여","30대","서울특별시","성동구","옥수동","중국집","15"
"20180106","토","남","50대","서울특별시","성동구","성수동2가","중국집","68"
"20180106","토","여","40대","서울특별시","성동구","성수동2가","중국집","101"
"20180106","토","남","40대","서울특별시","성동구","옥수동","중국집","14"
"20180106","토","여","40대","서울특별시","성동구","옥수동","중국집","12"
"20180106","토","여","20대","서울특별시","성동구","옥수동","중국집","5"
"20180106","토","여","50대","서울특별시","성동구","성수동2가","중국집","41"
"20180106","토","여","50대","서울특별시","성동구","옥수동","중국집","11"
"20180106","토","여","60대이상","서울특별시","성동구","성수동2가","중국집","28"
"20180106","토","여","60대이상","서울특별시","성동구","옥수동","중국집","17"
"20180106","토","남","40대","서울특별시","성동구","성수동2가","중국집","116"
"20180106","토","남","10대","서울특별시","성북구","동선동2가","중국집","7"
"20180106","토","남","10대","서울특별시","성북구","삼선동5가","중국집","5"
"20180106","토","남","10대","서울특별시","성북구","정릉동","중국집","5"
"20180106","토","남","20대","서울특별시","성북구","길음동","중국집","5"
"20180106","토","남","20대","서울특별시","성북구","성북동","중국집","5"
"20180106","토","남","20대","서울특별시","성북구","정릉동","중국집","5"
"20180106","토","남","30대","서울특별시","성북구","동선동2가","중국집","68"
"20180106","토","남","30대","서울특별시","성북구","정릉동","중국집","5"
"20180106","토","남","30대","서울특별시","성북구","종암동","중국집","5"
"20180106","토","남","40대","서울특별시","성북구","길음동","중국집","5"
"20180106","토","남","40대","서울특별시","성북구","종암동","중국집","5"
"20180106","토","남","20대","서울특별시","성북구","종암동","중국집","5"
"20180106","토","남","40대","서울특별시","성북구","하월곡동","중국집","5"
"20180106","토","남","50대","서울특별시","성북구","성북동","중국집","5"
"20180106","토","남","50대","서울특별시","성북구","정릉동","중국집","5"
"20180106","토","남","50대","서울특별시","성북구","종암동","중국집","5"
"20180106","토","남","50대","서울특별시","성북구","삼선동5가","중국집","5"
"20180106","토","남","60대이상","서울특별시","성북구","삼선동5가","중국집","5"
"20180106","토","남","20대","서울특별시","성북구","동선동2가","중국집","38"
"20180106","토","남","60대이상","서울특별시","성북구","상월곡동","중국집","5"
"20180106","토","남","40대","서울특별시","성북구","동선동2가","중국집","60"
"20180106","토","남","60대이상","서울특별시","성북구","종암동","중국집","5"
"20180106","토","여","10대","서울특별시","성북구","동선동2가","중국집","5"
"20180106","토","여","10대","서울특별시","성북구","정릉동","중국집","5"
"20180106","토","여","20대","서울특별시","성북구","동선동2가","중국집","10"
"20180106","토","여","20대","서울특별시","성북구","장위동","중국집","5"
"20180106","토","여","20대","서울특별시","성북구","정릉동","중국집","8"
"20180106","토","여","30대","서울특별시","성북구","동선동2가","중국집","37"
"20180106","토","여","30대","서울특별시","성북구","성북동","중국집","5"
"20180106","토","남","20대","서울특별시","성북구","동선동3가","중국집","5"
"20180106","토","남","30대","서울특별시","성북구","하월곡동","중국집","5"
"20180106","토","남","50대","서울특별시","성북구","동선동2가","중국집","42"
"20180106","토","여","30대","서울특별시","성북구","정릉동","중국집","5"
"20180106","토","여","30대","서울특별시","성북구","하월곡동","중국집","5"
"20180106","토","여","40대","서울특별시","성북구","동선동3가","중국집","5"
"20180106","토","남","40대","서울특별시","성북구","삼선동5가","중국집","5"
"20180106","토","여","20대","서울특별시","성북구","삼선동5가","중국집","5"
"20180106","토","여","40대","서울특별시","성북구","삼선동5가","중국집","5"
"20180106","토","여","40대","서울특별시","성북구","정릉동","중국집","5"
"20180106","토","여","40대","서울특별시","성북구","하월곡동","중국집","5"
"20180106","토","여","40대","서울특별시","성북구","종암동","중국집","5"
"20180106","토","여","50대","서울특별시","성북구","동선동2가","중국집","29"
"20180106","토","여","30대","서울특별시","성북구","삼선동5가","중국집","7"
"20180106","토","여","50대","서울특별시","성북구","삼선동5가","중국집","5"
"20180106","토","여","50대","서울특별시","성북구","정릉동","중국집","5"
"20180106","토","여","50대","서울특별시","성북구","종암동","중국집","5"
"20180106","토","남","60대이상","서울특별시","성북구","동선동2가","중국집","29"
"20180106","토","남","20대","서울특별시","성북구","하월곡동","중국집","5"
"20180106","토","여","40대","서울특별시","성북구","성북동","중국집","5"
"20180106","토","여","40대","서울특별시","성북구","길음동","중국집","5"
"20180106","토","여","50대","서울특별시","성북구","하월곡동","중국집","5"
"20180106","토","여","60대이상","서울특별시","성북구","동선동2가","중국집","18"
"20180106","토","여","60대이상","서울특별시","성북구","동선동3가","중국집","5"
"20180106","토","남","60대이상","서울특별시","성북구","정릉동","중국집","5"
"20180106","토","여","60대이상","서울특별시","성북구","장위동","중국집","5"
"20180106","토","남","10대","서울특별시","성북구","하월곡동","중국집","5"
"20180106","토","여","40대","서울특별시","성북구","동선동2가","중국집","73"
"20180106","토","남","30대","서울특별시","성북구","삼선동5가","중국집","5"
"20180106","토","여","60대이상","서울특별시","성북구","정릉동","중국집","5"
"20180106","토","여","60대이상","서울특별시","성북구","종암동","중국집","5"
"20180106","토","남","50대","서울특별시","성북구","하월곡동","중국집","5"
"20180106","토","남","20대","서울특별시","송파구","가락동","중국집","10"
"20180106","토","남","20대","서울특별시","송파구","방이동","중국집","5"
"20180106","토","남","20대","서울특별시","송파구","송파동","중국집","56"
"20180106","토","남","10대","서울특별시","송파구","가락동","중국집","5"
"20180106","토","남","30대","서울특별시","송파구","가락동","중국집","14"
"20180106","토","남","30대","서울특별시","송파구","방이동","중국집","5"
"20180106","토","남","30대","서울특별시","송파구","풍납동","중국집","5"
"20180106","토","남","40대","서울특별시","송파구","가락동","중국집","14"
"20180106","토","남","40대","서울특별시","송파구","마천동","중국집","5"
"20180106","토","남","40대","서울특별시","송파구","송파동","중국집","108"
"20180106","토","남","40대","서울특별시","송파구","방이동","중국집","5"
"20180106","토","남","50대","서울특별시","송파구","방이동","중국집","5"
"20180106","토","남","50대","서울특별시","송파구","송파동","중국집","52"
"20180106","토","남","50대","서울특별시","송파구","풍납동","중국집","5"
"20180106","토","남","60대이상","서울특별시","송파구","마천동","중국집","5"
"20180106","토","남","60대이상","서울특별시","송파구","방이동","중국집","5"
"20180106","토","남","60대이상","서울특별시","송파구","송파동","중국집","34"
"20180106","토","남","60대이상","서울특별시","송파구","풍납동","중국집","5"
"20180106","토","여","10대","서울특별시","송파구","가락동","중국집","5"
"20180106","토","여","10대","서울특별시","송파구","송파동","중국집","10"
"20180106","토","여","20대","서울특별시","송파구","방이동","중국집","5"
"20180106","토","여","20대","서울특별시","송파구","송파동","중국집","24"
"20180106","토","여","20대","서울특별시","송파구","풍납동","중국집","5"
"20180106","토","남","50대","서울특별시","송파구","가락동","중국집","17"
"20180106","토","남","20대","서울특별시","송파구","풍납동","중국집","5"
"20180106","토","여","30대","서울특별시","송파구","가락동","중국집","10"
"20180106","토","여","30대","서울특별시","송파구","마천동","중국집","5"
"20180106","토","여","30대","서울특별시","송파구","방이동","중국집","5"
"20180106","토","여","30대","서울특별시","송파구","송파동","중국집","82"
"20180106","토","여","40대","서울특별시","송파구","가락동","중국집","15"
"20180106","토","남","60대이상","서울특별시","송파구","가락동","중국집","5"
"20180106","토","여","40대","서울특별시","송파구","송파동","중국집","111"
"20180106","토","여","20대","서울특별시","송파구","가락동","중국집","5"
"20180106","토","여","50대","서울특별시","송파구","가락동","중국집","10"
"20180106","토","남","10대","서울특별시","송파구","송파동","중국집","10"
"20180106","토","여","50대","서울특별시","송파구","마천동","중국집","5"
"20180106","토","여","30대","서울특별시","송파구","풍납동","중국집","5"
"20180106","토","여","50대","서울특별시","송파구","방이동","중국집","5"
"20180106","토","여","50대","서울특별시","송파구","송파동","중국집","58"
"20180106","토","여","60대이상","서울특별시","송파구","가락동","중국집","6"
"20180106","토","여","60대이상","서울특별시","송파구","송파동","중국집","43"
"20180106","토","남","30대","서울특별시","송파구","송파동","중국집","125"
"20180106","토","남","10대","서울특별시","양천구","신정동","중국집","5"
"20180106","토","남","10대","서울특별시","양천구","신월동","중국집","5"
"20180106","토","남","20대","서울특별시","양천구","목동","중국집","5"
"20180106","토","남","20대","서울특별시","양천구","신정동","중국집","14"
"20180106","토","남","30대","서울특별시","양천구","신월동","중국집","9"
"20180106","토","남","30대","서울특별시","양천구","신정동","중국집","14"
"20180106","토","남","40대","서울특별시","양천구","신월동","중국집","5"
"20180106","토","남","40대","서울특별시","양천구","신정동","중국집","15"
"20180106","토","남","50대","서울특별시","양천구","신월동","중국집","5"
"20180106","토","남","50대","서울특별시","양천구","신정동","중국집","15"
"20180106","토","남","60대이상","서울특별시","양천구","신월동","중국집","5"
"20180106","토","여","10대","서울특별시","양천구","신정동","중국집","5"
"20180106","토","여","20대","서울특별시","양천구","목동","중국집","5"
"20180106","토","여","20대","서울특별시","양천구","신월동","중국집","6"
"20180106","토","여","20대","서울특별시","양천구","신정동","중국집","8"
"20180106","토","여","30대","서울특별시","양천구","신월동","중국집","5"
"20180106","토","여","30대","서울특별시","양천구","신정동","중국집","5"
"20180106","토","여","40대","서울특별시","양천구","목동","중국집","5"
"20180106","토","여","40대","서울특별시","양천구","신월동","중국집","5"
"20180106","토","여","40대","서울특별시","양천구","신정동","중국집","22"
"20180106","토","남","20대","서울특별시","양천구","신월동","중국집","5"
"20180106","토","여","50대","서울특별시","양천구","신월동","중국집","5"
"20180106","토","여","50대","서울특별시","양천구","신정동","중국집","6"
"20180106","토","여","60대이상","서울특별시","양천구","신월동","중국집","5"
"20180106","토","여","60대이상","서울특별시","양천구","신정동","중국집","5"
"20180106","토","남","40대","서울특별시","양천구","목동","중국집","5"
"20180106","토","남","60대이상","서울특별시","양천구","신정동","중국집","5"
"20180106","토","남","10대","서울특별시","영등포구","여의도동","중국집","5"
"20180106","토","남","20대","서울특별시","영등포구","문래동2가","중국집","12"
"20180106","토","남","20대","서울특별시","영등포구","문래동3가","중국집","12"
"20180106","토","남","20대","서울특별시","영등포구","영등포동1가","중국집","5"
"20180106","토","남","30대","서울특별시","영등포구","대림동","중국집","5"
"20180106","토","남","30대","서울특별시","영등포구","영등포동8가","중국집","5"
"20180106","토","남","40대","서울특별시","영등포구","문래동2가","중국집","32"
"20180106","토","남","40대","서울특별시","영등포구","문래동3가","중국집","36"
"20180106","토","남","40대","서울특별시","영등포구","영등포동1가","중국집","6"
"20180106","토","남","50대","서울특별시","영등포구","문래동3가","중국집","23"
"20180106","토","남","60대이상","서울특별시","영등포구","당산동6가","중국집","5"
"20180106","토","남","60대이상","서울특별시","영등포구","대림동","중국집","5"
"20180106","토","남","10대","서울특별시","영등포구","문래동2가","중국집","5"
"20180106","토","남","60대이상","서울특별시","영등포구","영등포동1가","중국집","5"
"20180106","토","여","10대","서울특별시","영등포구","문래동2가","중국집","5"
"20180106","토","여","20대","서울특별시","영등포구","대림동","중국집","5"
"20180106","토","여","20대","서울특별시","영등포구","문래동3가","중국집","5"
"20180106","토","남","40대","서울특별시","영등포구","신길동","중국집","5"
"20180106","토","여","20대","서울특별시","영등포구","여의도동","중국집","5"
"20180106","토","남","40대","서울특별시","영등포구","여의도동","중국집","18"
"20180106","토","여","20대","서울특별시","영등포구","영등포동1가","중국집","5"
"20180106","토","여","30대","서울특별시","영등포구","문래동3가","중국집","17"
"20180106","토","남","60대이상","서울특별시","영등포구","신길동","중국집","5"
"20180106","토","여","30대","서울특별시","영등포구","신길동","중국집","5"
"20180106","토","여","30대","서울특별시","영등포구","여의도동","중국집","15"
"20180106","토","여","30대","서울특별시","영등포구","영등포동1가","중국집","5"
"20180106","토","여","40대","서울특별시","영등포구","대림동","중국집","5"
"20180106","토","남","50대","서울특별시","영등포구","신길동","중국집","5"
"20180106","토","남","60대이상","서울특별시","영등포구","문래동2가","중국집","5"
"20180106","토","여","40대","서울특별시","영등포구","문래동2가","중국집","19"
"20180106","토","남","20대","서울특별시","영등포구","대림동","중국집","5"
"20180106","토","여","40대","서울특별시","영등포구","문래동3가","중국집","32"
"20180106","토","남","50대","서울특별시","영등포구","문래동2가","중국집","20"
"20180106","토","남","10대","서울특별시","영등포구","문래동3가","중국집","8"
"20180106","토","남","20대","서울특별시","영등포구","여의도동","중국집","5"
"20180106","토","남","20대","서울특별시","영등포구","신길동","중국집","5"
"20180106","토","여","40대","서울특별시","영등포구","여의도동","중국집","19"
"20180106","토","여","50대","서울특별시","영등포구","대림동","중국집","5"
"20180106","토","여","20대","서울특별시","영등포구","문래동2가","중국집","12"
"20180106","토","남","30대","서울특별시","영등포구","문래동2가","중국집","29"
"20180106","토","여","50대","서울특별시","영등포구","문래동2가","중국집","9"
"20180106","토","남","20대","서울특별시","영등포구","영등포동7가","중국집","5"
"20180106","토","여","50대","서울특별시","영등포구","문래동3가","중국집","14"
"20180106","토","여","50대","서울특별시","영등포구","신길동","중국집","5"
"20180106","토","여","50대","서울특별시","영등포구","여의도동","중국집","6"
"20180106","토","남","50대","서울특별시","영등포구","여의도동","중국집","13"
"20180106","토","여","50대","서울특별시","영등포구","영등포동1가","중국집","5"
"20180106","토","남","30대","서울특별시","영등포구","문래동3가","중국집","32"
"20180106","토","여","30대","서울특별시","영등포구","대림동","중국집","5"
"20180106","토","남","50대","서울특별시","영등포구","대림동","중국집","5"
"20180106","토","남","60대이상","서울특별시","영등포구","여의도동","중국집","13"
"20180106","토","여","50대","서울특별시","영등포구","영등포동7가","중국집","5"
"20180106","토","남","30대","서울특별시","영등포구","신길동","중국집","5"
"20180106","토","남","60대이상","서울특별시","영등포구","문래동3가","중국집","11"
"20180106","토","여","50대","서울특별시","영등포구","영등포동8가","중국집","5"
"20180106","토","여","10대","서울특별시","영등포구","문래동3가","중국집","5"
"20180106","토","여","40대","서울특별시","영등포구","신길동","중국집","5"
"20180106","토","남","40대","서울특별시","영등포구","대림동","중국집","5"
"20180106","토","남","30대","서울특별시","영등포구","여의도동","중국집","12"
"20180106","토","남","30대","서울특별시","영등포구","영등포동1가","중국집","5"
"20180106","토","여","60대이상","서울특별시","영등포구","문래동2가","중국집","8"
"20180106","토","여","10대","서울특별시","영등포구","여의도동","중국집","5"
"20180106","토","여","60대이상","서울특별시","영등포구","문래동3가","중국집","7"
"20180106","토","여","40대","서울특별시","영등포구","영등포동1가","중국집","5"
"20180106","토","여","60대이상","서울특별시","영등포구","여의도동","중국집","6"
"20180106","토","여","60대이상","서울특별시","영등포구","영등포동1가","중국집","5"
"20180106","토","여","30대","서울특별시","영등포구","문래동2가","중국집","8"
"20180106","토","남","50대","서울특별시","영등포구","영등포동1가","중국집","5"
"20180106","토","남","10대","서울특별시","용산구","한강로3가","중국집","5"
"20180106","토","남","20대","서울특별시","용산구","보광동","중국집","5"
"20180106","토","남","20대","서울특별시","용산구","이태원동","중국집","5"
"20180106","토","남","30대","서울특별시","용산구","도원동","중국집","5"
"20180106","토","남","10대","서울특별시","용산구","후암동","중국집","7"
"20180106","토","남","30대","서울특별시","용산구","동자동","중국집","5"
"20180106","토","남","30대","서울특별시","용산구","보광동","중국집","7"
"20180106","토","남","40대","서울특별시","용산구","도원동","중국집","5"
"20180106","토","남","40대","서울특별시","용산구","보광동","중국집","5"
"20180106","토","남","40대","서울특별시","용산구","신계동","중국집","5"
"20180106","토","남","40대","서울특별시","용산구","한강로3가","중국집","44"
"20180106","토","남","40대","서울특별시","용산구","한남동","중국집","5"
"20180106","토","남","30대","서울특별시","용산구","이태원동","중국집","8"
"20180106","토","남","50대","서울특별시","용산구","이촌동","중국집","5"
"20180106","토","남","50대","서울특별시","용산구","한강로3가","중국집","29"
"20180106","토","남","60대이상","서울특별시","용산구","도원동","중국집","5"
"20180106","토","남","60대이상","서울특별시","용산구","동자동","중국집","5"
"20180106","토","남","60대이상","서울특별시","용산구","보광동","중국집","7"
"20180106","토","남","60대이상","서울특별시","용산구","이태원동","중국집","5"
"20180106","토","남","60대이상","서울특별시","용산구","후암동","중국집","18"
"20180106","토","여","10대","서울특별시","용산구","이촌동","중국집","5"
"20180106","토","남","50대","서울특별시","용산구","후암동","중국집","24"
"20180106","토","여","20대","서울특별시","용산구","동자동","중국집","5"
"20180106","토","남","10대","서울특별시","용산구","원효로4가","중국집","5"
"20180106","토","여","10대","서울특별시","용산구","도원동","중국집","5"
"20180106","토","여","20대","서울특별시","용산구","보광동","중국집","5"
"20180106","토","남","50대","서울특별시","용산구","보광동","중국집","5"
"20180106","토","남","40대","서울특별시","용산구","원효로4가","중국집","5"
"20180106","토","남","20대","서울특별시","용산구","한남동","중국집","5"
"20180106","토","여","20대","서울특별시","용산구","이촌동","중국집","5"
"20180106","토","여","20대","서울특별시","용산구","한강로3가","중국집","9"
"20180106","토","남","20대","서울특별시","용산구","동자동","중국집","5"
"20180106","토","여","20대","서울특별시","용산구","후암동","중국집","5"
"20180106","토","여","30대","서울특별시","용산구","도원동","중국집","5"
"20180106","토","남","20대","서울특별시","용산구","후암동","중국집","15"
"20180106","토","여","30대","서울특별시","용산구","동자동","중국집","5"
"20180106","토","여","20대","서울특별시","용산구","이태원동","중국집","5"
"20180106","토","남","40대","서울특별시","용산구","후암동","중국집","45"
"20180106","토","여","30대","서울특별시","용산구","이태원동","중국집","5"
"20180106","토","여","30대","서울특별시","용산구","한강로3가","중국집","21"
"20180106","토","여","30대","서울특별시","용산구","한남동","중국집","5"
"20180106","토","여","30대","서울특별시","용산구","이촌동","중국집","8"
"20180106","토","남","30대","서울특별시","용산구","한남동","중국집","5"
"20180106","토","남","20대","서울특별시","용산구","이촌동","중국집","5"
"20180106","토","여","30대","서울특별시","용산구","후암동","중국집","13"
"20180106","토","여","10대","서울특별시","용산구","한남동","중국집","5"
"20180106","토","남","30대","서울특별시","용산구","후암동","중국집","27"
"20180106","토","여","40대","서울특별시","용산구","보광동","중국집","5"
"20180106","토","여","40대","서울특별시","용산구","신계동","중국집","5"
"20180106","토","여","40대","서울특별시","용산구","원효로4가","중국집","5"
"20180106","토","여","40대","서울특별시","용산구","한강로3가","중국집","47"
"20180106","토","남","20대","서울특별시","용산구","한강로3가","중국집","15"
"20180106","토","남","30대","서울특별시","용산구","효창동","중국집","5"
"20180106","토","여","50대","서울특별시","용산구","도원동","중국집","5"
"20180106","토","여","30대","서울특별시","용산구","신계동","중국집","5"
"20180106","토","남","30대","서울특별시","용산구","이촌동","중국집","5"
"20180106","토","남","60대이상","서울특별시","용산구","한강로3가","중국집","12"
"20180106","토","여","50대","서울특별시","용산구","신계동","중국집","5"
"20180106","토","여","50대","서울특별시","용산구","이촌동","중국집","5"
"20180106","토","여","50대","서울특별시","용산구","후암동","중국집","13"
"20180106","토","남","20대","서울특별시","용산구","신계동","중국집","5"
"20180106","토","여","60대이상","서울특별시","용산구","도원동","중국집","5"
"20180106","토","남","40대","서울특별시","용산구","이촌동","중국집","5"
"20180106","토","여","40대","서울특별시","용산구","동자동","중국집","5"
"20180106","토","여","40대","서울특별시","용산구","후암동","중국집","35"
"20180106","토","남","30대","서울특별시","용산구","한강로3가","중국집","52"
"20180106","토","여","60대이상","서울특별시","용산구","보광동","중국집","5"
"20180106","토","여","40대","서울특별시","용산구","이태원동","중국집","5"
"20180106","토","남","20대","서울특별시","용산구","원효로4가","중국집","5"
"20180106","토","여","40대","서울특별시","용산구","이촌동","중국집","6"
"20180106","토","여","50대","서울특별시","용산구","한강로3가","중국집","36"
"20180106","토","여","60대이상","서울특별시","용산구","신계동","중국집","5"
"20180106","토","여","50대","서울특별시","용산구","이태원동","중국집","5"
"20180106","토","여","60대이상","서울특별시","용산구","이촌동","중국집","5"
"20180106","토","여","60대이상","서울특별시","용산구","한강로3가","중국집","23"
"20180106","토","여","60대이상","서울특별시","용산구","한남동","중국집","5"
"20180106","토","여","60대이상","서울특별시","용산구","후암동","중국집","8"
"20180106","토","여","30대","서울특별시","용산구","원효로4가","중국집","5"
"20180106","토","남","20대","서울특별시","은평구","구산동","중국집","5"
"20180106","토","남","20대","서울특별시","은평구","증산동","중국집","5"
"20180106","토","남","30대","서울특별시","은평구","불광동","중국집","45"
"20180106","토","남","30대","서울특별시","은평구","증산동","중국집","5"
"20180106","토","남","40대","서울특별시","은평구","구산동","중국집","6"
"20180106","토","남","50대","서울특별시","은평구","구산동","중국집","5"
"20180106","토","남","10대","서울특별시","은평구","불광동","중국집","5"
"20180106","토","남","50대","서울특별시","은평구","증산동","중국집","5"
"20180106","토","남","60대이상","서울특별시","은평구","불광동","중국집","35"
"20180106","토","남","60대이상","서울특별시","은평구","증산동","중국집","5"
"20180106","토","남","60대이상","서울특별시","은평구","진관동","중국집","5"
"20180106","토","남","40대","서울특별시","은평구","증산동","중국집","5"
"20180106","토","여","10대","서울특별시","은평구","불광동","중국집","5"
"20180106","토","여","20대","서울특별시","은평구","불광동","중국집","7"
"20180106","토","남","50대","서울특별시","은평구","불광동","중국집","38"
"20180106","토","여","20대","서울특별시","은평구","증산동","중국집","5"
"20180106","토","여","30대","서울특별시","은평구","구산동","중국집","5"
"20180106","토","여","30대","서울특별시","은평구","불광동","중국집","33"
"20180106","토","여","40대","서울특별시","은평구","대조동","중국집","5"
"20180106","토","여","40대","서울특별시","은평구","불광동","중국집","65"
"20180106","토","남","40대","서울특별시","은평구","불광동","중국집","63"
"20180106","토","여","30대","서울특별시","은평구","증산동","중국집","5"
"20180106","토","여","50대","서울특별시","은평구","구산동","중국집","5"
"20180106","토","남","20대","서울특별시","은평구","불광동","중국집","35"
"20180106","토","여","40대","서울특별시","은평구","구산동","중국집","5"
"20180106","토","여","50대","서울특별시","은평구","불광동","중국집","38"
"20180106","토","여","50대","서울특별시","은평구","증산동","중국집","5"
"20180106","토","여","60대이상","서울특별시","은평구","불광동","중국집","26"
"20180106","토","여","60대이상","서울특별시","은평구","증산동","중국집","5"
"20180106","토","남","20대","서울특별시","종로구","경운동","중국집","5"
"20180106","토","남","20대","서울특별시","종로구","관수동","중국집","5"
"20180106","토","남","20대","서울특별시","종로구","낙원동","중국집","5"
"20180106","토","남","20대","서울특별시","종로구","원서동","중국집","5"
"20180106","토","남","20대","서울특별시","종로구","평창동","중국집","5"
"20180106","토","남","30대","서울특별시","종로구","교남동","중국집","5"
"20180106","토","남","30대","서울특별시","종로구","낙원동","중국집","5"
"20180106","토","남","30대","서울특별시","종로구","서린동","중국집","5"
"20180106","토","남","40대","서울특별시","종로구","관수동","중국집","5"
"20180106","토","남","40대","서울특별시","종로구","낙원동","중국집","5"
"20180106","토","남","40대","서울특별시","종로구","동숭동","중국집","5"
"20180106","토","남","40대","서울특별시","종로구","창성동","중국집","5"
"20180106","토","남","40대","서울특별시","종로구","청진동","중국집","5"
"20180106","토","남","50대","서울특별시","종로구","교남동","중국집","5"
"20180106","토","남","20대","서울특별시","종로구","명륜1가","중국집","5"
"20180106","토","남","50대","서울특별시","종로구","낙원동","중국집","6"
"20180106","토","남","20대","서울특별시","종로구","동숭동","중국집","5"
"20180106","토","남","50대","서울특별시","종로구","숭인동","중국집","5"
"20180106","토","남","50대","서울특별시","종로구","신문로2가","중국집","5"
"20180106","토","남","40대","서울특별시","종로구","숭인동","중국집","5"
"20180106","토","남","50대","서울특별시","종로구","창성동","중국집","5"
"20180106","토","남","60대이상","서울특별시","종로구","동숭동","중국집","5"
"20180106","토","남","60대이상","서울특별시","종로구","원서동","중국집","5"
"20180106","토","남","60대이상","서울특별시","종로구","평창동","중국집","5"
"20180106","토","여","10대","서울특별시","종로구","교남동","중국집","5"
"20180106","토","여","20대","서울특별시","종로구","서린동","중국집","5"
"20180106","토","여","20대","서울특별시","종로구","숭인동","중국집","5"
"20180106","토","여","20대","서울특별시","종로구","동숭동","중국집","5"
"20180106","토","남","50대","서울특별시","종로구","동숭동","중국집","5"
"20180106","토","여","20대","서울특별시","종로구","원서동","중국집","5"
"20180106","토","남","60대이상","서울특별시","종로구","종로6가","중국집","5"
"20180106","토","여","20대","서울특별시","종로구","창성동","중국집","5"
"20180106","토","여","30대","서울특별시","종로구","교남동","중국집","5"
"20180106","토","여","30대","서울특별시","종로구","숭인동","중국집","5"
"20180106","토","남","20대","서울특별시","종로구","교남동","중국집","5"
"20180106","토","남","50대","서울특별시","종로구","관수동","중국집","5"
"20180106","토","남","20대","서울특별시","종로구","창성동","중국집","5"
"20180106","토","여","30대","서울특별시","종로구","창성동","중국집","6"
"20180106","토","여","40대","서울특별시","종로구","관수동","중국집","5"
"20180106","토","남","40대","서울특별시","종로구","평창동","중국집","5"
"20180106","토","여","40대","서울특별시","종로구","교남동","중국집","5"
"20180106","토","여","20대","서울특별시","종로구","평창동","중국집","5"
"20180106","토","여","40대","서울특별시","종로구","낙원동","중국집","5"
"20180106","토","여","40대","서울특별시","종로구","동숭동","중국집","5"
"20180106","토","남","20대","서울특별시","종로구","종로3가","중국집","5"
"20180106","토","여","40대","서울특별시","종로구","원서동","중국집","5"
"20180106","토","남","30대","서울특별시","종로구","종로6가","중국집","5"
"20180106","토","여","40대","서울특별시","종로구","창성동","중국집","5"
"20180106","토","남","30대","서울특별시","종로구","명륜1가","중국집","5"
"20180106","토","여","40대","서울특별시","종로구","신문로2가","중국집","5"
"20180106","토","여","40대","서울특별시","종로구","청진동","중국집","5"
"20180106","토","여","40대","서울특별시","종로구","평창동","중국집","5"
"20180106","토","여","50대","서울특별시","종로구","교남동","중국집","5"
"20180106","토","여","50대","서울특별시","종로구","동숭동","중국집","5"
"20180106","토","남","30대","서울특별시","종로구","종로3가","중국집","5"
"20180106","토","여","50대","서울특별시","종로구","명륜1가","중국집","5"
"20180106","토","남","30대","서울특별시","종로구","경운동","중국집","5"
"20180106","토","여","50대","서울특별시","종로구","신문로2가","중국집","5"
"20180106","토","여","50대","서울특별시","종로구","종로3가","중국집","5"
"20180106","토","여","50대","서울특별시","종로구","평창동","중국집","5"
"20180106","토","여","20대","서울특별시","종로구","교남동","중국집","5"
"20180106","토","여","60대이상","서울특별시","종로구","관수동","중국집","5"
"20180106","토","남","10대","서울특별시","종로구","숭인동","중국집","5"
"20180106","토","여","60대이상","서울특별시","종로구","낙원동","중국집","5"
"20180106","토","여","60대이상","서울특별시","종로구","숭인동","중국집","5"
"20180106","토","여","50대","서울특별시","종로구","종로6가","중국집","5"
"20180106","토","남","30대","서울특별시","종로구","종로5가","중국집","5"
"20180106","토","여","30대","서울특별시","종로구","평창동","중국집","5"
"20180106","토","여","20대","서울특별시","종로구","낙원동","중국집","5"
"20180106","토","여","60대이상","서울특별시","종로구","안국동","중국집","5"
"20180106","토","남","30대","서울특별시","종로구","동숭동","중국집","5"
"20180106","토","남","30대","서울특별시","종로구","원서동","중국집","5"
"20180106","토","남","20대","서울특별시","종로구","종로6가","중국집","5"
"20180106","토","여","60대이상","서울특별시","종로구","원서동","중국집","5"
"20180106","토","여","40대","서울특별시","종로구","숭인동","중국집","5"
"20180106","토","남","60대이상","서울특별시","종로구","숭인동","중국집","5"
"20180106","토","여","60대이상","서울특별시","종로구","평창동","중국집","5"
"20180106","토","남","20대","서울특별시","종로구","숭인동","중국집","5"
"20180106","토","남","10대","서울특별시","중구","수하동","중국집","7"
"20180106","토","남","20대","서울특별시","중구","수표동","중국집","5"
"20180106","토","남","10대","서울특별시","중구","신당동","중국집","10"
"20180106","토","남","20대","서울특별시","중구","을지로6가","중국집","5"
"20180106","토","남","20대","서울특별시","중구","필동2가","중국집","5"
"20180106","토","남","30대","서울특별시","중구","명동1가","중국집","5"
"20180106","토","남","20대","서울특별시","중구","수하동","중국집","27"
"20180106","토","남","30대","서울특별시","중구","을지로3가","중국집","5"
"20180106","토","남","30대","서울특별시","중구","을지로6가","중국집","5"
"20180106","토","남","30대","서울특별시","중구","충무로1가","중국집","5"
"20180106","토","남","40대","서울특별시","중구","신당동","중국집","102"
"20180106","토","남","30대","서울특별시","중구","필동2가","중국집","5"
"20180106","토","남","30대","서울특별시","중구","서소문동","중국집","5"
"20180106","토","남","40대","서울특별시","중구","을지로3가","중국집","5"
"20180106","토","남","40대","서울특별시","중구","주교동","중국집","5"
"20180106","토","남","40대","서울특별시","중구","충무로1가","중국집","5"
"20180106","토","남","50대","서울특별시","중구","수하동","중국집","48"
"20180106","토","남","50대","서울특별시","중구","을지로6가","중국집","5"
"20180106","토","남","50대","서울특별시","중구","정동","중국집","5"
"20180106","토","남","50대","서울특별시","중구","신당동","중국집","57"
"20180106","토","남","60대이상","서울특별시","중구","수하동","중국집","23"
"20180106","토","남","60대이상","서울특별시","중구","신당동","중국집","36"
"20180106","토","남","60대이상","서울특별시","중구","을지로3가","중국집","5"
"20180106","토","여","10대","서울특별시","중구","수하동","중국집","5"
"20180106","토","여","10대","서울특별시","중구","신당동","중국집","5"
"20180106","토","여","20대","서울특별시","중구","신당동","중국집","23"
"20180106","토","남","40대","서울특별시","중구","수하동","중국집","45"
"20180106","토","남","10대","서울특별시","중구","필동2가","중국집","5"
"20180106","토","여","20대","서울특별시","중구","흥인동","중국집","5"
"20180106","토","여","30대","서울특별시","중구","수하동","중국집","17"
"20180106","토","여","30대","서울특별시","중구","신당동","중국집","59"
"20180106","토","남","30대","서울특별시","중구","무교동","중국집","5"
"20180106","토","여","30대","서울특별시","중구","을지로6가","중국집","5"
"20180106","토","여","40대","서울특별시","중구","신당동","중국집","94"
"20180106","토","여","40대","서울특별시","중구","수하동","중국집","27"
"20180106","토","여","40대","서울특별시","중구","을지로6가","중국집","5"
"20180106","토","여","40대","서울특별시","중구","정동","중국집","5"
"20180106","토","여","40대","서울특별시","중구","충무로1가","중국집","5"
"20180106","토","남","20대","서울특별시","중구","신당동","중국집","38"
"20180106","토","여","20대","서울특별시","중구","수하동","중국집","11"
"20180106","토","여","50대","서울특별시","중구","수하동","중국집","13"
"20180106","토","여","50대","서울특별시","중구","신당동","중국집","62"
"20180106","토","남","40대","서울특별시","중구","정동","중국집","5"
"20180106","토","여","50대","서울특별시","중구","을지로3가","중국집","5"
"20180106","토","여","50대","서울특별시","중구","을지로6가","중국집","5"
"20180106","토","남","30대","서울특별시","중구","신당동","중국집","85"
"20180106","토","여","50대","서울특별시","중구","장충동2가","중국집","5"
"20180106","토","여","40대","서울특별시","중구","을지로1가","중국집","5"
"20180106","토","여","60대이상","서울특별시","중구","수하동","중국집","11"
"20180106","토","남","30대","서울특별시","중구","수하동","중국집","58"
"20180106","토","여","60대이상","서울특별시","중구","신당동","중국집","38"
"20180106","토","남","10대","서울특별시","중랑구","묵동","중국집","5"
"20180106","토","남","20대","서울특별시","중랑구","망우동","중국집","5"
"20180106","토","남","20대","서울특별시","중랑구","면목동","중국집","40"
"20180106","토","남","20대","서울특별시","중랑구","신내동","중국집","5"
"20180106","토","남","20대","서울특별시","중랑구","묵동","중국집","5"
"20180106","토","남","20대","서울특별시","중랑구","상봉동","중국집","5"
"20180106","토","남","30대","서울특별시","중랑구","묵동","중국집","5"
"20180106","토","남","30대","서울특별시","중랑구","신내동","중국집","5"
"20180106","토","남","40대","서울특별시","중랑구","면목동","중국집","58"
"20180106","토","남","40대","서울특별시","중랑구","상봉동","중국집","5"
"20180106","토","남","40대","서울특별시","중랑구","신내동","중국집","5"
"20180106","토","남","50대","서울특별시","중랑구","신내동","중국집","5"
"20180106","토","남","60대이상","서울특별시","중랑구","망우동","중국집","5"
"20180106","토","남","60대이상","서울특별시","중랑구","면목동","중국집","19"
"20180106","토","남","60대이상","서울특별시","중랑구","묵동","중국집","5"
"20180106","토","여","20대","서울특별시","중랑구","망우동","중국집","5"
"20180106","토","여","20대","서울특별시","중랑구","묵동","중국집","5"
"20180106","토","여","20대","서울특별시","중랑구","상봉동","중국집","5"
"20180106","토","여","30대","서울특별시","중랑구","면목동","중국집","52"
"20180106","토","여","30대","서울특별시","중랑구","묵동","중국집","5"
"20180106","토","남","40대","서울특별시","중랑구","망우동","중국집","5"
"20180106","토","여","40대","서울특별시","중랑구","망우동","중국집","5"
"20180106","토","여","40대","서울특별시","중랑구","면목동","중국집","51"
"20180106","토","여","40대","서울특별시","중랑구","묵동","중국집","5"
"20180106","토","남","10대","서울특별시","중랑구","면목동","중국집","8"
"20180106","토","여","30대","서울특별시","중랑구","망우동","중국집","5"
"20180106","토","남","40대","서울특별시","중랑구","묵동","중국집","6"
"20180106","토","여","50대","서울특별시","중랑구","망우동","중국집","5"
"20180106","토","여","20대","서울특별시","중랑구","면목동","중국집","24"
"20180106","토","여","50대","서울특별시","중랑구","면목동","중국집","36"
"20180106","토","여","50대","서울특별시","중랑구","묵동","중국집","5"
"20180106","토","여","50대","서울특별시","중랑구","상봉동","중국집","5"
"20180106","토","여","10대","서울특별시","중랑구","면목동","중국집","5"
"20180106","토","남","30대","서울특별시","중랑구","면목동","중국집","53"
"20180106","토","여","50대","서울특별시","중랑구","신내동","중국집","5"
"20180106","토","여","60대이상","서울특별시","중랑구","망우동","중국집","5"
"20180106","토","여","20대","서울특별시","중랑구","신내동","중국집","5"
"20180106","토","남","50대","서울특별시","중랑구","망우동","중국집","5"
"20180106","토","남","50대","서울특별시","중랑구","면목동","중국집","53"
"20180106","토","여","60대이상","서울특별시","중랑구","면목동","중국집","14"
"20180106","토","남","10대","서울특별시","중랑구","신내동","중국집","5"
"20180106","토","여","40대","서울특별시","중랑구","신내동","중국집","5"
"20180106","토","여","60대이상","서울특별시","중랑구","묵동","중국집","5"
"20180107","일","남","10대","서울특별시","강남구","역삼동","중국집","5"
"20180107","일","남","20대","서울특별시","강남구","도곡동","중국집","5"
"20180107","일","남","20대","서울특별시","강남구","수서동","중국집","5"
"20180107","일","남","20대","서울특별시","강남구","압구정동","중국집","5"
"20180107","일","남","30대","서울특별시","강남구","도곡동","중국집","5"
"20180107","일","남","30대","서울특별시","강남구","삼성동","중국집","69"
"20180107","일","남","30대","서울특별시","강남구","세곡동","중국집","9"
"20180107","일","남","30대","서울특별시","강남구","수서동","중국집","5"
"20180107","일","남","30대","서울특별시","강남구","압구정동","중국집","5"
"20180107","일","남","30대","서울특별시","강남구","역삼동","중국집","52"
"20180107","일","남","40대","서울특별시","강남구","논현동","중국집","33"
"20180107","일","남","30대","서울특별시","강남구","대치동","중국집","5"
"20180107","일","남","40대","서울특별시","강남구","대치동","중국집","5"
"20180107","일","남","40대","서울특별시","강남구","도곡동","중국집","8"
"20180107","일","남","40대","서울특별시","강남구","삼성동","중국집","72"
"20180107","일","남","40대","서울특별시","강남구","압구정동","중국집","5"
"20180107","일","남","40대","서울특별시","강남구","역삼동","중국집","60"
"20180107","일","남","40대","서울특별시","강남구","일원동","중국집","5"
"20180107","일","남","50대","서울특별시","강남구","대치동","중국집","5"
"20180107","일","남","50대","서울특별시","강남구","도곡동","중국집","6"
"20180107","일","남","50대","서울특별시","강남구","삼성동","중국집","37"
"20180107","일","남","50대","서울특별시","강남구","세곡동","중국집","9"
"20180107","일","남","20대","서울특별시","강남구","논현동","중국집","21"
"20180107","일","남","50대","서울특별시","강남구","수서동","중국집","5"
"20180107","일","남","30대","서울특별시","강남구","논현동","중국집","37"
"20180107","일","남","50대","서울특별시","강남구","역삼동","중국집","19"
"20180107","일","남","20대","서울특별시","강남구","대치동","중국집","5"
"20180107","일","남","60대이상","서울특별시","강남구","논현동","중국집","15"
"20180107","일","남","60대이상","서울특별시","강남구","대치동","중국집","5"
"20180107","일","남","60대이상","서울특별시","강남구","도곡동","중국집","5"
"20180107","일","남","30대","서울특별시","강남구","개포동","중국집","5"
"20180107","일","남","60대이상","서울특별시","강남구","삼성동","중국집","20"
"20180107","일","남","60대이상","서울특별시","강남구","세곡동","중국집","5"
"20180107","일","남","60대이상","서울특별시","강남구","수서동","중국집","5"
"20180107","일","남","10대","서울특별시","강남구","삼성동","중국집","5"
"20180107","일","여","10대","서울특별시","강남구","삼성동","중국집","5"
"20180107","일","여","20대","서울특별시","강남구","세곡동","중국집","5"
"20180107","일","여","20대","서울특별시","강남구","수서동","중국집","5"
"20180107","일","여","20대","서울특별시","강남구","역삼동","중국집","16"
"20180107","일","여","20대","서울특별시","강남구","일원동","중국집","5"
"20180107","일","여","30대","서울특별시","강남구","개포동","중국집","5"
"20180107","일","여","30대","서울특별시","강남구","논현동","중국집","31"
"20180107","일","여","30대","서울특별시","강남구","삼성동","중국집","49"
"20180107","일","여","30대","서울특별시","강남구","수서동","중국집","5"
"20180107","일","여","20대","서울특별시","강남구","논현동","중국집","21"
"20180107","일","남","60대이상","서울특별시","강남구","역삼동","중국집","11"
"20180107","일","남","10대","서울특별시","강남구","수서동","중국집","5"
"20180107","일","여","30대","서울특별시","강남구","압구정동","중국집","5"
"20180107","일","여","10대","서울특별시","강남구","도곡동","중국집","5"
"20180107","일","남","10대","서울특별시","강남구","논현동","중국집","5"
"20180107","일","여","30대","서울특별시","강남구","역삼동","중국집","33"
"20180107","일","여","10대","서울특별시","강남구","역삼동","중국집","5"
"20180107","일","여","40대","서울특별시","강남구","개포동","중국집","5"
"20180107","일","여","40대","서울특별시","강남구","대치동","중국집","5"
"20180107","일","남","20대","서울특별시","강남구","역삼동","중국집","22"
"20180107","일","여","40대","서울특별시","강남구","논현동","중국집","41"
"20180107","일","여","40대","서울특별시","강남구","도곡동","중국집","13"
"20180107","일","여","40대","서울특별시","강남구","삼성동","중국집","82"
"20180107","일","여","40대","서울특별시","강남구","세곡동","중국집","11"
"20180107","일","남","20대","서울특별시","강남구","삼성동","중국집","41"
"20180107","일","여","40대","서울특별시","강남구","수서동","중국집","5"
"20180107","일","여","20대","서울특별시","강남구","압구정동","중국집","5"
"20180107","일","여","40대","서울특별시","강남구","압구정동","중국집","5"
"20180107","일","여","40대","서울특별시","강남구","역삼동","중국집","56"
"20180107","일","남","40대","서울특별시","강남구","세곡동","중국집","9"
"20180107","일","여","50대","서울특별시","강남구","논현동","중국집","21"
"20180107","일","여","50대","서울특별시","강남구","도곡동","중국집","9"
"20180107","일","여","20대","서울특별시","강남구","삼성동","중국집","20"
"20180107","일","남","50대","서울특별시","강남구","논현동","중국집","22"
"20180107","일","여","50대","서울특별시","강남구","삼성동","중국집","52"
"20180107","일","여","30대","서울특별시","강남구","대치동","중국집","5"
"20180107","일","여","50대","서울특별시","강남구","세곡동","중국집","5"
"20180107","일","여","50대","서울특별시","강남구","수서동","중국집","5"
"20180107","일","남","50대","서울특별시","강남구","압구정동","중국집","5"
"20180107","일","남","40대","서울특별시","강남구","수서동","중국집","5"
"20180107","일","여","50대","서울특별시","강남구","일원동","중국집","5"
"20180107","일","남","20대","서울특별시","강남구","세곡동","중국집","7"
"20180107","일","남","30대","서울특별시","강남구","신사동","중국집","5"
"20180107","일","여","60대이상","서울특별시","강남구","논현동","중국집","15"
"20180107","일","여","40대","서울특별시","강남구","일원동","중국집","5"
"20180107","일","여","50대","서울특별시","강남구","역삼동","중국집","37"
"20180107","일","여","30대","서울특별시","강남구","도곡동","중국집","5"
"20180107","일","여","20대","서울특별시","강남구","도곡동","중국집","5"
"20180107","일","남","40대","서울특별시","강남구","개포동","중국집","5"
"20180107","일","여","20대","서울특별시","강남구","개포동","중국집","5"
"20180107","일","여","60대이상","서울특별시","강남구","도곡동","중국집","5"
"20180107","일","여","60대이상","서울특별시","강남구","삼성동","중국집","22"
"20180107","일","여","60대이상","서울특별시","강남구","세곡동","중국집","5"
"20180107","일","여","60대이상","서울특별시","강남구","수서동","중국집","5"
"20180107","일","남","10대","서울특별시","강남구","세곡동","중국집","5"
"20180107","일","여","60대이상","서울특별시","강남구","역삼동","중국집","15"
"20180107","일","여","30대","서울특별시","강남구","세곡동","중국집","14"
"20180107","일","남","10대","서울특별시","강동구","길동","중국집","13"
"20180107","일","남","20대","서울특별시","강동구","상일동","중국집","5"
"20180107","일","남","20대","서울특별시","강동구","명일동","중국집","5"
"20180107","일","남","30대","서울특별시","강동구","길동","중국집","75"
"20180107","일","남","30대","서울특별시","강동구","상일동","중국집","5"
"20180107","일","남","20대","서울특별시","강동구","길동","중국집","38"
"20180107","일","남","30대","서울특별시","강동구","암사동","중국집","5"
"20180107","일","남","40대","서울특별시","강동구","길동","중국집","107"
"20180107","일","남","40대","서울특별시","강동구","천호동","중국집","5"
"20180107","일","남","50대","서울특별시","강동구","암사동","중국집","5"
"20180107","일","남","50대","서울특별시","강동구","천호동","중국집","5"
"20180107","일","남","60대이상","서울특별시","강동구","길동","중국집","37"
"20180107","일","남","30대","서울특별시","강동구","명일동","중국집","5"
"20180107","일","남","60대이상","서울특별시","강동구","상일동","중국집","5"
"20180107","일","남","60대이상","서울특별시","강동구","성내동","중국집","5"
"20180107","일","남","60대이상","서울특별시","강동구","암사동","중국집","5"
"20180107","일","남","60대이상","서울특별시","강동구","천호동","중국집","5"
"20180107","일","여","10대","서울특별시","강동구","성내동","중국집","5"
"20180107","일","여","10대","서울특별시","강동구","천호동","중국집","5"
"20180107","일","여","20대","서울특별시","강동구","성내동","중국집","5"
"20180107","일","남","50대","서울특별시","강동구","성내동","중국집","5"
"20180107","일","남","60대이상","서울특별시","강동구","명일동","중국집","5"
"20180107","일","여","30대","서울특별시","강동구","길동","중국집","60"
"20180107","일","여","30대","서울특별시","강동구","명일동","중국집","5"
"20180107","일","여","30대","서울특별시","강동구","상일동","중국집","5"
"20180107","일","여","30대","서울특별시","강동구","성내동","중국집","14"
"20180107","일","여","30대","서울특별시","강동구","암사동","중국집","5"
"20180107","일","여","20대","서울특별시","강동구","명일동","중국집","5"
"20180107","일","여","20대","서울특별시","강동구","상일동","중국집","5"
"20180107","일","여","30대","서울특별시","강동구","천호동","중국집","5"
"20180107","일","남","40대","서울특별시","강동구","명일동","중국집","5"
"20180107","일","여","40대","서울특별시","강동구","길동","중국집","106"
"20180107","일","남","50대","서울특별시","강동구","길동","중국집","58"
"20180107","일","남","40대","서울특별시","강동구","성내동","중국집","6"
"20180107","일","여","40대","서울특별시","강동구","둔촌동","중국집","5"
"20180107","일","여","40대","서울특별시","강동구","성내동","중국집","6"
"20180107","일","여","20대","서울특별시","강동구","천호동","중국집","5"
"20180107","일","여","40대","서울특별시","강동구","암사동","중국집","5"
"20180107","일","여","40대","서울특별시","강동구","천호동","중국집","5"
"20180107","일","여","50대","서울특별시","강동구","길동","중국집","60"
"20180107","일","여","10대","서울특별시","강동구","명일동","중국집","5"
"20180107","일","남","20대","서울특별시","강동구","성내동","중국집","10"
"20180107","일","여","50대","서울특별시","강동구","성내동","중국집","5"
"20180107","일","남","30대","서울특별시","강동구","성내동","중국집","10"
"20180107","일","여","10대","서울특별시","강동구","길동","중국집","10"
"20180107","일","여","50대","서울특별시","강동구","천호동","중국집","5"
"20180107","일","여","60대이상","서울특별시","강동구","길동","중국집","23"
"20180107","일","남","40대","서울특별시","강동구","둔촌동","중국집","5"
"20180107","일","남","30대","서울특별시","강동구","천호동","중국집","5"
"20180107","일","여","60대이상","서울특별시","강동구","명일동","중국집","5"
"20180107","일","여","60대이상","서울특별시","강동구","성내동","중국집","7"
"20180107","일","여","40대","서울특별시","강동구","명일동","중국집","5"
"20180107","일","여","20대","서울특별시","강동구","길동","중국집","6"
"20180107","일","남","10대","서울특별시","강북구","미아동","중국집","6"
"20180107","일","남","10대","서울특별시","강북구","번동","중국집","5"
"20180107","일","남","30대","서울특별시","강북구","번동","중국집","28"
"20180107","일","남","30대","서울특별시","강북구","우이동","중국집","5"
"20180107","일","남","40대","서울특별시","강북구","번동","중국집","19"
"20180107","일","남","20대","서울특별시","강북구","우이동","중국집","5"
"20180107","일","남","50대","서울특별시","강북구","미아동","중국집","64"
"20180107","일","남","50대","서울특별시","강북구","번동","중국집","16"
"20180107","일","남","60대이상","서울특별시","강북구","미아동","중국집","39"
"20180107","일","남","20대","서울특별시","강북구","미아동","중국집","36"
"20180107","일","남","60대이상","서울특별시","강북구","번동","중국집","6"
"20180107","일","남","60대이상","서울특별시","강북구","우이동","중국집","5"
"20180107","일","남","20대","서울특별시","강북구","번동","중국집","6"
"20180107","일","여","10대","서울특별시","강북구","미아동","중국집","5"
"20180107","일","여","10대","서울특별시","강북구","우이동","중국집","5"
"20180107","일","남","40대","서울특별시","강북구","미아동","중국집","112"
"20180107","일","여","20대","서울특별시","강북구","미아동","중국집","31"
"20180107","일","남","30대","서울특별시","강북구","미아동","중국집","101"
"20180107","일","여","20대","서울특별시","강북구","번동","중국집","7"
"20180107","일","여","20대","서울특별시","강북구","우이동","중국집","5"
"20180107","일","여","30대","서울특별시","강북구","수유동","중국집","5"
"20180107","일","여","30대","서울특별시","강북구","우이동","중국집","5"
"20180107","일","여","40대","서울특별시","강북구","미아동","중국집","91"
"20180107","일","여","40대","서울특별시","강북구","번동","중국집","30"
"20180107","일","여","40대","서울특별시","강북구","우이동","중국집","5"
"20180107","일","여","30대","서울특별시","강북구","번동","중국집","18"
"20180107","일","남","40대","서울특별시","강북구","우이동","중국집","5"
"20180107","일","남","50대","서울특별시","강북구","수유동","중국집","5"
"20180107","일","여","50대","서울특별시","강북구","미아동","중국집","43"
"20180107","일","여","50대","서울특별시","강북구","번동","중국집","11"
"20180107","일","여","30대","서울특별시","강북구","미아동","중국집","77"
"20180107","일","여","50대","서울특별시","강북구","우이동","중국집","5"
"20180107","일","여","60대이상","서울특별시","강북구","미아동","중국집","31"
"20180107","일","여","60대이상","서울특별시","강북구","번동","중국집","13"
"20180107","일","여","60대이상","서울특별시","강북구","우이동","중국집","5"
"20180107","일","남","10대","서울특별시","강서구","가양동","중국집","5"
"20180107","일","남","20대","서울특별시","강서구","내발산동","중국집","34"
"20180107","일","남","20대","서울특별시","강서구","방화동","중국집","5"
"20180107","일","남","20대","서울특별시","강서구","화곡동","중국집","39"
"20180107","일","남","30대","서울특별시","강서구","내발산동","중국집","74"
"20180107","일","남","20대","서울특별시","강서구","가양동","중국집","16"
"20180107","일","남","30대","서울특별시","강서구","마곡동","중국집","5"
"20180107","일","남","30대","서울특별시","강서구","외발산동","중국집","5"
"20180107","일","남","30대","서울특별시","강서구","화곡동","중국집","73"
"20180107","일","남","40대","서울특별시","강서구","가양동","중국집","46"
"20180107","일","남","40대","서울특별시","강서구","마곡동","중국집","5"
"20180107","일","남","50대","서울특별시","강서구","가양동","중국집","30"
"20180107","일","남","50대","서울특별시","강서구","내발산동","중국집","29"
"20180107","일","남","10대","서울특별시","강서구","마곡동","중국집","5"
"20180107","일","남","50대","서울특별시","강서구","등촌동","중국집","22"
"20180107","일","남","50대","서울특별시","강서구","외발산동","중국집","5"
"20180107","일","남","50대","서울특별시","강서구","화곡동","중국집","43"
"20180107","일","남","60대이상","서울특별시","강서구","등촌동","중국집","16"
"20180107","일","남","60대이상","서울특별시","강서구","방화동","중국집","5"
"20180107","일","남","10대","서울특별시","강서구","내발산동","중국집","5"
"20180107","일","남","60대이상","서울특별시","강서구","외발산동","중국집","5"
"20180107","일","여","10대","서울특별시","강서구","내발산동","중국집","5"
"20180107","일","여","10대","서울특별시","강서구","화곡동","중국집","6"
"20180107","일","남","30대","서울특별시","강서구","가양동","중국집","32"
"20180107","일","여","20대","서울특별시","강서구","등촌동","중국집","13"
"20180107","일","여","20대","서울특별시","강서구","가양동","중국집","11"
"20180107","일","남","20대","서울특별시","강서구","외발산동","중국집","5"
"20180107","일","여","20대","서울특별시","강서구","마곡동","중국집","5"
"20180107","일","남","40대","서울특별시","강서구","화곡동","중국집","64"
"20180107","일","여","20대","서울특별시","강서구","화곡동","중국집","13"
"20180107","일","여","30대","서울특별시","강서구","가양동","중국집","21"
"20180107","일","여","10대","서울특별시","강서구","가양동","중국집","5"
"20180107","일","여","30대","서울특별시","강서구","내발산동","중국집","46"
"20180107","일","여","30대","서울특별시","강서구","등촌동","중국집","28"
"20180107","일","여","30대","서울특별시","강서구","마곡동","중국집","5"
"20180107","일","여","30대","서울특별시","강서구","방화동","중국집","6"
"20180107","일","남","40대","서울특별시","강서구","내발산동","중국집","69"
"20180107","일","여","30대","서울특별시","강서구","외발산동","중국집","5"
"20180107","일","여","30대","서울특별시","강서구","화곡동","중국집","43"
"20180107","일","여","40대","서울특별시","강서구","내발산동","중국집","77"
"20180107","일","남","60대이상","서울특별시","강서구","가양동","중국집","18"
"20180107","일","여","40대","서울특별시","강서구","등촌동","중국집","52"
"20180107","일","여","40대","서울특별시","강서구","마곡동","중국집","5"
"20180107","일","남","60대이상","서울특별시","강서구","화곡동","중국집","37"
"20180107","일","남","40대","서울특별시","강서구","등촌동","중국집","29"
"20180107","일","남","10대","서울특별시","강서구","등촌동","중국집","5"
"20180107","일","여","40대","서울특별시","강서구","방화동","중국집","5"
"20180107","일","남","10대","서울특별시","강서구","화곡동","중국집","12"
"20180107","일","여","20대","서울특별시","강서구","방화동","중국집","5"
"20180107","일","여","50대","서울특별시","강서구","가양동","중국집","12"
"20180107","일","여","50대","서울특별시","강서구","내발산동","중국집","33"
"20180107","일","여","50대","서울특별시","강서구","외발산동","중국집","5"
"20180107","일","여","40대","서울특별시","강서구","화곡동","중국집","90"
"20180107","일","여","50대","서울특별시","강서구","화곡동","중국집","34"
"20180107","일","여","60대이상","서울특별시","강서구","가양동","중국집","10"
"20180107","일","여","60대이상","서울특별시","강서구","내발산동","중국집","17"
"20180107","일","여","50대","서울특별시","강서구","등촌동","중국집","17"
"20180107","일","남","30대","서울특별시","강서구","등촌동","중국집","28"
"20180107","일","여","60대이상","서울특별시","강서구","등촌동","중국집","5"
"20180107","일","남","50대","서울특별시","강서구","방화동","중국집","5"
"20180107","일","여","20대","서울특별시","강서구","내발산동","중국집","18"
"20180107","일","남","30대","서울특별시","강서구","방화동","중국집","5"
"20180107","일","여","60대이상","서울특별시","강서구","마곡동","중국집","5"
"20180107","일","여","60대이상","서울특별시","강서구","방화동","중국집","5"
"20180107","일","여","10대","서울특별시","강서구","등촌동","중국집","5"
"20180107","일","남","20대","서울특별시","강서구","등촌동","중국집","19"
"20180107","일","여","60대이상","서울특별시","강서구","화곡동","중국집","19"
"20180107","일","여","50대","서울특별시","강서구","방화동","중국집","5"
"20180107","일","남","60대이상","서울특별시","강서구","내발산동","중국집","27"
"20180107","일","여","40대","서울특별시","강서구","가양동","중국집","30"
"20180107","일","남","10대","서울특별시","관악구","신림동","중국집","5"
"20180107","일","남","20대","서울특별시","관악구","봉천동","중국집","5"
"20180107","일","남","20대","서울특별시","관악구","신림동","중국집","14"
"20180107","일","남","30대","서울특별시","관악구","신림동","중국집","26"
"20180107","일","남","40대","서울특별시","관악구","봉천동","중국집","10"
"20180107","일","남","50대","서울특별시","관악구","신림동","중국집","5"
"20180107","일","남","60대이상","서울특별시","관악구","봉천동","중국집","5"
"20180107","일","남","60대이상","서울특별시","관악구","신림동","중국집","5"
"20180107","일","여","10대","서울특별시","관악구","봉천동","중국집","5"
"20180107","일","여","10대","서울특별시","관악구","신림동","중국집","5"
"20180107","일","여","30대","서울특별시","관악구","봉천동","중국집","9"
"20180107","일","여","30대","서울특별시","관악구","신림동","중국집","11"
"20180107","일","여","40대","서울특별시","관악구","봉천동","중국집","12"
"20180107","일","남","40대","서울특별시","관악구","신림동","중국집","16"
"20180107","일","여","40대","서울특별시","관악구","신림동","중국집","6"
"20180107","일","남","30대","서울특별시","관악구","봉천동","중국집","5"
"20180107","일","남","50대","서울특별시","관악구","봉천동","중국집","5"
"20180107","일","남","10대","서울특별시","관악구","봉천동","중국집","5"
"20180107","일","여","50대","서울특별시","관악구","봉천동","중국집","12"
"20180107","일","여","50대","서울특별시","관악구","신림동","중국집","5"
"20180107","일","여","60대이상","서울특별시","관악구","봉천동","중국집","6"
"20180107","일","여","20대","서울특별시","관악구","신림동","중국집","7"
"20180107","일","여","20대","서울특별시","관악구","봉천동","중국집","5"
"20180107","일","여","60대이상","서울특별시","관악구","신림동","중국집","5"
"20180107","일","남","10대","서울특별시","광진구","자양동","중국집","5"
"20180107","일","남","20대","서울특별시","광진구","능동","중국집","5"
"20180107","일","남","30대","서울특별시","광진구","광장동","중국집","5"
"20180107","일","남","40대","서울특별시","광진구","구의동","중국집","5"
"20180107","일","남","40대","서울특별시","광진구","능동","중국집","7"
"20180107","일","남","40대","서울특별시","광진구","자양동","중국집","16"
"20180107","일","남","50대","서울특별시","광진구","화양동","중국집","5"
"20180107","일","남","60대이상","서울특별시","광진구","자양동","중국집","5"
"20180107","일","남","60대이상","서울특별시","광진구","중곡동","중국집","5"
"20180107","일","남","30대","서울특별시","광진구","능동","중국집","5"
"20180107","일","여","10대","서울특별시","광진구","자양동","중국집","5"
"20180107","일","남","50대","서울특별시","광진구","자양동","중국집","5"
"20180107","일","여","20대","서울특별시","광진구","광장동","중국집","5"
"20180107","일","여","20대","서울특별시","광진구","자양동","중국집","9"
"20180107","일","여","30대","서울특별시","광진구","광장동","중국집","5"
"20180107","일","남","30대","서울특별시","광진구","자양동","중국집","10"
"20180107","일","여","30대","서울특별시","광진구","능동","중국집","5"
"20180107","일","여","20대","서울특별시","광진구","능동","중국집","5"
"20180107","일","여","30대","서울특별시","광진구","자양동","중국집","8"
"20180107","일","여","40대","서울특별시","광진구","능동","중국집","5"
"20180107","일","여","40대","서울특별시","광진구","중곡동","중국집","5"
"20180107","일","여","40대","서울특별시","광진구","화양동","중국집","5"
"20180107","일","여","50대","서울특별시","광진구","능동","중국집","5"
"20180107","일","남","40대","서울특별시","광진구","광장동","중국집","5"
"20180107","일","남","40대","서울특별시","광진구","화양동","중국집","5"
"20180107","일","남","60대이상","서울특별시","광진구","광장동","중국집","5"
"20180107","일","여","50대","서울특별시","광진구","자양동","중국집","5"
"20180107","일","여","60대이상","서울특별시","광진구","구의동","중국집","5"
"20180107","일","남","50대","서울특별시","광진구","능동","중국집","5"
"20180107","일","여","40대","서울특별시","광진구","자양동","중국집","13"
"20180107","일","여","60대이상","서울특별시","광진구","능동","중국집","5"
"20180107","일","여","60대이상","서울특별시","광진구","자양동","중국집","5"
"20180107","일","남","20대","서울특별시","광진구","자양동","중국집","9"
"20180107","일","남","10대","서울특별시","구로구","구로동","중국집","5"
"20180107","일","남","20대","서울특별시","구로구","개봉동","중국집","30"
"20180107","일","남","20대","서울특별시","구로구","구로동","중국집","5"
"20180107","일","남","20대","서울특별시","구로구","궁동","중국집","5"
"20180107","일","남","20대","서울특별시","구로구","신도림동","중국집","5"
"20180107","일","남","30대","서울특별시","구로구","개봉동","중국집","42"
"20180107","일","남","30대","서울특별시","구로구","궁동","중국집","5"
"20180107","일","남","30대","서울특별시","구로구","신도림동","중국집","5"
"20180107","일","남","10대","서울특별시","구로구","개봉동","중국집","8"
"20180107","일","남","40대","서울특별시","구로구","구로동","중국집","5"
"20180107","일","남","40대","서울특별시","구로구","신도림동","중국집","5"
"20180107","일","남","50대","서울특별시","구로구","구로동","중국집","9"
"20180107","일","남","60대이상","서울특별시","구로구","개봉동","중국집","17"
"20180107","일","남","60대이상","서울특별시","구로구","궁동","중국집","5"
"20180107","일","여","10대","서울특별시","구로구","개봉동","중국집","5"
"20180107","일","여","10대","서울특별시","구로구","구로동","중국집","5"
"20180107","일","여","10대","서울특별시","구로구","궁동","중국집","5"
"20180107","일","남","10대","서울특별시","구로구","궁동","중국집","5"
"20180107","일","여","20대","서울특별시","구로구","개봉동","중국집","9"
"20180107","일","여","20대","서울특별시","구로구","구로동","중국집","5"
"20180107","일","남","50대","서울특별시","구로구","궁동","중국집","5"
"20180107","일","여","20대","서울특별시","구로구","궁동","중국집","5"
"20180107","일","여","30대","서울특별시","구로구","개봉동","중국집","28"
"20180107","일","남","30대","서울특별시","구로구","구로동","중국집","5"
"20180107","일","남","50대","서울특별시","구로구","개봉동","중국집","29"
"20180107","일","여","30대","서울특별시","구로구","구로동","중국집","5"
"20180107","일","남","40대","서울특별시","구로구","개봉동","중국집","45"
"20180107","일","여","40대","서울특별시","구로구","개봉동","중국집","57"
"20180107","일","여","40대","서울특별시","구로구","구로동","중국집","5"
"20180107","일","여","40대","서울특별시","구로구","궁동","중국집","5"
"20180107","일","여","30대","서울특별시","구로구","궁동","중국집","7"
"20180107","일","여","40대","서울특별시","구로구","신도림동","중국집","5"
"20180107","일","여","50대","서울특별시","구로구","개봉동","중국집","29"
"20180107","일","여","50대","서울특별시","구로구","궁동","중국집","5"
"20180107","일","여","60대이상","서울특별시","구로구","개봉동","중국집","16"
"20180107","일","여","60대이상","서울특별시","구로구","궁동","중국집","5"
"20180107","일","남","40대","서울특별시","구로구","궁동","중국집","5"
"20180107","일","남","10대","서울특별시","금천구","시흥동","중국집","5"
"20180107","일","남","20대","서울특별시","금천구","독산동","중국집","5"
"20180107","일","남","20대","서울특별시","금천구","시흥동","중국집","5"
"20180107","일","남","30대","서울특별시","금천구","가산동","중국집","20"
"20180107","일","남","30대","서울특별시","금천구","시흥동","중국집","7"
"20180107","일","남","40대","서울특별시","금천구","가산동","중국집","29"
"20180107","일","남","40대","서울특별시","금천구","시흥동","중국집","5"
"20180107","일","남","50대","서울특별시","금천구","독산동","중국집","5"
"20180107","일","남","60대이상","서울특별시","금천구","가산동","중국집","5"
"20180107","일","남","50대","서울특별시","금천구","가산동","중국집","11"
"20180107","일","남","40대","서울특별시","금천구","독산동","중국집","5"
"20180107","일","남","60대이상","서울특별시","금천구","독산동","중국집","5"
"20180107","일","남","60대이상","서울특별시","금천구","시흥동","중국집","5"
"20180107","일","여","20대","서울특별시","금천구","가산동","중국집","5"
"20180107","일","여","10대","서울특별시","금천구","독산동","중국집","5"
"20180107","일","남","50대","서울특별시","금천구","시흥동","중국집","5"
"20180107","일","여","20대","서울특별시","금천구","독산동","중국집","5"
"20180107","일","남","10대","서울특별시","금천구","가산동","중국집","5"
"20180107","일","여","20대","서울특별시","금천구","시흥동","중국집","7"
"20180107","일","여","30대","서울특별시","금천구","가산동","중국집","14"
"20180107","일","여","40대","서울특별시","금천구","가산동","중국집","13"
"20180107","일","여","40대","서울특별시","금천구","독산동","중국집","8"
"20180107","일","남","20대","서울특별시","금천구","가산동","중국집","8"
"20180107","일","남","30대","서울특별시","금천구","독산동","중국집","5"
"20180107","일","여","40대","서울특별시","금천구","시흥동","중국집","6"
"20180107","일","여","50대","서울특별시","금천구","가산동","중국집","5"
"20180107","일","여","50대","서울특별시","금천구","독산동","중국집","5"
"20180107","일","여","50대","서울특별시","금천구","시흥동","중국집","5"
"20180107","일","여","60대이상","서울특별시","금천구","가산동","중국집","5"
"20180107","일","여","60대이상","서울특별시","금천구","시흥동","중국집","5"
"20180107","일","여","30대","서울특별시","금천구","시흥동","중국집","7"
"20180107","일","남","10대","서울특별시","노원구","공릉동","중국집","5"
"20180107","일","남","10대","서울특별시","노원구","상계동","중국집","10"
"20180107","일","남","20대","서울특별시","노원구","공릉동","중국집","5"
"20180107","일","남","20대","서울특별시","노원구","상계동","중국집","35"
"20180107","일","남","20대","서울특별시","노원구","중계동","중국집","5"
"20180107","일","남","30대","서울특별시","노원구","공릉동","중국집","5"
"20180107","일","남","30대","서울특별시","노원구","월계동","중국집","5"
"20180107","일","남","30대","서울특별시","노원구","중계동","중국집","5"
"20180107","일","남","40대","서울특별시","노원구","상계동","중국집","65"
"20180107","일","남","40대","서울특별시","노원구","월계동","중국집","5"
"20180107","일","남","40대","서울특별시","노원구","중계동","중국집","5"
"20180107","일","남","50대","서울특별시","노원구","상계동","중국집","48"
"20180107","일","남","60대이상","서울특별시","노원구","월계동","중국집","5"
"20180107","일","남","60대이상","서울특별시","노원구","중계동","중국집","5"
"20180107","일","여","10대","서울특별시","노원구","상계동","중국집","7"
"20180107","일","여","20대","서울특별시","노원구","상계동","중국집","17"
"20180107","일","여","20대","서울특별시","노원구","월계동","중국집","5"
"20180107","일","남","10대","서울특별시","노원구","월계동","중국집","5"
"20180107","일","여","30대","서울특별시","노원구","공릉동","중국집","9"
"20180107","일","여","30대","서울특별시","노원구","상계동","중국집","41"
"20180107","일","여","30대","서울특별시","노원구","월계동","중국집","5"
"20180107","일","남","60대이상","서울특별시","노원구","상계동","중국집","25"
"20180107","일","여","30대","서울특별시","노원구","중계동","중국집","5"
"20180107","일","여","40대","서울특별시","노원구","공릉동","중국집","8"
"20180107","일","남","40대","서울특별시","노원구","공릉동","중국집","5"
"20180107","일","남","20대","서울특별시","노원구","월계동","중국집","6"
"20180107","일","여","40대","서울특별시","노원구","월계동","중국집","6"
"20180107","일","여","40대","서울특별시","노원구","중계동","중국집","6"
"20180107","일","여","20대","서울특별시","노원구","공릉동","중국집","5"
"20180107","일","여","50대","서울특별시","노원구","공릉동","중국집","5"
"20180107","일","여","50대","서울특별시","노원구","상계동","중국집","52"
"20180107","일","여","50대","서울특별시","노원구","월계동","중국집","5"
"20180107","일","여","50대","서울특별시","노원구","중계동","중국집","5"
"20180107","일","여","60대이상","서울특별시","노원구","상계동","중국집","16"
"20180107","일","남","30대","서울특별시","노원구","상계동","중국집","74"
"20180107","일","여","60대이상","서울특별시","노원구","월계동","중국집","5"
"20180107","일","여","40대","서울특별시","노원구","상계동","중국집","87"
"20180107","일","남","20대","서울특별시","도봉구","방학동","중국집","5"
"20180107","일","남","30대","서울특별시","도봉구","도봉동","중국집","5"
"20180107","일","남","30대","서울특별시","도봉구","방학동","중국집","5"
"20180107","일","남","30대","서울특별시","도봉구","쌍문동","중국집","5"
"20180107","일","남","40대","서울특별시","도봉구","도봉동","중국집","5"
"20180107","일","남","40대","서울특별시","도봉구","방학동","중국집","5"
"20180107","일","남","40대","서울특별시","도봉구","쌍문동","중국집","5"
"20180107","일","남","20대","서울특별시","도봉구","쌍문동","중국집","5"
"20180107","일","남","50대","서울특별시","도봉구","방학동","중국집","5"
"20180107","일","남","50대","서울특별시","도봉구","쌍문동","중국집","5"
"20180107","일","남","60대이상","서울특별시","도봉구","도봉동","중국집","5"
"20180107","일","여","10대","서울특별시","도봉구","쌍문동","중국집","5"
"20180107","일","여","20대","서울특별시","도봉구","방학동","중국집","5"
"20180107","일","여","20대","서울특별시","도봉구","쌍문동","중국집","7"
"20180107","일","여","30대","서울특별시","도봉구","도봉동","중국집","5"
"20180107","일","남","60대이상","서울특별시","도봉구","쌍문동","중국집","5"
"20180107","일","여","30대","서울특별시","도봉구","방학동","중국집","5"
"20180107","일","여","30대","서울특별시","도봉구","쌍문동","중국집","5"
"20180107","일","여","40대","서울특별시","도봉구","방학동","중국집","5"
"20180107","일","여","40대","서울특별시","도봉구","쌍문동","중국집","7"
"20180107","일","여","50대","서울특별시","도봉구","도봉동","중국집","5"
"20180107","일","여","50대","서울특별시","도봉구","방학동","중국집","5"
"20180107","일","여","60대이상","서울특별시","도봉구","쌍문동","중국집","5"
"20180107","일","남","10대","서울특별시","동대문구","전농동","중국집","5"
"20180107","일","남","10대","서울특별시","동대문구","제기동","중국집","5"
"20180107","일","남","20대","서울특별시","동대문구","장안동","중국집","42"
"20180107","일","남","30대","서울특별시","동대문구","답십리동","중국집","5"
"20180107","일","남","30대","서울특별시","동대문구","전농동","중국집","10"
"20180107","일","남","30대","서울특별시","동대문구","제기동","중국집","53"
"20180107","일","남","40대","서울특별시","동대문구","장안동","중국집","58"
"20180107","일","남","40대","서울특별시","동대문구","전농동","중국집","5"
"20180107","일","남","20대","서울특별시","동대문구","답십리동","중국집","5"
"20180107","일","남","40대","서울특별시","동대문구","제기동","중국집","67"
"20180107","일","남","50대","서울특별시","동대문구","장안동","중국집","39"
"20180107","일","남","60대이상","서울특별시","동대문구","전농동","중국집","5"
"20180107","일","남","60대이상","서울특별시","동대문구","제기동","중국집","20"
"20180107","일","남","60대이상","서울특별시","동대문구","장안동","중국집","16"
"20180107","일","남","40대","서울특별시","동대문구","답십리동","중국집","5"
"20180107","일","여","10대","서울특별시","동대문구","장안동","중국집","5"
"20180107","일","여","10대","서울특별시","동대문구","전농동","중국집","5"
"20180107","일","여","10대","서울특별시","동대문구","제기동","중국집","5"
"20180107","일","남","10대","서울특별시","동대문구","장안동","중국집","12"
"20180107","일","여","20대","서울특별시","동대문구","답십리동","중국집","5"
"20180107","일","여","20대","서울특별시","동대문구","장안동","중국집","9"
"20180107","일","여","20대","서울특별시","동대문구","제기동","중국집","23"
"20180107","일","남","20대","서울특별시","동대문구","제기동","중국집","44"
"20180107","일","여","30대","서울특별시","동대문구","장안동","중국집","39"
"20180107","일","여","30대","서울특별시","동대문구","전농동","중국집","5"
"20180107","일","여","20대","서울특별시","동대문구","전농동","중국집","5"
"20180107","일","여","30대","서울특별시","동대문구","제기동","중국집","25"
"20180107","일","남","50대","서울특별시","동대문구","제기동","중국집","32"
"20180107","일","남","30대","서울특별시","동대문구","장안동","중국집","48"
"20180107","일","여","40대","서울특별시","동대문구","답십리동","중국집","5"
"20180107","일","여","40대","서울특별시","동대문구","장안동","중국집","58"
"20180107","일","여","40대","서울특별시","동대문구","전농동","중국집","5"
"20180107","일","여","40대","서울특별시","동대문구","제기동","중국집","40"
"20180107","일","여","50대","서울특별시","동대문구","답십리동","중국집","5"
"20180107","일","여","30대","서울특별시","동대문구","답십리동","중국집","5"
"20180107","일","여","50대","서울특별시","동대문구","장안동","중국집","23"
"20180107","일","남","20대","서울특별시","동대문구","전농동","중국집","5"
"20180107","일","여","50대","서울특별시","동대문구","제기동","중국집","21"
"20180107","일","여","60대이상","서울특별시","동대문구","장안동","중국집","18"
"20180107","일","여","60대이상","서울특별시","동대문구","전농동","중국집","5"
"20180107","일","여","60대이상","서울특별시","동대문구","제기동","중국집","15"
"20180107","일","남","10대","서울특별시","동작구","신대방동","중국집","14"
"20180107","일","남","20대","서울특별시","동작구","노량진동","중국집","5"
"20180107","일","남","20대","서울특별시","동작구","대방동","중국집","5"
"20180107","일","남","20대","서울특별시","동작구","상도동","중국집","5"
"20180107","일","남","20대","서울특별시","동작구","본동","중국집","5"
"20180107","일","남","20대","서울특별시","동작구","신대방동","중국집","88"
"20180107","일","남","30대","서울특별시","동작구","노량진동","중국집","5"
"20180107","일","남","30대","서울특별시","동작구","본동","중국집","5"
"20180107","일","남","30대","서울특별시","동작구","상도동","중국집","10"
"20180107","일","남","30대","서울특별시","동작구","신대방동","중국집","182"
"20180107","일","남","40대","서울특별시","동작구","노량진동","중국집","5"
"20180107","일","남","40대","서울특별시","동작구","본동","중국집","5"
"20180107","일","남","40대","서울특별시","동작구","사당동","중국집","5"
"20180107","일","남","40대","서울특별시","동작구","신대방동","중국집","164"
"20180107","일","남","20대","서울특별시","동작구","사당동","중국집","5"
"20180107","일","남","40대","서울특별시","동작구","상도동","중국집","5"
"20180107","일","남","40대","서울특별시","동작구","흑석동","중국집","5"
"20180107","일","남","50대","서울특별시","동작구","본동","중국집","5"
"20180107","일","남","50대","서울특별시","동작구","사당동","중국집","5"
"20180107","일","남","60대이상","서울특별시","동작구","대방동","중국집","5"
"20180107","일","남","30대","서울특별시","동작구","사당동","중국집","5"
"20180107","일","남","60대이상","서울특별시","동작구","사당동","중국집","5"
"20180107","일","남","60대이상","서울특별시","동작구","상도동","중국집","5"
"20180107","일","남","60대이상","서울특별시","동작구","신대방동","중국집","46"
"20180107","일","여","10대","서울특별시","동작구","상도동","중국집","5"
"20180107","일","여","10대","서울특별시","동작구","신대방동","중국집","8"
"20180107","일","여","10대","서울특별시","동작구","사당동","중국집","5"
"20180107","일","여","20대","서울특별시","동작구","노량진동","중국집","5"
"20180107","일","여","20대","서울특별시","동작구","본동","중국집","5"
"20180107","일","여","20대","서울특별시","동작구","상도동","중국집","7"
"20180107","일","남","50대","서울특별시","동작구","신대방동","중국집","80"
"20180107","일","여","30대","서울특별시","동작구","노량진동","중국집","5"
"20180107","일","여","30대","서울특별시","동작구","상도동","중국집","9"
"20180107","일","여","30대","서울특별시","동작구","신대방동","중국집","112"
"20180107","일","여","40대","서울특별시","동작구","노량진동","중국집","5"
"20180107","일","여","20대","서울특별시","동작구","신대방동","중국집","36"
"20180107","일","여","30대","서울특별시","동작구","본동","중국집","5"
"20180107","일","여","40대","서울특별시","동작구","본동","중국집","5"
"20180107","일","여","20대","서울특별시","동작구","사당동","중국집","5"
"20180107","일","여","40대","서울특별시","동작구","사당동","중국집","5"
"20180107","일","남","10대","서울특별시","동작구","상도동","중국집","5"
"20180107","일","여","40대","서울특별시","동작구","상도동","중국집","5"
"20180107","일","여","30대","서울특별시","동작구","사당동","중국집","5"
"20180107","일","여","40대","서울특별시","동작구","신대방동","중국집","129"
"20180107","일","여","40대","서울특별시","동작구","흑석동","중국집","5"
"20180107","일","남","50대","서울특별시","동작구","흑석동","중국집","5"
"20180107","일","여","50대","서울특별시","동작구","노량진동","중국집","5"
"20180107","일","남","20대","서울특별시","동작구","흑석동","중국집","5"
"20180107","일","여","50대","서울특별시","동작구","본동","중국집","5"
"20180107","일","여","50대","서울특별시","동작구","상도동","중국집","5"
"20180107","일","여","20대","서울특별시","동작구","대방동","중국집","5"
"20180107","일","여","50대","서울특별시","동작구","신대방동","중국집","83"
"20180107","일","남","50대","서울특별시","동작구","노량진동","중국집","5"
"20180107","일","여","60대이상","서울특별시","동작구","본동","중국집","5"
"20180107","일","여","60대이상","서울특별시","동작구","신대방동","중국집","43"
"20180107","일","남","10대","서울특별시","마포구","상암동","중국집","5"
"20180107","일","남","10대","서울특별시","마포구","합정동","중국집","5"
"20180107","일","남","20대","서울특별시","마포구","마포동","중국집","5"
"20180107","일","남","20대","서울특별시","마포구","염리동","중국집","5"
"20180107","일","남","30대","서울특별시","마포구","마포동","중국집","5"
"20180107","일","남","30대","서울특별시","마포구","신공덕동","중국집","5"
"20180107","일","남","30대","서울특별시","마포구","염리동","중국집","5"
"20180107","일","남","30대","서울특별시","마포구","합정동","중국집","33"
"20180107","일","남","40대","서울특별시","마포구","마포동","중국집","5"
"20180107","일","남","40대","서울특별시","마포구","망원동","중국집","5"
"20180107","일","남","40대","서울특별시","마포구","상암동","중국집","44"
"20180107","일","남","40대","서울특별시","마포구","신공덕동","중국집","5"
"20180107","일","남","40대","서울특별시","마포구","염리동","중국집","5"
"20180107","일","남","20대","서울특별시","마포구","창전동","중국집","5"
"20180107","일","남","40대","서울특별시","마포구","창전동","중국집","5"
"20180107","일","남","50대","서울특별시","마포구","창전동","중국집","5"
"20180107","일","남","60대이상","서울특별시","마포구","대흥동","중국집","5"
"20180107","일","남","60대이상","서울특별시","마포구","상암동","중국집","13"
"20180107","일","남","60대이상","서울특별시","마포구","합정동","중국집","5"
"20180107","일","여","20대","서울특별시","마포구","대흥동","중국집","6"
"20180107","일","여","20대","서울특별시","마포구","망원동","중국집","5"
"20180107","일","여","20대","서울특별시","마포구","상암동","중국집","5"
"20180107","일","여","20대","서울특별시","마포구","신공덕동","중국집","5"
"20180107","일","여","20대","서울특별시","마포구","아현동","중국집","5"
"20180107","일","여","20대","서울특별시","마포구","염리동","중국집","6"
"20180107","일","여","20대","서울특별시","마포구","합정동","중국집","5"
"20180107","일","남","30대","서울특별시","마포구","상수동","중국집","5"
"20180107","일","남","20대","서울특별시","마포구","아현동","중국집","5"
"20180107","일","여","30대","서울특별시","마포구","대흥동","중국집","5"
"20180107","일","남","50대","서울특별시","마포구","신공덕동","중국집","5"
"20180107","일","여","30대","서울특별시","마포구","마포동","중국집","5"
"20180107","일","여","20대","서울특별시","마포구","마포동","중국집","5"
"20180107","일","여","30대","서울특별시","마포구","상암동","중국집","23"
"20180107","일","여","30대","서울특별시","마포구","신공덕동","중국집","5"
"20180107","일","남","30대","서울특별시","마포구","공덕동","중국집","5"
"20180107","일","여","30대","서울특별시","마포구","염리동","중국집","5"
"20180107","일","여","30대","서울특별시","마포구","창전동","중국집","5"
"20180107","일","여","30대","서울특별시","마포구","합정동","중국집","17"
"20180107","일","남","50대","서울특별시","마포구","아현동","중국집","5"
"20180107","일","남","50대","서울특별시","마포구","상암동","중국집","13"
"20180107","일","여","30대","서울특별시","마포구","아현동","중국집","5"
"20180107","일","여","40대","서울특별시","마포구","공덕동","중국집","5"
"20180107","일","여","40대","서울특별시","마포구","대흥동","중국집","5"
"20180107","일","여","30대","서울특별시","마포구","상수동","중국집","5"
"20180107","일","여","40대","서울특별시","마포구","마포동","중국집","5"
"20180107","일","여","40대","서울특별시","마포구","망원동","중국집","5"
"20180107","일","여","40대","서울특별시","마포구","상암동","중국집","53"
"20180107","일","여","40대","서울특별시","마포구","신공덕동","중국집","5"
"20180107","일","여","40대","서울특별시","마포구","합정동","중국집","16"
"20180107","일","여","50대","서울특별시","마포구","공덕동","중국집","5"
"20180107","일","남","20대","서울특별시","마포구","상암동","중국집","18"
"20180107","일","여","50대","서울특별시","마포구","대흥동","중국집","5"
"20180107","일","여","40대","서울특별시","마포구","창전동","중국집","5"
"20180107","일","여","50대","서울특별시","마포구","서교동","중국집","5"
"20180107","일","여","50대","서울특별시","마포구","신공덕동","중국집","5"
"20180107","일","여","50대","서울특별시","마포구","상암동","중국집","19"
"20180107","일","여","20대","서울특별시","마포구","신수동","중국집","5"
"20180107","일","남","40대","서울특별시","마포구","대흥동","중국집","5"
"20180107","일","남","50대","서울특별시","마포구","합정동","중국집","11"
"20180107","일","여","50대","서울특별시","마포구","아현동","중국집","5"
"20180107","일","여","50대","서울특별시","마포구","창전동","중국집","5"
"20180107","일","여","50대","서울특별시","마포구","합정동","중국집","9"
"20180107","일","남","40대","서울특별시","마포구","합정동","중국집","21"
"20180107","일","여","60대이상","서울특별시","마포구","마포동","중국집","5"
"20180107","일","남","50대","서울특별시","마포구","염리동","중국집","5"
"20180107","일","여","60대이상","서울특별시","마포구","상암동","중국집","11"
"20180107","일","여","60대이상","서울특별시","마포구","신공덕동","중국집","5"
"20180107","일","여","60대이상","서울특별시","마포구","신수동","중국집","5"
"20180107","일","남","30대","서울특별시","마포구","상암동","중국집","25"
"20180107","일","여","30대","서울특별시","마포구","공덕동","중국집","5"
"20180107","일","남","20대","서울특별시","마포구","망원동","중국집","5"
"20180107","일","남","40대","서울특별시","마포구","신수동","중국집","5"
"20180107","일","여","60대이상","서울특별시","마포구","아현동","중국집","5"
"20180107","일","여","60대이상","서울특별시","마포구","합정동","중국집","5"
"20180107","일","남","20대","서울특별시","마포구","합정동","중국집","18"
"20180107","일","남","10대","서울특별시","서대문구","홍제동","중국집","5"
"20180107","일","남","20대","서울특별시","서대문구","창천동","중국집","11"
"20180107","일","남","20대","서울특별시","서대문구","홍은동","중국집","5"
"20180107","일","남","20대","서울특별시","서대문구","홍제동","중국집","17"
"20180107","일","남","30대","서울특별시","서대문구","남가좌동","중국집","5"
"20180107","일","남","40대","서울특별시","서대문구","연희동","중국집","58"
"20180107","일","남","40대","서울특별시","서대문구","홍은동","중국집","5"
"20180107","일","남","30대","서울특별시","서대문구","충정로2가","중국집","5"
"20180107","일","남","50대","서울특별시","서대문구","연희동","중국집","31"
"20180107","일","남","50대","서울특별시","서대문구","홍제동","중국집","21"
"20180107","일","남","60대이상","서울특별시","서대문구","남가좌동","중국집","5"
"20180107","일","남","60대이상","서울특별시","서대문구","연희동","중국집","25"
"20180107","일","남","50대","서울특별시","서대문구","남가좌동","중국집","5"
"20180107","일","남","60대이상","서울특별시","서대문구","충정로3가","중국집","5"
"20180107","일","남","30대","서울특별시","서대문구","창천동","중국집","40"
"20180107","일","남","30대","서울특별시","서대문구","충정로3가","중국집","6"
"20180107","일","여","10대","서울특별시","서대문구","홍제동","중국집","5"
"20180107","일","여","20대","서울특별시","서대문구","연희동","중국집","34"
"20180107","일","여","20대","서울특별시","서대문구","북가좌동","중국집","5"
"20180107","일","남","50대","서울특별시","서대문구","홍은동","중국집","5"
"20180107","일","여","20대","서울특별시","서대문구","홍제동","중국집","17"
"20180107","일","여","30대","서울특별시","서대문구","연희동","중국집","50"
"20180107","일","남","30대","서울특별시","서대문구","북아현동","중국집","5"
"20180107","일","남","10대","서울특별시","서대문구","창천동","중국집","7"
"20180107","일","여","30대","서울특별시","서대문구","충정로3가","중국집","5"
"20180107","일","여","20대","서울특별시","서대문구","북아현동","중국집","5"
"20180107","일","남","60대이상","서울특별시","서대문구","창천동","중국집","11"
"20180107","일","여","30대","서울특별시","서대문구","홍제동","중국집","34"
"20180107","일","남","40대","서울특별시","서대문구","남가좌동","중국집","5"
"20180107","일","여","40대","서울특별시","서대문구","남가좌동","중국집","5"
"20180107","일","남","50대","서울특별시","서대문구","창천동","중국집","17"
"20180107","일","남","30대","서울특별시","서대문구","연희동","중국집","52"
"20180107","일","여","40대","서울특별시","서대문구","북가좌동","중국집","5"
"20180107","일","여","10대","서울특별시","서대문구","홍은동","중국집","5"
"20180107","일","남","30대","서울특별시","서대문구","북가좌동","중국집","5"
"20180107","일","여","40대","서울특별시","서대문구","연희동","중국집","46"
"20180107","일","여","10대","서울특별시","서대문구","연희동","중국집","5"
"20180107","일","여","40대","서울특별시","서대문구","창천동","중국집","33"
"20180107","일","여","40대","서울특별시","서대문구","북아현동","중국집","5"
"20180107","일","여","20대","서울특별시","서대문구","남가좌동","중국집","5"
"20180107","일","여","40대","서울특별시","서대문구","홍은동","중국집","5"
"20180107","일","여","30대","서울특별시","서대문구","창천동","중국집","31"
"20180107","일","남","40대","서울특별시","서대문구","홍제동","중국집","36"
"20180107","일","남","20대","서울특별시","서대문구","충정로3가","중국집","5"
"20180107","일","남","50대","서울특별시","서대문구","충정로3가","중국집","5"
"20180107","일","여","40대","서울특별시","서대문구","홍제동","중국집","39"
"20180107","일","여","50대","서울특별시","서대문구","연희동","중국집","31"
"20180107","일","여","30대","서울특별시","서대문구","북아현동","중국집","5"
"20180107","일","여","50대","서울특별시","서대문구","창천동","중국집","25"
"20180107","일","여","50대","서울특별시","서대문구","홍제동","중국집","25"
"20180107","일","여","20대","서울특별시","서대문구","홍은동","중국집","5"
"20180107","일","여","20대","서울특별시","서대문구","창천동","중국집","11"
"20180107","일","여","60대이상","서울특별시","서대문구","남가좌동","중국집","5"
"20180107","일","여","30대","서울특별시","서대문구","북가좌동","중국집","5"
"20180107","일","여","60대이상","서울특별시","서대문구","북아현동","중국집","5"
"20180107","일","여","60대이상","서울특별시","서대문구","연희동","중국집","9"
"20180107","일","여","60대이상","서울특별시","서대문구","창천동","중국집","13"
"20180107","일","남","60대이상","서울특별시","서대문구","홍제동","중국집","15"
"20180107","일","여","60대이상","서울특별시","서대문구","충정로3가","중국집","5"
"20180107","일","남","30대","서울특별시","서대문구","홍제동","중국집","45"
"20180107","일","남","40대","서울특별시","서대문구","창천동","중국집","24"
"20180107","일","남","20대","서울특별시","서대문구","연희동","중국집","32"
"20180107","일","남","10대","서울특별시","서대문구","연희동","중국집","5"
"20180107","일","여","60대이상","서울특별시","서대문구","홍제동","중국집","11"
"20180107","일","남","10대","서울특별시","서초구","서초동","중국집","5"
"20180107","일","남","20대","서울특별시","서초구","서초동","중국집","5"
"20180107","일","남","30대","서울특별시","서초구","반포동","중국집","12"
"20180107","일","남","30대","서울특별시","서초구","방배동","중국집","74"
"20180107","일","남","30대","서울특별시","서초구","서초동","중국집","11"
"20180107","일","남","30대","서울특별시","서초구","양재동","중국집","49"
"20180107","일","남","40대","서울특별시","서초구","내곡동","중국집","5"
"20180107","일","남","40대","서울특별시","서초구","방배동","중국집","64"
"20180107","일","남","40대","서울특별시","서초구","양재동","중국집","35"
"20180107","일","남","50대","서울특별시","서초구","내곡동","중국집","5"
"20180107","일","남","50대","서울특별시","서초구","반포동","중국집","14"
"20180107","일","남","30대","서울특별시","서초구","내곡동","중국집","5"
"20180107","일","남","10대","서울특별시","서초구","신원동","중국집","5"
"20180107","일","남","50대","서울특별시","서초구","방배동","중국집","32"
"20180107","일","남","50대","서울특별시","서초구","서초동","중국집","5"
"20180107","일","남","50대","서울특별시","서초구","양재동","중국집","15"
"20180107","일","남","60대이상","서울특별시","서초구","반포동","중국집","5"
"20180107","일","남","60대이상","서울특별시","서초구","방배동","중국집","29"
"20180107","일","남","10대","서울특별시","서초구","반포동","중국집","5"
"20180107","일","남","60대이상","서울특별시","서초구","서초동","중국집","5"
"20180107","일","남","60대이상","서울특별시","서초구","양재동","중국집","13"
"20180107","일","여","10대","서울특별시","서초구","반포동","중국집","5"
"20180107","일","남","40대","서울특별시","서초구","반포동","중국집","18"
"20180107","일","여","10대","서울특별시","서초구","방배동","중국집","5"
"20180107","일","남","40대","서울특별시","서초구","서초동","중국집","9"
"20180107","일","남","20대","서울특별시","서초구","양재동","중국집","19"
"20180107","일","여","20대","서울특별시","서초구","반포동","중국집","5"
"20180107","일","여","20대","서울특별시","서초구","방배동","중국집","18"
"20180107","일","여","20대","서울특별시","서초구","잠원동","중국집","5"
"20180107","일","여","30대","서울특별시","서초구","반포동","중국집","19"
"20180107","일","여","30대","서울특별시","서초구","방배동","중국집","51"
"20180107","일","여","30대","서울특별시","서초구","서초동","중국집","11"
"20180107","일","여","40대","서울특별시","서초구","반포동","중국집","29"
"20180107","일","여","40대","서울특별시","서초구","방배동","중국집","70"
"20180107","일","남","10대","서울특별시","서초구","방배동","중국집","8"
"20180107","일","여","40대","서울특별시","서초구","서초동","중국집","8"
"20180107","일","여","40대","서울특별시","서초구","양재동","중국집","41"
"20180107","일","남","20대","서울특별시","서초구","반포동","중국집","10"
"20180107","일","여","30대","서울특별시","서초구","양재동","중국집","43"
"20180107","일","여","50대","서울특별시","서초구","반포동","중국집","13"
"20180107","일","여","50대","서울특별시","서초구","방배동","중국집","29"
"20180107","일","여","50대","서울특별시","서초구","서초동","중국집","5"
"20180107","일","여","50대","서울특별시","서초구","양재동","중국집","23"
"20180107","일","남","10대","서울특별시","서초구","양재동","중국집","5"
"20180107","일","여","50대","서울특별시","서초구","잠원동","중국집","5"
"20180107","일","남","20대","서울특별시","서초구","방배동","중국집","30"
"20180107","일","여","60대이상","서울특별시","서초구","내곡동","중국집","5"
"20180107","일","여","10대","서울특별시","서초구","양재동","중국집","5"
"20180107","일","여","60대이상","서울특별시","서초구","반포동","중국집","7"
"20180107","일","여","20대","서울특별시","서초구","양재동","중국집","7"
"20180107","일","여","60대이상","서울특별시","서초구","방배동","중국집","37"
"20180107","일","여","60대이상","서울특별시","서초구","서초동","중국집","5"
"20180107","일","여","60대이상","서울특별시","서초구","양재동","중국집","9"
"20180107","일","남","10대","서울특별시","성동구","성수동2가","중국집","12"
"20180107","일","남","10대","서울특별시","성동구","옥수동","중국집","5"
"20180107","일","남","20대","서울특별시","성동구","성수동2가","중국집","69"
"20180107","일","남","30대","서울특별시","성동구","성수동2가","중국집","122"
"20180107","일","남","30대","서울특별시","성동구","옥수동","중국집","33"
"20180107","일","남","40대","서울특별시","성동구","성수동2가","중국집","109"
"20180107","일","남","40대","서울특별시","성동구","옥수동","중국집","22"
"20180107","일","남","40대","서울특별시","성동구","행당동","중국집","5"
"20180107","일","남","50대","서울특별시","성동구","성수동2가","중국집","54"
"20180107","일","남","50대","서울특별시","성동구","옥수동","중국집","18"
"20180107","일","남","60대이상","서울특별시","성동구","성수동2가","중국집","37"
"20180107","일","남","60대이상","서울특별시","성동구","옥수동","중국집","11"
"20180107","일","여","20대","서울특별시","성동구","성수동2가","중국집","26"
"20180107","일","여","20대","서울특별시","성동구","옥수동","중국집","5"
"20180107","일","여","30대","서울특별시","성동구","성수동2가","중국집","78"
"20180107","일","남","20대","서울특별시","성동구","옥수동","중국집","11"
"20180107","일","여","30대","서울특별시","성동구","옥수동","중국집","11"
"20180107","일","여","40대","서울특별시","성동구","성수동2가","중국집","105"
"20180107","일","여","40대","서울특별시","성동구","옥수동","중국집","30"
"20180107","일","여","10대","서울특별시","성동구","성수동2가","중국집","5"
"20180107","일","여","50대","서울특별시","성동구","성수동2가","중국집","58"
"20180107","일","여","50대","서울특별시","성동구","옥수동","중국집","18"
"20180107","일","여","60대이상","서울특별시","성동구","성수동2가","중국집","26"
"20180107","일","여","60대이상","서울특별시","성동구","옥수동","중국집","8"
"20180107","일","남","10대","서울특별시","성북구","동선동2가","중국집","5"
"20180107","일","남","20대","서울특별시","성북구","동선동2가","중국집","35"
"20180107","일","남","20대","서울특별시","성북구","동선동3가","중국집","5"
"20180107","일","남","20대","서울특별시","성북구","안암동5가","중국집","5"
"20180107","일","남","30대","서울특별시","성북구","삼선동5가","중국집","5"
"20180107","일","남","30대","서울특별시","성북구","하월곡동","중국집","5"
"20180107","일","남","40대","서울특별시","성북구","동선동2가","중국집","68"
"20180107","일","남","40대","서울특별시","성북구","삼선동5가","중국집","5"
"20180107","일","남","40대","서울특별시","성북구","종암동","중국집","5"
"20180107","일","남","40대","서울특별시","성북구","하월곡동","중국집","5"
"20180107","일","남","20대","서울특별시","성북구","상월곡동","중국집","5"
"20180107","일","남","50대","서울특별시","성북구","길음동","중국집","5"
"20180107","일","남","40대","서울특별시","성북구","정릉동","중국집","5"
"20180107","일","남","50대","서울특별시","성북구","동선동2가","중국집","44"
"20180107","일","남","50대","서울특별시","성북구","삼선동5가","중국집","5"
"20180107","일","남","50대","서울특별시","성북구","장위동","중국집","5"
"20180107","일","남","30대","서울특별시","성북구","종암동","중국집","5"
"20180107","일","남","50대","서울특별시","성북구","하월곡동","중국집","5"
"20180107","일","남","60대이상","서울특별시","성북구","길음동","중국집","5"
"20180107","일","남","30대","서울특별시","성북구","동선동2가","중국집","67"
"20180107","일","남","50대","서울특별시","성북구","성북동","중국집","5"
"20180107","일","남","60대이상","서울특별시","성북구","성북동","중국집","5"
"20180107","일","남","60대이상","서울특별시","성북구","정릉동","중국집","5"
"20180107","일","여","20대","서울특별시","성북구","동선동2가","중국집","10"
"20180107","일","남","20대","서울특별시","성북구","삼선동5가","중국집","5"
"20180107","일","여","10대","서울특별시","성북구","동선동2가","중국집","5"
"20180107","일","여","20대","서울특별시","성북구","동선동3가","중국집","5"
"20180107","일","여","20대","서울특별시","성북구","삼선동5가","중국집","5"
"20180107","일","여","30대","서울특별시","성북구","길음동","중국집","5"
"20180107","일","여","30대","서울특별시","성북구","동선동2가","중국집","37"
"20180107","일","여","30대","서울특별시","성북구","삼선동5가","중국집","5"
"20180107","일","여","30대","서울특별시","성북구","정릉동","중국집","5"
"20180107","일","남","50대","서울특별시","성북구","정릉동","중국집","5"
"20180107","일","남","10대","서울특별시","성북구","정릉동","중국집","5"
"20180107","일","여","30대","서울특별시","성북구","하월곡동","중국집","5"
"20180107","일","여","40대","서울특별시","성북구","동선동2가","중국집","42"
"20180107","일","남","10대","서울특별시","성북구","하월곡동","중국집","5"
"20180107","일","여","40대","서울특별시","성북구","삼선동5가","중국집","5"
"20180107","일","여","40대","서울특별시","성북구","성북동","중국집","5"
"20180107","일","여","20대","서울특별시","성북구","종암동","중국집","5"
"20180107","일","여","40대","서울특별시","성북구","정릉동","중국집","5"
"20180107","일","여","40대","서울특별시","성북구","종암동","중국집","5"
"20180107","일","남","30대","서울특별시","성북구","정릉동","중국집","5"
"20180107","일","남","20대","서울특별시","성북구","정릉동","중국집","5"
"20180107","일","여","40대","서울특별시","성북구","하월곡동","중국집","5"
"20180107","일","남","60대이상","서울특별시","성북구","동선동2가","중국집","20"
"20180107","일","여","50대","서울특별시","성북구","동선동2가","중국집","40"
"20180107","일","남","40대","서울특별시","성북구","장위동","중국집","5"
"20180107","일","여","50대","서울특별시","성북구","삼선동5가","중국집","5"
"20180107","일","여","50대","서울특별시","성북구","정릉동","중국집","5"
"20180107","일","여","60대이상","서울특별시","성북구","길음동","중국집","5"
"20180107","일","여","60대이상","서울특별시","성북구","동선동2가","중국집","14"
"20180107","일","여","60대이상","서울특별시","성북구","성북동","중국집","5"
"20180107","일","여","60대이상","서울특별시","성북구","장위동","중국집","5"
"20180107","일","여","60대이상","서울특별시","성북구","정릉동","중국집","5"
"20180107","일","남","20대","서울특별시","송파구","가락동","중국집","6"
"20180107","일","남","20대","서울특별시","송파구","풍납동","중국집","5"
"20180107","일","남","30대","서울특별시","송파구","가락동","중국집","11"
"20180107","일","남","10대","서울특별시","송파구","가락동","중국집","5"
"20180107","일","남","30대","서울특별시","송파구","마천동","중국집","5"
"20180107","일","남","30대","서울특별시","송파구","송파동","중국집","96"
"20180107","일","남","30대","서울특별시","송파구","잠실동","중국집","5"
"20180107","일","남","30대","서울특별시","송파구","풍납동","중국집","5"
"20180107","일","남","40대","서울특별시","송파구","마천동","중국집","5"
"20180107","일","남","40대","서울특별시","송파구","방이동","중국집","5"
"20180107","일","남","40대","서울특별시","송파구","풍납동","중국집","5"
"20180107","일","남","50대","서울특별시","송파구","가락동","중국집","6"
"20180107","일","남","40대","서울특별시","송파구","송파동","중국집","85"
"20180107","일","남","50대","서울특별시","송파구","방이동","중국집","5"
"20180107","일","남","50대","서울특별시","송파구","송파동","중국집","50"
"20180107","일","남","50대","서울특별시","송파구","풍납동","중국집","5"
"20180107","일","남","60대이상","서울특별시","송파구","가락동","중국집","5"
"20180107","일","남","40대","서울특별시","송파구","가락동","중국집","18"
"20180107","일","남","60대이상","서울특별시","송파구","송파동","중국집","20"
"20180107","일","여","10대","서울특별시","송파구","송파동","중국집","6"
"20180107","일","여","20대","서울특별시","송파구","가락동","중국집","5"
"20180107","일","남","20대","서울특별시","송파구","송파동","중국집","38"
"20180107","일","여","20대","서울특별시","송파구","송파동","중국집","33"
"20180107","일","여","20대","서울특별시","송파구","풍납동","중국집","5"
"20180107","일","여","30대","서울특별시","송파구","가락동","중국집","10"
"20180107","일","여","30대","서울특별시","송파구","송파동","중국집","62"
"20180107","일","남","60대이상","서울특별시","송파구","잠실동","중국집","5"
"20180107","일","여","30대","서울특별시","송파구","풍납동","중국집","5"
"20180107","일","여","40대","서울특별시","송파구","가락동","중국집","18"
"20180107","일","여","40대","서울특별시","송파구","송파동","중국집","112"
"20180107","일","여","50대","서울특별시","송파구","가락동","중국집","5"
"20180107","일","남","10대","서울특별시","송파구","송파동","중국집","9"
"20180107","일","여","50대","서울특별시","송파구","풍납동","중국집","5"
"20180107","일","여","60대이상","서울특별시","송파구","가락동","중국집","5"
"20180107","일","남","10대","서울특별시","송파구","마천동","중국집","5"
"20180107","일","여","60대이상","서울특별시","송파구","송파동","중국집","22"
"20180107","일","여","60대이상","서울특별시","송파구","잠실동","중국집","5"
"20180107","일","여","60대이상","서울특별시","송파구","풍납동","중국집","5"
"20180107","일","여","50대","서울특별시","송파구","송파동","중국집","59"
"20180107","일","남","10대","서울특별시","양천구","신정동","중국집","5"
"20180107","일","남","20대","서울특별시","양천구","목동","중국집","5"
"20180107","일","남","20대","서울특별시","양천구","신월동","중국집","5"
"20180107","일","남","20대","서울특별시","양천구","신정동","중국집","5"
"20180107","일","남","30대","서울특별시","양천구","목동","중국집","5"
"20180107","일","남","30대","서울특별시","양천구","신월동","중국집","5"
"20180107","일","남","30대","서울특별시","양천구","신정동","중국집","20"
"20180107","일","남","40대","서울특별시","양천구","신월동","중국집","8"
"20180107","일","남","40대","서울특별시","양천구","신정동","중국집","11"
"20180107","일","남","50대","서울특별시","양천구","신월동","중국집","5"
"20180107","일","남","50대","서울특별시","양천구","신정동","중국집","11"
"20180107","일","남","60대이상","서울특별시","양천구","신월동","중국집","5"
"20180107","일","여","20대","서울특별시","양천구","목동","중국집","5"
"20180107","일","여","20대","서울특별시","양천구","신정동","중국집","6"
"20180107","일","여","30대","서울특별시","양천구","신월동","중국집","5"
"20180107","일","여","10대","서울특별시","양천구","신월동","중국집","5"
"20180107","일","여","30대","서울특별시","양천구","신정동","중국집","11"
"20180107","일","남","50대","서울특별시","양천구","목동","중국집","5"
"20180107","일","여","40대","서울특별시","양천구","신월동","중국집","5"
"20180107","일","여","40대","서울특별시","양천구","신정동","중국집","28"
"20180107","일","여","50대","서울특별시","양천구","목동","중국집","5"
"20180107","일","여","40대","서울특별시","양천구","목동","중국집","5"
"20180107","일","여","10대","서울특별시","양천구","신정동","중국집","5"
"20180107","일","여","50대","서울특별시","양천구","신월동","중국집","5"
"20180107","일","여","20대","서울특별시","양천구","신월동","중국집","5"
"20180107","일","여","50대","서울특별시","양천구","신정동","중국집","11"
"20180107","일","여","60대이상","서울특별시","양천구","신월동","중국집","5"
"20180107","일","여","60대이상","서울특별시","양천구","신정동","중국집","9"
"20180107","일","남","60대이상","서울특별시","양천구","신정동","중국집","6"
"20180107","일","남","10대","서울특별시","영등포구","문래동2가","중국집","6"
"20180107","일","남","10대","서울특별시","영등포구","문래동3가","중국집","5"
"20180107","일","남","20대","서울특별시","영등포구","대림동","중국집","5"
"20180107","일","남","20대","서울특별시","영등포구","문래동3가","중국집","17"
"20180107","일","남","20대","서울특별시","영등포구","영등포동1가","중국집","5"
"20180107","일","남","20대","서울특별시","영등포구","문래동2가","중국집","9"
"20180107","일","남","20대","서울특별시","영등포구","영등포동7가","중국집","5"
"20180107","일","남","30대","서울특별시","영등포구","대림동","중국집","5"
"20180107","일","남","30대","서울특별시","영등포구","문래동2가","중국집","26"
"20180107","일","남","30대","서울특별시","영등포구","문래동3가","중국집","35"
"20180107","일","남","40대","서울특별시","영등포구","당산동6가","중국집","5"
"20180107","일","남","40대","서울특별시","영등포구","대림동","중국집","5"
"20180107","일","남","40대","서울특별시","영등포구","문래동3가","중국집","29"
"20180107","일","남","40대","서울특별시","영등포구","여의도동","중국집","20"
"20180107","일","남","50대","서울특별시","영등포구","문래동3가","중국집","12"
"20180107","일","남","50대","서울특별시","영등포구","신길동","중국집","5"
"20180107","일","남","40대","서울특별시","영등포구","문래동2가","중국집","21"
"20180107","일","남","50대","서울특별시","영등포구","영등포동1가","중국집","5"
"20180107","일","남","60대이상","서울특별시","영등포구","대림동","중국집","5"
"20180107","일","남","40대","서울특별시","영등포구","영등포동8가","중국집","5"
"20180107","일","여","20대","서울특별시","영등포구","대림동","중국집","5"
"20180107","일","여","20대","서울특별시","영등포구","문래동2가","중국집","5"
"20180107","일","남","50대","서울특별시","영등포구","문래동2가","중국집","20"
"20180107","일","여","20대","서울특별시","영등포구","문래동3가","중국집","6"
"20180107","일","남","10대","서울특별시","영등포구","여의도동","중국집","6"
"20180107","일","여","20대","서울특별시","영등포구","여의도동","중국집","5"
"20180107","일","여","10대","서울특별시","영등포구","문래동2가","중국집","5"
"20180107","일","여","20대","서울특별시","영등포구","영등포동1가","중국집","5"
"20180107","일","남","30대","서울특별시","영등포구","영등포동1가","중국집","7"
"20180107","일","여","30대","서울특별시","영등포구","대림동","중국집","5"
"20180107","일","남","30대","서울특별시","영등포구","여의도동","중국집","22"
"20180107","일","여","30대","서울특별시","영등포구","문래동2가","중국집","25"
"20180107","일","남","50대","서울특별시","영등포구","여의도동","중국집","17"
"20180107","일","여","10대","서울특별시","영등포구","신길동","중국집","5"
"20180107","일","여","30대","서울특별시","영등포구","신길동","중국집","5"
"20180107","일","여","40대","서울특별시","영등포구","문래동2가","중국집","24"
"20180107","일","남","60대이상","서울특별시","영등포구","문래동2가","중국집","6"
"20180107","일","여","40대","서울특별시","영등포구","문래동3가","중국집","25"
"20180107","일","남","20대","서울특별시","영등포구","여의도동","중국집","5"
"20180107","일","여","40대","서울특별시","영등포구","대림동","중국집","5"
"20180107","일","남","60대이상","서울특별시","영등포구","문래동3가","중국집","17"
"20180107","일","여","40대","서울특별시","영등포구","신길동","중국집","5"
"20180107","일","여","40대","서울특별시","영등포구","여의도동","중국집","9"
"20180107","일","남","10대","서울특별시","영등포구","신길동","중국집","5"
"20180107","일","여","40대","서울특별시","영등포구","영등포동1가","중국집","5"
"20180107","일","여","40대","서울특별시","영등포구","영등포동8가","중국집","5"
"20180107","일","남","30대","서울특별시","영등포구","신길동","중국집","5"
"20180107","일","여","50대","서울특별시","영등포구","문래동2가","중국집","11"
"20180107","일","여","50대","서울특별시","영등포구","문래동3가","중국집","9"
"20180107","일","여","50대","서울특별시","영등포구","신길동","중국집","5"
"20180107","일","여","30대","서울특별시","영등포구","문래동3가","중국집","18"
"20180107","일","남","60대이상","서울특별시","영등포구","신길동","중국집","5"
"20180107","일","여","50대","서울특별시","영등포구","여의도동","중국집","6"
"20180107","일","남","40대","서울특별시","영등포구","영등포동1가","중국집","5"
"20180107","일","남","60대이상","서울특별시","영등포구","여의도동","중국집","5"
"20180107","일","여","50대","서울특별시","영등포구","영등포동1가","중국집","5"
"20180107","일","남","20대","서울특별시","영등포구","신길동","중국집","5"
"20180107","일","여","60대이상","서울특별시","영등포구","문래동2가","중국집","8"
"20180107","일","남","40대","서울특별시","영등포구","신길동","중국집","5"
"20180107","일","여","60대이상","서울특별시","영등포구","문래동3가","중국집","8"
"20180107","일","여","60대이상","서울특별시","영등포구","신길동","중국집","5"
"20180107","일","여","10대","서울특별시","영등포구","대림동","중국집","5"
"20180107","일","여","30대","서울특별시","영등포구","여의도동","중국집","11"
"20180107","일","여","60대이상","서울특별시","영등포구","여의도동","중국집","5"
"20180107","일","여","60대이상","서울특별시","영등포구","영등포동1가","중국집","5"
"20180107","일","남","10대","서울특별시","용산구","한강로3가","중국집","5"
"20180107","일","남","10대","서울특별시","용산구","후암동","중국집","5"
"20180107","일","남","20대","서울특별시","용산구","동자동","중국집","5"
"20180107","일","남","20대","서울특별시","용산구","도원동","중국집","5"
"20180107","일","남","20대","서울특별시","용산구","신계동","중국집","5"
"20180107","일","남","20대","서울특별시","용산구","원효로4가","중국집","5"
"20180107","일","남","20대","서울특별시","용산구","이태원동","중국집","6"
"20180107","일","남","20대","서울특별시","용산구","한강로3가","중국집","17"
"20180107","일","남","20대","서울특별시","용산구","후암동","중국집","12"
"20180107","일","남","30대","서울특별시","용산구","동자동","중국집","5"
"20180107","일","남","30대","서울특별시","용산구","원효로4가","중국집","5"
"20180107","일","남","30대","서울특별시","용산구","한남동","중국집","5"
"20180107","일","남","30대","서울특별시","용산구","후암동","중국집","27"
"20180107","일","남","40대","서울특별시","용산구","동자동","중국집","5"
"20180107","일","남","40대","서울특별시","용산구","한강로3가","중국집","54"
"20180107","일","남","40대","서울특별시","용산구","한남동","중국집","5"
"20180107","일","남","50대","서울특별시","용산구","한남동","중국집","5"
"20180107","일","남","60대이상","서울특별시","용산구","동자동","중국집","5"
"20180107","일","남","60대이상","서울특별시","용산구","보광동","중국집","5"
"20180107","일","남","60대이상","서울특별시","용산구","신계동","중국집","5"
"20180107","일","남","60대이상","서울특별시","용산구","한강로3가","중국집","6"
"20180107","일","남","60대이상","서울특별시","용산구","한남동","중국집","5"
"20180107","일","여","10대","서울특별시","용산구","한강로3가","중국집","5"
"20180107","일","여","20대","서울특별시","용산구","도원동","중국집","5"
"20180107","일","여","20대","서울특별시","용산구","보광동","중국집","5"
"20180107","일","여","20대","서울특별시","용산구","신계동","중국집","5"
"20180107","일","남","40대","서울특별시","용산구","후암동","중국집","36"
"20180107","일","여","20대","서울특별시","용산구","원효로4가","중국집","5"
"20180107","일","여","20대","서울특별시","용산구","이촌동","중국집","5"
"20180107","일","여","10대","서울특별시","용산구","후암동","중국집","5"
"20180107","일","여","20대","서울특별시","용산구","후암동","중국집","7"
"20180107","일","남","40대","서울특별시","용산구","도원동","중국집","5"
"20180107","일","여","30대","서울특별시","용산구","보광동","중국집","5"
"20180107","일","남","20대","서울특별시","용산구","보광동","중국집","9"
"20180107","일","여","30대","서울특별시","용산구","원효로4가","중국집","6"
"20180107","일","여","30대","서울특별시","용산구","이촌동","중국집","6"
"20180107","일","남","50대","서울특별시","용산구","한강로3가","중국집","20"
"20180107","일","여","30대","서울특별시","용산구","이태원동","중국집","5"
"20180107","일","남","40대","서울특별시","용산구","신계동","중국집","5"
"20180107","일","여","30대","서울특별시","용산구","후암동","중국집","19"
"20180107","일","남","60대이상","서울특별시","용산구","후암동","중국집","21"
"20180107","일","여","30대","서울특별시","용산구","한남동","중국집","5"
"20180107","일","여","40대","서울특별시","용산구","동자동","중국집","5"
"20180107","일","여","40대","서울특별시","용산구","보광동","중국집","5"
"20180107","일","여","20대","서울특별시","용산구","이태원동","중국집","5"
"20180107","일","여","40대","서울특별시","용산구","원효로4가","중국집","5"
"20180107","일","여","40대","서울특별시","용산구","이촌동","중국집","7"
"20180107","일","남","30대","서울특별시","용산구","이태원동","중국집","5"
"20180107","일","여","40대","서울특별시","용산구","이태원동","중국집","5"
"20180107","일","여","40대","서울특별시","용산구","한강로3가","중국집","33"
"20180107","일","남","50대","서울특별시","용산구","갈월동","중국집","5"
"20180107","일","남","50대","서울특별시","용산구","후암동","중국집","17"
"20180107","일","여","50대","서울특별시","용산구","동자동","중국집","5"
"20180107","일","남","40대","서울특별시","용산구","이촌동","중국집","5"
"20180107","일","여","50대","서울특별시","용산구","보광동","중국집","5"
"20180107","일","남","30대","서울특별시","용산구","이촌동","중국집","5"
"20180107","일","여","50대","서울특별시","용산구","신계동","중국집","5"
"20180107","일","남","30대","서울특별시","용산구","보광동","중국집","5"
"20180107","일","여","50대","서울특별시","용산구","이촌동","중국집","5"
"20180107","일","여","20대","서울특별시","용산구","한강로3가","중국집","7"
"20180107","일","여","50대","서울특별시","용산구","이태원동","중국집","5"
"20180107","일","여","50대","서울특별시","용산구","한강로1가","중국집","5"
"20180107","일","남","20대","서울특별시","용산구","이촌동","중국집","5"
"20180107","일","여","40대","서울특별시","용산구","한남동","중국집","5"
"20180107","일","여","50대","서울특별시","용산구","한강로3가","중국집","20"
"20180107","일","남","50대","서울특별시","용산구","동자동","중국집","5"
"20180107","일","남","60대이상","서울특별시","용산구","이태원동","중국집","5"
"20180107","일","여","50대","서울특별시","용산구","한남동","중국집","5"
"20180107","일","여","50대","서울특별시","용산구","후암동","중국집","16"
"20180107","일","여","60대이상","서울특별시","용산구","도원동","중국집","5"
"20180107","일","여","40대","서울특별시","용산구","갈월동","중국집","5"
"20180107","일","남","30대","서울특별시","용산구","신계동","중국집","5"
"20180107","일","남","40대","서울특별시","용산구","원효로4가","중국집","5"
"20180107","일","여","60대이상","서울특별시","용산구","동자동","중국집","5"
"20180107","일","여","60대이상","서울특별시","용산구","보광동","중국집","5"
"20180107","일","여","60대이상","서울특별시","용산구","신계동","중국집","5"
"20180107","일","남","40대","서울특별시","용산구","보광동","중국집","9"
"20180107","일","여","50대","서울특별시","용산구","원효로4가","중국집","5"
"20180107","일","여","60대이상","서울특별시","용산구","이촌동","중국집","5"
"20180107","일","여","60대이상","서울특별시","용산구","이태원동","중국집","5"
"20180107","일","여","40대","서울특별시","용산구","후암동","중국집","27"
"20180107","일","여","30대","서울특별시","용산구","한강로3가","중국집","20"
"20180107","일","여","60대이상","서울특별시","용산구","한강로3가","중국집","16"
"20180107","일","남","20대","서울특별시","용산구","한남동","중국집","5"
"20180107","일","여","60대이상","서울특별시","용산구","후암동","중국집","6"
"20180107","일","남","50대","서울특별시","용산구","이촌동","중국집","5"
"20180107","일","남","30대","서울특별시","용산구","한강로3가","중국집","27"
"20180107","일","남","40대","서울특별시","용산구","이태원동","중국집","5"
"20180107","일","남","20대","서울특별시","은평구","증산동","중국집","5"
"20180107","일","남","30대","서울특별시","은평구","불광동","중국집","72"
"20180107","일","남","30대","서울특별시","은평구","증산동","중국집","7"
"20180107","일","남","40대","서울특별시","은평구","구산동","중국집","5"
"20180107","일","남","20대","서울특별시","은평구","진관동","중국집","5"
"20180107","일","남","40대","서울특별시","은평구","불광동","중국집","61"
"20180107","일","남","40대","서울특별시","은평구","증산동","중국집","6"
"20180107","일","남","50대","서울특별시","은평구","구산동","중국집","5"
"20180107","일","남","50대","서울특별시","은평구","증산동","중국집","5"
"20180107","일","남","60대이상","서울특별시","은평구","구산동","중국집","5"
"20180107","일","남","60대이상","서울특별시","은평구","불광동","중국집","18"
"20180107","일","남","60대이상","서울특별시","은평구","증산동","중국집","5"
"20180107","일","남","20대","서울특별시","은평구","구산동","중국집","5"
"20180107","일","여","10대","서울특별시","은평구","구산동","중국집","5"
"20180107","일","여","10대","서울특별시","은평구","증산동","중국집","5"
"20180107","일","여","20대","서울특별시","은평구","구산동","중국집","5"
"20180107","일","여","20대","서울특별시","은평구","수색동","중국집","5"
"20180107","일","여","20대","서울특별시","은평구","증산동","중국집","5"
"20180107","일","남","10대","서울특별시","은평구","증산동","중국집","5"
"20180107","일","남","30대","서울특별시","은평구","구산동","중국집","5"
"20180107","일","여","30대","서울특별시","은평구","구산동","중국집","5"
"20180107","일","여","30대","서울특별시","은평구","불광동","중국집","44"
"20180107","일","여","30대","서울특별시","은평구","수색동","중국집","5"
"20180107","일","여","30대","서울특별시","은평구","증산동","중국집","5"
"20180107","일","여","10대","서울특별시","은평구","불광동","중국집","5"
"20180107","일","여","40대","서울특별시","은평구","불광동","중국집","55"
"20180107","일","남","10대","서울특별시","은평구","불광동","중국집","5"
"20180107","일","여","40대","서울특별시","은평구","증산동","중국집","5"
"20180107","일","여","50대","서울특별시","은평구","불광동","중국집","31"
"20180107","일","여","50대","서울특별시","은평구","증산동","중국집","5"
"20180107","일","여","60대이상","서울특별시","은평구","구산동","중국집","5"
"20180107","일","여","60대이상","서울특별시","은평구","불광동","중국집","14"
"20180107","일","남","20대","서울특별시","은평구","불광동","중국집","21"
"20180107","일","여","60대이상","서울특별시","은평구","증산동","중국집","5"
"20180107","일","남","50대","서울특별시","은평구","불광동","중국집","40"
"20180107","일","여","20대","서울특별시","은평구","불광동","중국집","15"
"20180107","일","남","20대","서울특별시","종로구","평창동","중국집","5"
"20180107","일","남","30대","서울특별시","종로구","경운동","중국집","5"
"20180107","일","남","30대","서울특별시","종로구","명륜1가","중국집","5"
"20180107","일","남","30대","서울특별시","종로구","신문로2가","중국집","5"
"20180107","일","남","30대","서울특별시","종로구","종로6가","중국집","5"
"20180107","일","남","20대","서울특별시","종로구","종로6가","중국집","5"
"20180107","일","남","30대","서울특별시","종로구","평창동","중국집","5"
"20180107","일","남","40대","서울특별시","종로구","경운동","중국집","5"
"20180107","일","남","20대","서울특별시","종로구","창성동","중국집","5"
"20180107","일","남","40대","서울특별시","종로구","낙원동","중국집","5"
"20180107","일","남","40대","서울특별시","종로구","동숭동","중국집","5"
"20180107","일","남","30대","서울특별시","종로구","서린동","중국집","5"
"20180107","일","남","40대","서울특별시","종로구","서린동","중국집","5"
"20180107","일","남","40대","서울특별시","종로구","숭인동","중국집","5"
"20180107","일","남","20대","서울특별시","종로구","낙원동","중국집","5"
"20180107","일","남","40대","서울특별시","종로구","창성동","중국집","5"
"20180107","일","남","60대이상","서울특별시","종로구","관수동","중국집","5"
"20180107","일","남","60대이상","서울특별시","종로구","동숭동","중국집","5"
"20180107","일","남","60대이상","서울특별시","종로구","숭인동","중국집","5"
"20180107","일","남","30대","서울특별시","종로구","낙원동","중국집","5"
"20180107","일","여","20대","서울특별시","종로구","관수동","중국집","5"
"20180107","일","남","30대","서울특별시","종로구","창성동","중국집","5"
"20180107","일","여","20대","서울특별시","종로구","원서동","중국집","5"
"20180107","일","여","20대","서울특별시","종로구","종로6가","중국집","5"
"20180107","일","남","10대","서울특별시","종로구","교남동","중국집","5"
"20180107","일","여","20대","서울특별시","종로구","창신동","중국집","5"
"20180107","일","남","10대","서울특별시","종로구","동숭동","중국집","5"
"20180107","일","여","20대","서울특별시","종로구","평창동","중국집","5"
"20180107","일","여","30대","서울특별시","종로구","경운동","중국집","5"
"20180107","일","남","30대","서울특별시","종로구","동숭동","중국집","5"
"20180107","일","남","20대","서울특별시","종로구","명륜1가","중국집","5"
"20180107","일","여","30대","서울특별시","종로구","교남동","중국집","5"
"20180107","일","여","30대","서울특별시","종로구","동숭동","중국집","5"
"20180107","일","여","30대","서울특별시","종로구","옥인동","중국집","5"
"20180107","일","남","50대","서울특별시","종로구","신문로2가","중국집","5"
"20180107","일","여","30대","서울특별시","종로구","원서동","중국집","5"
"20180107","일","여","30대","서울특별시","종로구","평창동","중국집","5"
"20180107","일","여","20대","서울특별시","종로구","경운동","중국집","5"
"20180107","일","여","40대","서울특별시","종로구","관수동","중국집","5"
"20180107","일","남","30대","서울특별시","종로구","교남동","중국집","5"
"20180107","일","여","40대","서울특별시","종로구","교남동","중국집","5"
"20180107","일","남","20대","서울특별시","종로구","동숭동","중국집","5"
"20180107","일","남","40대","서울특별시","종로구","명륜1가","중국집","5"
"20180107","일","여","40대","서울특별시","종로구","낙원동","중국집","5"
"20180107","일","여","40대","서울특별시","종로구","동숭동","중국집","5"
"20180107","일","여","40대","서울특별시","종로구","신문로2가","중국집","5"
"20180107","일","여","40대","서울특별시","종로구","창성동","중국집","5"
"20180107","일","남","50대","서울특별시","종로구","낙원동","중국집","5"
"20180107","일","여","40대","서울특별시","종로구","창신동","중국집","5"
"20180107","일","여","40대","서울특별시","종로구","평창동","중국집","5"
"20180107","일","남","40대","서울특별시","종로구","신문로2가","중국집","5"
"20180107","일","남","40대","서울특별시","종로구","종로6가","중국집","5"
"20180107","일","여","40대","서울특별시","종로구","숭인동","중국집","5"
"20180107","일","여","50대","서울특별시","종로구","교남동","중국집","5"
"20180107","일","남","60대이상","서울특별시","종로구","명륜1가","중국집","5"
"20180107","일","여","50대","서울특별시","종로구","원서동","중국집","5"
"20180107","일","여","60대이상","서울특별시","종로구","교남동","중국집","5"
"20180107","일","여","10대","서울특별시","종로구","숭인동","중국집","5"
"20180107","일","여","60대이상","서울특별시","종로구","낙원동","중국집","5"
"20180107","일","여","30대","서울특별시","종로구","숭인동","중국집","5"
"20180107","일","여","60대이상","서울특별시","종로구","원서동","중국집","5"
"20180107","일","남","20대","서울특별시","종로구","교남동","중국집","5"
"20180107","일","여","60대이상","서울특별시","종로구","종로6가","중국집","5"
"20180107","일","여","60대이상","서울특별시","종로구","명륜3가","중국집","5"
"20180107","일","남","10대","서울특별시","중구","신당동","중국집","5"
"20180107","일","남","20대","서울특별시","중구","수하동","중국집","22"
"20180107","일","남","30대","서울특별시","중구","수하동","중국집","42"
"20180107","일","남","20대","서울특별시","중구","정동","중국집","5"
"20180107","일","남","30대","서울특별시","중구","을지로6가","중국집","5"
"20180107","일","남","30대","서울특별시","중구","필동2가","중국집","5"
"20180107","일","남","30대","서울특별시","중구","회현동1가","중국집","5"
"20180107","일","남","20대","서울특별시","중구","신당동","중국집","44"
"20180107","일","남","40대","서울특별시","중구","주교동","중국집","5"
"20180107","일","남","40대","서울특별시","중구","회현동1가","중국집","5"
"20180107","일","남","40대","서울특별시","중구","흥인동","중국집","5"
"20180107","일","남","50대","서울특별시","중구","수하동","중국집","26"
"20180107","일","남","50대","서울특별시","중구","신당동","중국집","55"
"20180107","일","남","40대","서울특별시","중구","을지로6가","중국집","5"
"20180107","일","남","30대","서울특별시","중구","신당동","중국집","93"
"20180107","일","남","50대","서울특별시","중구","을지로3가","중국집","5"
"20180107","일","남","50대","서울특별시","중구","을지로6가","중국집","5"
"20180107","일","남","50대","서울특별시","중구","회현동1가","중국집","5"
"20180107","일","남","60대이상","서울특별시","중구","수하동","중국집","10"
"20180107","일","남","60대이상","서울특별시","중구","신당동","중국집","39"
"20180107","일","남","60대이상","서울특별시","중구","충무로1가","중국집","5"
"20180107","일","여","10대","서울특별시","중구","수하동","중국집","5"
"20180107","일","여","10대","서울특별시","중구","신당동","중국집","5"
"20180107","일","여","20대","서울특별시","중구","명동1가","중국집","5"
"20180107","일","여","20대","서울특별시","중구","수하동","중국집","7"
"20180107","일","여","20대","서울특별시","중구","신당동","중국집","25"
"20180107","일","여","30대","서울특별시","중구","수하동","중국집","15"
"20180107","일","여","30대","서울특별시","중구","신당동","중국집","61"
"20180107","일","여","30대","서울특별시","중구","을지로3가","중국집","5"
"20180107","일","남","10대","서울특별시","중구","수하동","중국집","5"
"20180107","일","여","30대","서울특별시","중구","을지로6가","중국집","5"
"20180107","일","남","40대","서울특별시","중구","수하동","중국집","25"
"20180107","일","남","40대","서울특별시","중구","신당동","중국집","75"
"20180107","일","여","40대","서울특별시","중구","명동1가","중국집","5"
"20180107","일","남","50대","서울특별시","중구","주교동","중국집","5"
"20180107","일","여","40대","서울특별시","중구","수하동","중국집","11"
"20180107","일","남","60대이상","서울특별시","중구","을지로6가","중국집","5"
"20180107","일","여","40대","서울특별시","중구","신당동","중국집","78"
"20180107","일","여","50대","서울특별시","중구","수하동","중국집","9"
"20180107","일","여","50대","서울특별시","중구","신당동","중국집","35"
"20180107","일","여","50대","서울특별시","중구","장충동2가","중국집","5"
"20180107","일","여","50대","서울특별시","중구","회현동1가","중국집","5"
"20180107","일","남","60대이상","서울특별시","중구","필동2가","중국집","5"
"20180107","일","여","60대이상","서울특별시","중구","서소문동","중국집","5"
"20180107","일","남","60대이상","서울특별시","중구","주교동","중국집","5"
"20180107","일","여","60대이상","서울특별시","중구","수하동","중국집","16"
"20180107","일","남","20대","서울특별시","중구","을지로6가","중국집","5"
"20180107","일","여","60대이상","서울특별시","중구","신당동","중국집","32"
"20180107","일","여","60대이상","서울특별시","중구","을지로6가","중국집","5"
"20180107","일","남","20대","서울특별시","중랑구","상봉동","중국집","5"
"20180107","일","남","30대","서울특별시","중랑구","면목동","중국집","68"
"20180107","일","남","30대","서울특별시","중랑구","신내동","중국집","5"
"20180107","일","남","40대","서울특별시","중랑구","묵동","중국집","5"
"20180107","일","남","50대","서울특별시","중랑구","묵동","중국집","5"
"20180107","일","남","20대","서울특별시","중랑구","망우동","중국집","5"
"20180107","일","남","30대","서울특별시","중랑구","묵동","중국집","5"
"20180107","일","남","50대","서울특별시","중랑구","상봉동","중국집","5"
"20180107","일","남","50대","서울특별시","중랑구","신내동","중국집","5"
"20180107","일","남","20대","서울특별시","중랑구","면목동","중국집","31"
"20180107","일","남","60대이상","서울특별시","중랑구","면목동","중국집","27"
"20180107","일","여","10대","서울특별시","중랑구","묵동","중국집","5"
"20180107","일","여","20대","서울특별시","중랑구","망우동","중국집","5"
"20180107","일","여","20대","서울특별시","중랑구","면목동","중국집","24"
"20180107","일","남","10대","서울특별시","중랑구","면목동","중국집","6"
"20180107","일","여","20대","서울특별시","중랑구","신내동","중국집","5"
"20180107","일","여","30대","서울특별시","중랑구","면목동","중국집","47"
"20180107","일","남","50대","서울특별시","중랑구","면목동","중국집","54"
"20180107","일","여","20대","서울특별시","중랑구","상봉동","중국집","5"
"20180107","일","여","30대","서울특별시","중랑구","상봉동","중국집","5"
"20180107","일","여","30대","서울특별시","중랑구","신내동","중국집","8"
"20180107","일","여","40대","서울특별시","중랑구","망우동","중국집","5"
"20180107","일","여","10대","서울특별시","중랑구","면목동","중국집","5"
"20180107","일","남","40대","서울특별시","중랑구","신내동","중국집","5"
"20180107","일","남","30대","서울특별시","중랑구","상봉동","중국집","5"
"20180107","일","여","40대","서울특별시","중랑구","면목동","중국집","53"
"20180107","일","여","40대","서울특별시","중랑구","상봉동","중국집","5"
"20180107","일","여","40대","서울특별시","중랑구","신내동","중국집","5"
"20180107","일","여","50대","서울특별시","중랑구","망우동","중국집","7"
"20180107","일","여","50대","서울특별시","중랑구","면목동","중국집","43"
"20180107","일","남","50대","서울특별시","중랑구","망우동","중국집","5"
"20180107","일","여","20대","서울특별시","중랑구","묵동","중국집","5"
"20180107","일","남","40대","서울특별시","중랑구","망우동","중국집","5"
"20180107","일","여","50대","서울특별시","중랑구","묵동","중국집","5"
"20180107","일","남","40대","서울특별시","중랑구","면목동","중국집","76"
"20180107","일","여","30대","서울특별시","중랑구","망우동","중국집","5"
"20180107","일","여","50대","서울특별시","중랑구","상봉동","중국집","5"
"20180107","일","남","60대이상","서울특별시","중랑구","신내동","중국집","5"
"20180107","일","여","50대","서울특별시","중랑구","신내동","중국집","5"
"20180107","일","여","50대","서울특별시","중랑구","중화동","중국집","5"
"20180107","일","여","60대이상","서울특별시","중랑구","망우동","중국집","5"
"20180107","일","남","60대이상","서울특별시","중랑구","망우동","중국집","5"
"20180107","일","남","20대","서울특별시","중랑구","신내동","중국집","5"
"20180107","일","여","60대이상","서울특별시","중랑구","면목동","중국집","12"
"20180107","일","여","60대이상","서울특별시","중랑구","묵동","중국집","5"
"20180107","일","여","30대","서울특별시","중랑구","묵동","중국집","5"
"20180107","일","여","60대이상","서울특별시","중랑구","신내동","중국집","5"
"20180108","월","남","10대","서울특별시","강남구","삼성동","중국집","6"
"20180108","월","남","10대","서울특별시","강남구","역삼동","중국집","6"
"20180108","월","남","20대","서울특별시","강남구","논현동","중국집","24"
"20180108","월","남","30대","서울특별시","강남구","개포동","중국집","5"
"20180108","월","남","30대","서울특별시","강남구","도곡동","중국집","5"
"20180108","월","남","30대","서울특별시","강남구","삼성동","중국집","76"
"20180108","월","남","30대","서울특별시","강남구","수서동","중국집","5"
"20180108","월","남","40대","서울특별시","강남구","대치동","중국집","5"
"20180108","월","남","40대","서울특별시","강남구","세곡동","중국집","12"
"20180108","월","남","40대","서울특별시","강남구","수서동","중국집","5"
"20180108","월","남","20대","서울특별시","강남구","삼성동","중국집","36"
"20180108","월","남","40대","서울특별시","강남구","역삼동","중국집","54"
"20180108","월","남","10대","서울특별시","강남구","도곡동","중국집","5"
"20180108","월","남","40대","서울특별시","강남구","일원동","중국집","5"
"20180108","월","남","50대","서울특별시","강남구","개포동","중국집","5"
"20180108","월","남","50대","서울특별시","강남구","논현동","중국집","28"
"20180108","월","남","50대","서울특별시","강남구","도곡동","중국집","5"
"20180108","월","남","50대","서울특별시","강남구","세곡동","중국집","5"
"20180108","월","남","50대","서울특별시","강남구","압구정동","중국집","5"
"20180108","월","남","50대","서울특별시","강남구","역삼동","중국집","38"
"20180108","월","남","20대","서울특별시","강남구","수서동","중국집","5"
"20180108","월","남","20대","서울특별시","강남구","역삼동","중국집","34"
"20180108","월","남","50대","서울특별시","강남구","일원동","중국집","5"
"20180108","월","남","40대","서울특별시","강남구","압구정동","중국집","5"
"20180108","월","남","60대이상","서울특별시","강남구","삼성동","중국집","27"
"20180108","월","남","60대이상","서울특별시","강남구","세곡동","중국집","5"
"20180108","월","남","60대이상","서울특별시","강남구","역삼동","중국집","25"
"20180108","월","여","10대","서울특별시","강남구","논현동","중국집","5"
"20180108","월","남","60대이상","서울특별시","강남구","논현동","중국집","14"
"20180108","월","여","10대","서울특별시","강남구","삼성동","중국집","5"
"20180108","월","여","10대","서울특별시","강남구","세곡동","중국집","5"
"20180108","월","여","10대","서울특별시","강남구","압구정동","중국집","5"
"20180108","월","남","20대","서울특별시","강남구","개포동","중국집","5"
"20180108","월","여","10대","서울특별시","강남구","역삼동","중국집","5"
"20180108","월","남","30대","서울특별시","강남구","세곡동","중국집","7"
"20180108","월","남","20대","서울특별시","강남구","세곡동","중국집","5"
"20180108","월","여","20대","서울특별시","강남구","논현동","중국집","16"
"20180108","월","여","20대","서울특별시","강남구","도곡동","중국집","5"
"20180108","월","여","20대","서울특별시","강남구","삼성동","중국집","28"
"20180108","월","남","30대","서울특별시","강남구","논현동","중국집","38"
"20180108","월","여","30대","서울특별시","강남구","논현동","중국집","35"
"20180108","월","여","30대","서울특별시","강남구","삼성동","중국집","40"
"20180108","월","남","60대이상","서울특별시","강남구","도곡동","중국집","5"
"20180108","월","여","30대","서울특별시","강남구","역삼동","중국집","36"
"20180108","월","여","30대","서울특별시","강남구","일원동","중국집","5"
"20180108","월","남","40대","서울특별시","강남구","도곡동","중국집","5"
"20180108","월","여","20대","서울특별시","강남구","압구정동","중국집","5"
"20180108","월","여","20대","서울특별시","강남구","역삼동","중국집","25"
"20180108","월","여","40대","서울특별시","강남구","논현동","중국집","31"
"20180108","월","여","40대","서울특별시","강남구","개포동","중국집","5"
"20180108","월","여","40대","서울특별시","강남구","도곡동","중국집","5"
"20180108","월","남","20대","서울특별시","강남구","신사동","중국집","5"
"20180108","월","남","40대","서울특별시","강남구","삼성동","중국집","64"
"20180108","월","여","40대","서울특별시","강남구","삼성동","중국집","63"
"20180108","월","여","40대","서울특별시","강남구","세곡동","중국집","8"
"20180108","월","남","60대이상","서울특별시","강남구","압구정동","중국집","5"
"20180108","월","남","20대","서울특별시","강남구","압구정동","중국집","5"
"20180108","월","여","40대","서울특별시","강남구","신사동","중국집","5"
"20180108","월","여","40대","서울특별시","강남구","압구정동","중국집","5"
"20180108","월","여","40대","서울특별시","강남구","역삼동","중국집","40"
"20180108","월","여","40대","서울특별시","강남구","일원동","중국집","5"
"20180108","월","여","50대","서울특별시","강남구","개포동","중국집","5"
"20180108","월","여","50대","서울특별시","강남구","대치동","중국집","5"
"20180108","월","남","40대","서울특별시","강남구","논현동","중국집","37"
"20180108","월","여","50대","서울특별시","강남구","도곡동","중국집","6"
"20180108","월","여","50대","서울특별시","강남구","삼성동","중국집","16"
"20180108","월","남","20대","서울특별시","강남구","도곡동","중국집","5"
"20180108","월","여","50대","서울특별시","강남구","수서동","중국집","5"
"20180108","월","남","30대","서울특별시","강남구","역삼동","중국집","59"
"20180108","월","여","30대","서울특별시","강남구","도곡동","중국집","5"
"20180108","월","남","60대이상","서울특별시","강남구","개포동","중국집","5"
"20180108","월","여","40대","서울특별시","강남구","대치동","중국집","5"
"20180108","월","남","50대","서울특별시","강남구","수서동","중국집","5"
"20180108","월","여","50대","서울특별시","강남구","역삼동","중국집","24"
"20180108","월","남","10대","서울특별시","강남구","대치동","중국집","5"
"20180108","월","여","30대","서울특별시","강남구","수서동","중국집","5"
"20180108","월","여","60대이상","서울특별시","강남구","논현동","중국집","12"
"20180108","월","남","20대","서울특별시","강남구","일원동","중국집","5"
"20180108","월","남","10대","서울특별시","강남구","수서동","중국집","5"
"20180108","월","남","50대","서울특별시","강남구","삼성동","중국집","34"
"20180108","월","여","60대이상","서울특별시","강남구","삼성동","중국집","27"
"20180108","월","여","30대","서울특별시","강남구","세곡동","중국집","7"
"20180108","월","여","60대이상","서울특별시","강남구","세곡동","중국집","7"
"20180108","월","여","60대이상","서울특별시","강남구","수서동","중국집","5"
"20180108","월","여","20대","서울특별시","강남구","세곡동","중국집","5"
"20180108","월","여","50대","서울특별시","강남구","논현동","중국집","17"
"20180108","월","여","50대","서울특별시","강남구","세곡동","중국집","5"
"20180108","월","여","60대이상","서울특별시","강남구","역삼동","중국집","18"
"20180108","월","남","20대","서울특별시","강동구","명일동","중국집","5"
"20180108","월","남","20대","서울특별시","강동구","성내동","중국집","8"
"20180108","월","남","20대","서울특별시","강동구","천호동","중국집","5"
"20180108","월","남","30대","서울특별시","강동구","암사동","중국집","5"
"20180108","월","남","30대","서울특별시","강동구","천호동","중국집","5"
"20180108","월","남","40대","서울특별시","강동구","성내동","중국집","6"
"20180108","월","남","40대","서울특별시","강동구","천호동","중국집","5"
"20180108","월","남","50대","서울특별시","강동구","길동","중국집","47"
"20180108","월","남","50대","서울특별시","강동구","성내동","중국집","5"
"20180108","월","남","20대","서울특별시","강동구","암사동","중국집","5"
"20180108","월","남","10대","서울특별시","강동구","성내동","중국집","5"
"20180108","월","남","20대","서울특별시","강동구","길동","중국집","24"
"20180108","월","남","60대이상","서울특별시","강동구","길동","중국집","25"
"20180108","월","남","30대","서울특별시","강동구","성내동","중국집","5"
"20180108","월","남","30대","서울특별시","강동구","길동","중국집","47"
"20180108","월","남","10대","서울특별시","강동구","암사동","중국집","5"
"20180108","월","남","60대이상","서울특별시","강동구","명일동","중국집","5"
"20180108","월","남","30대","서울특별시","강동구","상일동","중국집","5"
"20180108","월","남","60대이상","서울특별시","강동구","성내동","중국집","5"
"20180108","월","남","60대이상","서울특별시","강동구","암사동","중국집","5"
"20180108","월","여","10대","서울특별시","강동구","명일동","중국집","5"
"20180108","월","여","10대","서울특별시","강동구","천호동","중국집","5"
"20180108","월","여","20대","서울특별시","강동구","길동","중국집","19"
"20180108","월","여","10대","서울특별시","강동구","길동","중국집","5"
"20180108","월","여","20대","서울특별시","강동구","명일동","중국집","5"
"20180108","월","여","30대","서울특별시","강동구","길동","중국집","41"
"20180108","월","여","30대","서울특별시","강동구","명일동","중국집","5"
"20180108","월","여","30대","서울특별시","강동구","성내동","중국집","5"
"20180108","월","여","30대","서울특별시","강동구","암사동","중국집","5"
"20180108","월","남","30대","서울특별시","강동구","명일동","중국집","5"
"20180108","월","여","40대","서울특별시","강동구","길동","중국집","74"
"20180108","월","남","10대","서울특별시","강동구","길동","중국집","11"
"20180108","월","여","40대","서울특별시","강동구","성내동","중국집","5"
"20180108","월","여","40대","서울특별시","강동구","암사동","중국집","5"
"20180108","월","여","40대","서울특별시","강동구","천호동","중국집","5"
"20180108","월","여","50대","서울특별시","강동구","길동","중국집","38"
"20180108","월","여","50대","서울특별시","강동구","명일동","중국집","5"
"20180108","월","남","60대이상","서울특별시","강동구","천호동","중국집","5"
"20180108","월","여","50대","서울특별시","강동구","성내동","중국집","5"
"20180108","월","여","50대","서울특별시","강동구","천호동","중국집","5"
"20180108","월","여","40대","서울특별시","강동구","명일동","중국집","5"
"20180108","월","남","40대","서울특별시","강동구","길동","중국집","49"
"20180108","월","여","60대이상","서울특별시","강동구","길동","중국집","23"
"20180108","월","여","60대이상","서울특별시","강동구","명일동","중국집","5"
"20180108","월","여","60대이상","서울특별시","강동구","성내동","중국집","5"
"20180108","월","여","60대이상","서울특별시","강동구","천호동","중국집","5"
"20180108","월","남","10대","서울특별시","강동구","명일동","중국집","5"
"20180108","월","남","10대","서울특별시","강북구","번동","중국집","5"
"20180108","월","남","10대","서울특별시","강북구","미아동","중국집","9"
"20180108","월","남","20대","서울특별시","강북구","미아동","중국집","38"
"20180108","월","남","20대","서울특별시","강북구","번동","중국집","10"
"20180108","월","남","20대","서울특별시","강북구","우이동","중국집","5"
"20180108","월","남","30대","서울특별시","강북구","미아동","중국집","51"
"20180108","월","남","30대","서울특별시","강북구","번동","중국집","12"
"20180108","월","남","30대","서울특별시","강북구","수유동","중국집","5"
"20180108","월","남","50대","서울특별시","강북구","번동","중국집","12"
"20180108","월","남","50대","서울특별시","강북구","수유동","중국집","5"
"20180108","월","남","50대","서울특별시","강북구","미아동","중국집","47"
"20180108","월","남","50대","서울특별시","강북구","우이동","중국집","5"
"20180108","월","남","60대이상","서울특별시","강북구","미아동","중국집","33"
"20180108","월","남","60대이상","서울특별시","강북구","우이동","중국집","5"
"20180108","월","여","10대","서울특별시","강북구","미아동","중국집","5"
"20180108","월","여","10대","서울특별시","강북구","번동","중국집","5"
"20180108","월","여","20대","서울특별시","강북구","미아동","중국집","20"
"20180108","월","여","20대","서울특별시","강북구","번동","중국집","5"
"20180108","월","남","60대이상","서울특별시","강북구","번동","중국집","7"
"20180108","월","여","20대","서울특별시","강북구","우이동","중국집","5"
"20180108","월","여","30대","서울특별시","강북구","미아동","중국집","32"
"20180108","월","여","30대","서울특별시","강북구","번동","중국집","15"
"20180108","월","여","40대","서울특별시","강북구","미아동","중국집","70"
"20180108","월","남","40대","서울특별시","강북구","번동","중국집","16"
"20180108","월","여","40대","서울특별시","강북구","번동","중국집","17"
"20180108","월","여","50대","서울특별시","강북구","미아동","중국집","33"
"20180108","월","남","10대","서울특별시","강북구","수유동","중국집","5"
"20180108","월","여","50대","서울특별시","강북구","번동","중국집","11"
"20180108","월","남","40대","서울특별시","강북구","미아동","중국집","62"
"20180108","월","여","60대이상","서울특별시","강북구","미아동","중국집","25"
"20180108","월","여","60대이상","서울특별시","강북구","번동","중국집","5"
"20180108","월","여","60대이상","서울특별시","강북구","수유동","중국집","5"
"20180108","월","남","10대","서울특별시","강서구","가양동","중국집","5"
"20180108","월","남","10대","서울특별시","강서구","등촌동","중국집","5"
"20180108","월","남","10대","서울특별시","강서구","방화동","중국집","5"
"20180108","월","남","20대","서울특별시","강서구","가양동","중국집","18"
"20180108","월","남","20대","서울특별시","강서구","내발산동","중국집","21"
"20180108","월","남","20대","서울특별시","강서구","마곡동","중국집","5"
"20180108","월","남","20대","서울특별시","강서구","방화동","중국집","5"
"20180108","월","남","20대","서울특별시","강서구","화곡동","중국집","20"
"20180108","월","남","30대","서울특별시","강서구","내발산동","중국집","52"
"20180108","월","남","30대","서울특별시","강서구","등촌동","중국집","19"
"20180108","월","남","30대","서울특별시","강서구","화곡동","중국집","41"
"20180108","월","남","40대","서울특별시","강서구","내발산동","중국집","40"
"20180108","월","남","40대","서울특별시","강서구","등촌동","중국집","21"
"20180108","월","남","40대","서울특별시","강서구","외발산동","중국집","5"
"20180108","월","남","50대","서울특별시","강서구","가양동","중국집","15"
"20180108","월","남","40대","서울특별시","강서구","가양동","중국집","23"
"20180108","월","남","30대","서울특별시","강서구","외발산동","중국집","5"
"20180108","월","남","50대","서울특별시","강서구","등촌동","중국집","10"
"20180108","월","남","50대","서울특별시","강서구","방화동","중국집","5"
"20180108","월","남","30대","서울특별시","강서구","가양동","중국집","27"
"20180108","월","남","50대","서울특별시","강서구","화곡동","중국집","25"
"20180108","월","남","50대","서울특별시","강서구","외발산동","중국집","5"
"20180108","월","남","60대이상","서울특별시","강서구","가양동","중국집","9"
"20180108","월","남","60대이상","서울특별시","강서구","내발산동","중국집","18"
"20180108","월","남","10대","서울특별시","강서구","내발산동","중국집","13"
"20180108","월","남","40대","서울특별시","강서구","화곡동","중국집","28"
"20180108","월","남","60대이상","서울특별시","강서구","등촌동","중국집","12"
"20180108","월","여","10대","서울특별시","강서구","내발산동","중국집","6"
"20180108","월","여","10대","서울특별시","강서구","등촌동","중국집","5"
"20180108","월","남","20대","서울특별시","강서구","등촌동","중국집","12"
"20180108","월","여","20대","서울특별시","강서구","내발산동","중국집","8"
"20180108","월","여","20대","서울특별시","강서구","등촌동","중국집","5"
"20180108","월","남","50대","서울특별시","강서구","내발산동","중국집","48"
"20180108","월","남","60대이상","서울특별시","강서구","화곡동","중국집","28"
"20180108","월","여","20대","서울특별시","강서구","마곡동","중국집","5"
"20180108","월","여","20대","서울특별시","강서구","외발산동","중국집","5"
"20180108","월","여","30대","서울특별시","강서구","가양동","중국집","11"
"20180108","월","여","30대","서울특별시","강서구","내발산동","중국집","27"
"20180108","월","남","60대이상","서울특별시","강서구","방화동","중국집","5"
"20180108","월","여","30대","서울특별시","강서구","등촌동","중국집","13"
"20180108","월","여","30대","서울특별시","강서구","마곡동","중국집","5"
"20180108","월","남","10대","서울특별시","강서구","화곡동","중국집","14"
"20180108","월","여","30대","서울특별시","강서구","화곡동","중국집","34"
"20180108","월","여","40대","서울특별시","강서구","가양동","중국집","15"
"20180108","월","여","40대","서울특별시","강서구","등촌동","중국집","22"
"20180108","월","여","20대","서울특별시","강서구","화곡동","중국집","6"
"20180108","월","여","40대","서울특별시","강서구","내발산동","중국집","46"
"20180108","월","여","40대","서울특별시","강서구","마곡동","중국집","5"
"20180108","월","여","40대","서울특별시","강서구","화곡동","중국집","46"
"20180108","월","여","50대","서울특별시","강서구","가양동","중국집","14"
"20180108","월","여","40대","서울특별시","강서구","방화동","중국집","5"
"20180108","월","여","50대","서울특별시","강서구","외발산동","중국집","5"
"20180108","월","여","50대","서울특별시","강서구","내발산동","중국집","23"
"20180108","월","여","10대","서울특별시","강서구","가양동","중국집","5"
"20180108","월","여","50대","서울특별시","강서구","화곡동","중국집","35"
"20180108","월","남","30대","서울특별시","강서구","방화동","중국집","5"
"20180108","월","여","10대","서울특별시","강서구","화곡동","중국집","5"
"20180108","월","여","60대이상","서울특별시","강서구","가양동","중국집","7"
"20180108","월","여","60대이상","서울특별시","강서구","내발산동","중국집","11"
"20180108","월","여","20대","서울특별시","강서구","가양동","중국집","5"
"20180108","월","여","60대이상","서울특별시","강서구","등촌동","중국집","8"
"20180108","월","여","50대","서울특별시","강서구","등촌동","중국집","10"
"20180108","월","여","60대이상","서울특별시","강서구","화곡동","중국집","21"
"20180108","월","남","10대","서울특별시","관악구","봉천동","중국집","5"
"20180108","월","남","10대","서울특별시","관악구","신림동","중국집","5"
"20180108","월","남","20대","서울특별시","관악구","봉천동","중국집","5"
"20180108","월","남","20대","서울특별시","관악구","신림동","중국집","11"
"20180108","월","남","30대","서울특별시","관악구","봉천동","중국집","7"
"20180108","월","남","30대","서울특별시","관악구","신림동","중국집","10"
"20180108","월","남","40대","서울특별시","관악구","봉천동","중국집","5"
"20180108","월","남","40대","서울특별시","관악구","신림동","중국집","5"
"20180108","월","남","50대","서울특별시","관악구","봉천동","중국집","5"
"20180108","월","남","50대","서울특별시","관악구","신림동","중국집","5"
"20180108","월","남","60대이상","서울특별시","관악구","봉천동","중국집","5"
"20180108","월","남","60대이상","서울특별시","관악구","신림동","중국집","5"
"20180108","월","여","10대","서울특별시","관악구","신림동","중국집","5"
"20180108","월","여","20대","서울특별시","관악구","봉천동","중국집","5"
"20180108","월","여","20대","서울특별시","관악구","신림동","중국집","13"
"20180108","월","여","30대","서울특별시","관악구","봉천동","중국집","5"
"20180108","월","여","30대","서울특별시","관악구","신림동","중국집","5"
"20180108","월","여","40대","서울특별시","관악구","봉천동","중국집","10"
"20180108","월","여","40대","서울특별시","관악구","신림동","중국집","5"
"20180108","월","여","50대","서울특별시","관악구","봉천동","중국집","5"
"20180108","월","여","50대","서울특별시","관악구","신림동","중국집","5"
"20180108","월","여","60대이상","서울특별시","관악구","봉천동","중국집","5"
"20180108","월","여","60대이상","서울특별시","관악구","신림동","중국집","5"
"20180108","월","남","10대","서울특별시","광진구","자양동","중국집","5"
"20180108","월","남","20대","서울특별시","광진구","능동","중국집","5"
"20180108","월","남","30대","서울특별시","광진구","능동","중국집","5"
"20180108","월","남","20대","서울특별시","광진구","자양동","중국집","12"
"20180108","월","남","30대","서울특별시","광진구","자양동","중국집","8"
"20180108","월","남","30대","서울특별시","광진구","중곡동","중국집","5"
"20180108","월","남","10대","서울특별시","광진구","능동","중국집","5"
"20180108","월","남","40대","서울특별시","광진구","자양동","중국집","5"
"20180108","월","남","40대","서울특별시","광진구","중곡동","중국집","5"
"20180108","월","남","50대","서울특별시","광진구","광장동","중국집","5"
"20180108","월","남","50대","서울특별시","광진구","중곡동","중국집","5"
"20180108","월","남","60대이상","서울특별시","광진구","자양동","중국집","5"
"20180108","월","남","60대이상","서울특별시","광진구","구의동","중국집","5"
"20180108","월","여","10대","서울특별시","광진구","광장동","중국집","5"
"20180108","월","여","10대","서울특별시","광진구","능동","중국집","5"
"20180108","월","여","10대","서울특별시","광진구","자양동","중국집","5"
"20180108","월","여","20대","서울특별시","광진구","구의동","중국집","5"
"20180108","월","여","20대","서울특별시","광진구","능동","중국집","5"
"20180108","월","여","20대","서울특별시","광진구","자양동","중국집","9"
"20180108","월","여","30대","서울특별시","광진구","자양동","중국집","5"
"20180108","월","여","30대","서울특별시","광진구","화양동","중국집","5"
"20180108","월","여","40대","서울특별시","광진구","광장동","중국집","5"
"20180108","월","여","40대","서울특별시","광진구","자양동","중국집","5"
"20180108","월","여","50대","서울특별시","광진구","능동","중국집","5"
"20180108","월","남","50대","서울특별시","광진구","자양동","중국집","5"
"20180108","월","여","50대","서울특별시","광진구","자양동","중국집","6"
"20180108","월","여","60대이상","서울특별시","광진구","자양동","중국집","5"
"20180108","월","남","10대","서울특별시","구로구","개봉동","중국집","5"
"20180108","월","남","20대","서울특별시","구로구","개봉동","중국집","11"
"20180108","월","남","20대","서울특별시","구로구","궁동","중국집","5"
"20180108","월","남","30대","서울특별시","구로구","개봉동","중국집","25"
"20180108","월","남","40대","서울특별시","구로구","개봉동","중국집","29"
"20180108","월","남","50대","서울특별시","구로구","개봉동","중국집","16"
"20180108","월","남","50대","서울특별시","구로구","구로동","중국집","5"
"20180108","월","남","60대이상","서울특별시","구로구","개봉동","중국집","9"
"20180108","월","남","40대","서울특별시","구로구","구로동","중국집","5"
"20180108","월","남","60대이상","서울특별시","구로구","궁동","중국집","5"
"20180108","월","여","10대","서울특별시","구로구","개봉동","중국집","5"
"20180108","월","여","20대","서울특별시","구로구","개봉동","중국집","5"
"20180108","월","여","20대","서울특별시","구로구","구로동","중국집","5"
"20180108","월","여","20대","서울특별시","구로구","신도림동","중국집","5"
"20180108","월","여","30대","서울특별시","구로구","개봉동","중국집","21"
"20180108","월","남","30대","서울특별시","구로구","신도림동","중국집","5"
"20180108","월","여","30대","서울특별시","구로구","구로동","중국집","5"
"20180108","월","여","30대","서울특별시","구로구","궁동","중국집","5"
"20180108","월","남","30대","서울특별시","구로구","구로동","중국집","5"
"20180108","월","여","40대","서울특별시","구로구","개봉동","중국집","27"
"20180108","월","남","40대","서울특별시","구로구","궁동","중국집","5"
"20180108","월","여","30대","서울특별시","구로구","신도림동","중국집","5"
"20180108","월","여","50대","서울특별시","구로구","개봉동","중국집","16"
"20180108","월","여","50대","서울특별시","구로구","궁동","중국집","5"
"20180108","월","여","60대이상","서울특별시","구로구","개봉동","중국집","11"
"20180108","월","여","60대이상","서울특별시","구로구","구로동","중국집","5"
"20180108","월","여","20대","서울특별시","구로구","궁동","중국집","5"
"20180108","월","남","50대","서울특별시","구로구","궁동","중국집","5"
"20180108","월","남","20대","서울특별시","금천구","가산동","중국집","13"
"20180108","월","남","30대","서울특별시","금천구","가산동","중국집","13"
"20180108","월","남","30대","서울특별시","금천구","시흥동","중국집","5"
"20180108","월","남","40대","서울특별시","금천구","가산동","중국집","22"
"20180108","월","남","40대","서울특별시","금천구","독산동","중국집","5"
"20180108","월","남","50대","서울특별시","금천구","가산동","중국집","5"
"20180108","월","남","50대","서울특별시","금천구","독산동","중국집","5"
"20180108","월","남","50대","서울특별시","금천구","시흥동","중국집","5"
"20180108","월","남","20대","서울특별시","금천구","독산동","중국집","5"
"20180108","월","남","60대이상","서울특별시","금천구","가산동","중국집","5"
"20180108","월","남","60대이상","서울특별시","금천구","독산동","중국집","5"
"20180108","월","남","60대이상","서울특별시","금천구","시흥동","중국집","5"
"20180108","월","여","10대","서울특별시","금천구","가산동","중국집","5"
"20180108","월","여","20대","서울특별시","금천구","가산동","중국집","5"
"20180108","월","여","20대","서울특별시","금천구","시흥동","중국집","5"
"20180108","월","남","40대","서울특별시","금천구","시흥동","중국집","5"
"20180108","월","남","30대","서울특별시","금천구","독산동","중국집","5"
"20180108","월","여","30대","서울특별시","금천구","가산동","중국집","6"
"20180108","월","여","30대","서울특별시","금천구","시흥동","중국집","5"
"20180108","월","여","40대","서울특별시","금천구","가산동","중국집","7"
"20180108","월","여","40대","서울특별시","금천구","독산동","중국집","5"
"20180108","월","여","40대","서울특별시","금천구","시흥동","중국집","5"
"20180108","월","여","50대","서울특별시","금천구","가산동","중국집","6"
"20180108","월","여","50대","서울특별시","금천구","시흥동","중국집","5"
"20180108","월","여","60대이상","서울특별시","금천구","가산동","중국집","5"
"20180108","월","여","60대이상","서울특별시","금천구","시흥동","중국집","5"
"20180108","월","남","10대","서울특별시","노원구","월계동","중국집","5"
"20180108","월","남","20대","서울특별시","노원구","공릉동","중국집","5"
"20180108","월","남","20대","서울특별시","노원구","중계동","중국집","5"
"20180108","월","남","30대","서울특별시","노원구","중계동","중국집","5"
"20180108","월","남","40대","서울특별시","노원구","공릉동","중국집","6"
"20180108","월","남","40대","서울특별시","노원구","상계동","중국집","58"
"20180108","월","남","50대","서울특별시","노원구","공릉동","중국집","5"
"20180108","월","남","50대","서울특별시","노원구","상계동","중국집","28"
"20180108","월","남","10대","서울특별시","노원구","상계동","중국집","9"
"20180108","월","남","50대","서울특별시","노원구","월계동","중국집","5"
"20180108","월","남","50대","서울특별시","노원구","중계동","중국집","5"
"20180108","월","남","60대이상","서울특별시","노원구","중계동","중국집","5"
"20180108","월","여","20대","서울특별시","노원구","공릉동","중국집","5"
"20180108","월","남","30대","서울특별시","노원구","월계동","중국집","5"
"20180108","월","여","20대","서울특별시","노원구","상계동","중국집","14"
"20180108","월","여","20대","서울특별시","노원구","월계동","중국집","5"
"20180108","월","여","30대","서울특별시","노원구","공릉동","중국집","5"
"20180108","월","여","30대","서울특별시","노원구","상계동","중국집","21"
"20180108","월","남","30대","서울특별시","노원구","상계동","중국집","38"
"20180108","월","여","30대","서울특별시","노원구","월계동","중국집","5"
"20180108","월","여","20대","서울특별시","노원구","하계동","중국집","5"
"20180108","월","남","60대이상","서울특별시","노원구","월계동","중국집","5"
"20180108","월","여","40대","서울특별시","노원구","공릉동","중국집","5"
"20180108","월","여","40대","서울특별시","노원구","상계동","중국집","57"
"20180108","월","여","40대","서울특별시","노원구","중계동","중국집","6"
"20180108","월","여","50대","서울특별시","노원구","공릉동","중국집","5"
"20180108","월","남","20대","서울특별시","노원구","월계동","중국집","5"
"20180108","월","여","50대","서울특별시","노원구","상계동","중국집","36"
"20180108","월","남","60대이상","서울특별시","노원구","상계동","중국집","11"
"20180108","월","여","50대","서울특별시","노원구","월계동","중국집","5"
"20180108","월","여","50대","서울특별시","노원구","중계동","중국집","5"
"20180108","월","여","60대이상","서울특별시","노원구","공릉동","중국집","5"
"20180108","월","여","60대이상","서울특별시","노원구","상계동","중국집","15"
"20180108","월","여","10대","서울특별시","노원구","상계동","중국집","5"
"20180108","월","여","60대이상","서울특별시","노원구","월계동","중국집","5"
"20180108","월","남","20대","서울특별시","노원구","상계동","중국집","21"
"20180108","월","남","10대","서울특별시","도봉구","쌍문동","중국집","5"
"20180108","월","남","20대","서울특별시","도봉구","방학동","중국집","5"
"20180108","월","남","20대","서울특별시","도봉구","쌍문동","중국집","7"
"20180108","월","남","30대","서울특별시","도봉구","도봉동","중국집","5"
"20180108","월","남","30대","서울특별시","도봉구","쌍문동","중국집","5"
"20180108","월","남","40대","서울특별시","도봉구","도봉동","중국집","5"
"20180108","월","남","50대","서울특별시","도봉구","도봉동","중국집","5"
"20180108","월","남","50대","서울특별시","도봉구","방학동","중국집","5"
"20180108","월","남","60대이상","서울특별시","도봉구","도봉동","중국집","5"
"20180108","월","여","10대","서울특별시","도봉구","쌍문동","중국집","5"
"20180108","월","여","20대","서울특별시","도봉구","방학동","중국집","5"
"20180108","월","여","20대","서울특별시","도봉구","쌍문동","중국집","5"
"20180108","월","남","40대","서울특별시","도봉구","쌍문동","중국집","5"
"20180108","월","여","30대","서울특별시","도봉구","도봉동","중국집","5"
"20180108","월","여","30대","서울특별시","도봉구","방학동","중국집","5"
"20180108","월","여","30대","서울특별시","도봉구","쌍문동","중국집","5"
"20180108","월","남","60대이상","서울특별시","도봉구","방학동","중국집","5"
"20180108","월","여","40대","서울특별시","도봉구","도봉동","중국집","5"
"20180108","월","여","40대","서울특별시","도봉구","방학동","중국집","5"
"20180108","월","남","50대","서울특별시","도봉구","쌍문동","중국집","5"
"20180108","월","여","40대","서울특별시","도봉구","쌍문동","중국집","5"
"20180108","월","여","50대","서울특별시","도봉구","방학동","중국집","5"
"20180108","월","여","50대","서울특별시","도봉구","쌍문동","중국집","5"
"20180108","월","여","60대이상","서울특별시","도봉구","방학동","중국집","5"
"20180108","월","남","10대","서울특별시","동대문구","전농동","중국집","5"
"20180108","월","남","10대","서울특별시","동대문구","제기동","중국집","7"
"20180108","월","남","20대","서울특별시","동대문구","전농동","중국집","5"
"20180108","월","남","30대","서울특별시","동대문구","장안동","중국집","25"
"20180108","월","남","30대","서울특별시","동대문구","제기동","중국집","36"
"20180108","월","남","40대","서울특별시","동대문구","장안동","중국집","37"
"20180108","월","남","40대","서울특별시","동대문구","전농동","중국집","5"
"20180108","월","남","40대","서울특별시","동대문구","제기동","중국집","44"
"20180108","월","남","50대","서울특별시","동대문구","장안동","중국집","25"
"20180108","월","남","50대","서울특별시","동대문구","전농동","중국집","5"
"20180108","월","남","30대","서울특별시","동대문구","답십리동","중국집","5"
"20180108","월","남","50대","서울특별시","동대문구","제기동","중국집","28"
"20180108","월","남","60대이상","서울특별시","동대문구","답십리동","중국집","5"
"20180108","월","남","20대","서울특별시","동대문구","답십리동","중국집","5"
"20180108","월","남","60대이상","서울특별시","동대문구","제기동","중국집","20"
"20180108","월","남","10대","서울특별시","동대문구","장안동","중국집","5"
"20180108","월","남","20대","서울특별시","동대문구","제기동","중국집","44"
"20180108","월","여","10대","서울특별시","동대문구","답십리동","중국집","5"
"20180108","월","여","10대","서울특별시","동대문구","전농동","중국집","5"
"20180108","월","여","10대","서울특별시","동대문구","제기동","중국집","5"
"20180108","월","남","40대","서울특별시","동대문구","답십리동","중국집","5"
"20180108","월","여","20대","서울특별시","동대문구","전농동","중국집","5"
"20180108","월","여","20대","서울특별시","동대문구","제기동","중국집","5"
"20180108","월","남","20대","서울특별시","동대문구","장안동","중국집","22"
"20180108","월","여","30대","서울특별시","동대문구","답십리동","중국집","5"
"20180108","월","여","30대","서울특별시","동대문구","장안동","중국집","18"
"20180108","월","여","30대","서울특별시","동대문구","제기동","중국집","17"
"20180108","월","여","40대","서울특별시","동대문구","답십리동","중국집","5"
"20180108","월","여","40대","서울특별시","동대문구","장안동","중국집","34"
"20180108","월","남","30대","서울특별시","동대문구","전농동","중국집","5"
"20180108","월","여","40대","서울특별시","동대문구","전농동","중국집","5"
"20180108","월","여","40대","서울특별시","동대문구","제기동","중국집","28"
"20180108","월","여","40대","서울특별시","동대문구","휘경동","중국집","5"
"20180108","월","여","20대","서울특별시","동대문구","장안동","중국집","6"
"20180108","월","여","30대","서울특별시","동대문구","전농동","중국집","5"
"20180108","월","남","60대이상","서울특별시","동대문구","장안동","중국집","7"
"20180108","월","여","50대","서울특별시","동대문구","장안동","중국집","17"
"20180108","월","여","50대","서울특별시","동대문구","전농동","중국집","5"
"20180108","월","여","50대","서울특별시","동대문구","제기동","중국집","28"
"20180108","월","여","60대이상","서울특별시","동대문구","장안동","중국집","19"
"20180108","월","여","60대이상","서울특별시","동대문구","제기동","중국집","26"
"20180108","월","남","10대","서울특별시","동작구","신대방동","중국집","12"
"20180108","월","남","20대","서울특별시","동작구","노량진동","중국집","5"
"20180108","월","남","20대","서울특별시","동작구","대방동","중국집","5"
"20180108","월","남","20대","서울특별시","동작구","본동","중국집","5"
"20180108","월","남","20대","서울특별시","동작구","상도동","중국집","5"
"20180108","월","남","30대","서울특별시","동작구","사당동","중국집","5"
"20180108","월","남","30대","서울특별시","동작구","상도동","중국집","5"
"20180108","월","남","40대","서울특별시","동작구","사당동","중국집","5"
"20180108","월","남","50대","서울특별시","동작구","노량진동","중국집","5"
"20180108","월","남","30대","서울특별시","동작구","본동","중국집","5"
"20180108","월","남","60대이상","서울특별시","동작구","사당동","중국집","5"
"20180108","월","남","60대이상","서울특별시","동작구","상도동","중국집","5"
"20180108","월","남","60대이상","서울특별시","동작구","신대방동","중국집","31"
"20180108","월","여","10대","서울특별시","동작구","본동","중국집","5"
"20180108","월","남","20대","서울특별시","동작구","사당동","중국집","5"
"20180108","월","여","10대","서울특별시","동작구","신대방동","중국집","5"
"20180108","월","남","50대","서울특별시","동작구","신대방동","중국집","55"
"20180108","월","여","20대","서울특별시","동작구","본동","중국집","5"
"20180108","월","남","50대","서울특별시","동작구","상도동","중국집","5"
"20180108","월","남","40대","서울특별시","동작구","신대방동","중국집","63"
"20180108","월","여","20대","서울특별시","동작구","상도동","중국집","5"
"20180108","월","여","20대","서울특별시","동작구","신대방동","중국집","25"
"20180108","월","여","30대","서울특별시","동작구","노량진동","중국집","5"
"20180108","월","여","30대","서울특별시","동작구","본동","중국집","5"
"20180108","월","남","10대","서울특별시","동작구","본동","중국집","5"
"20180108","월","남","20대","서울특별시","동작구","신대방동","중국집","68"
"20180108","월","여","30대","서울특별시","동작구","사당동","중국집","5"
"20180108","월","여","30대","서울특별시","동작구","상도동","중국집","5"
"20180108","월","여","30대","서울특별시","동작구","신대방동","중국집","54"
"20180108","월","여","30대","서울특별시","동작구","흑석동","중국집","5"
"20180108","월","남","50대","서울특별시","동작구","사당동","중국집","5"
"20180108","월","여","40대","서울특별시","동작구","노량진동","중국집","5"
"20180108","월","남","30대","서울특별시","동작구","신대방동","중국집","81"
"20180108","월","여","40대","서울특별시","동작구","본동","중국집","5"
"20180108","월","여","40대","서울특별시","동작구","사당동","중국집","5"
"20180108","월","여","40대","서울특별시","동작구","신대방동","중국집","78"
"20180108","월","여","50대","서울특별시","동작구","노량진동","중국집","5"
"20180108","월","여","20대","서울특별시","동작구","사당동","중국집","5"
"20180108","월","여","50대","서울특별시","동작구","사당동","중국집","5"
"20180108","월","여","10대","서울특별시","동작구","상도동","중국집","5"
"20180108","월","여","50대","서울특별시","동작구","신대방동","중국집","52"
"20180108","월","여","60대이상","서울특별시","동작구","사당동","중국집","5"
"20180108","월","여","60대이상","서울특별시","동작구","상도동","중국집","5"
"20180108","월","남","40대","서울특별시","동작구","노량진동","중국집","5"
"20180108","월","여","60대이상","서울특별시","동작구","신대방동","중국집","35"
"20180108","월","여","60대이상","서울특별시","동작구","흑석동","중국집","5"
"20180108","월","여","40대","서울특별시","동작구","상도동","중국집","5"
"20180108","월","남","10대","서울특별시","마포구","공덕동","중국집","5"
"20180108","월","남","10대","서울특별시","마포구","서교동","중국집","5"
"20180108","월","남","20대","서울특별시","마포구","상암동","중국집","9"
"20180108","월","남","20대","서울특별시","마포구","합정동","중국집","9"
"20180108","월","남","30대","서울특별시","마포구","신공덕동","중국집","5"
"20180108","월","남","30대","서울특별시","마포구","창전동","중국집","5"
"20180108","월","남","30대","서울특별시","마포구","합정동","중국집","11"
"20180108","월","남","20대","서울특별시","마포구","대흥동","중국집","5"
"20180108","월","남","40대","서울특별시","마포구","대흥동","중국집","5"
"20180108","월","남","40대","서울특별시","마포구","신공덕동","중국집","5"
"20180108","월","남","50대","서울특별시","마포구","합정동","중국집","9"
"20180108","월","남","50대","서울특별시","마포구","창전동","중국집","5"
"20180108","월","남","60대이상","서울특별시","마포구","상암동","중국집","5"
"20180108","월","남","60대이상","서울특별시","마포구","신공덕동","중국집","5"
"20180108","월","남","60대이상","서울특별시","마포구","염리동","중국집","5"
"20180108","월","남","60대이상","서울특별시","마포구","창전동","중국집","5"
"20180108","월","남","60대이상","서울특별시","마포구","합정동","중국집","5"
"20180108","월","여","20대","서울특별시","마포구","마포동","중국집","5"
"20180108","월","남","10대","서울특별시","마포구","상암동","중국집","5"
"20180108","월","남","30대","서울특별시","마포구","대흥동","중국집","5"
"20180108","월","여","20대","서울특별시","마포구","신수동","중국집","5"
"20180108","월","남","20대","서울특별시","마포구","공덕동","중국집","5"
"20180108","월","여","20대","서울특별시","마포구","염리동","중국집","5"
"20180108","월","남","20대","서울특별시","마포구","신수동","중국집","5"
"20180108","월","남","30대","서울특별시","마포구","염리동","중국집","5"
"20180108","월","여","20대","서울특별시","마포구","합정동","중국집","6"
"20180108","월","여","30대","서울특별시","마포구","상암동","중국집","14"
"20180108","월","남","40대","서울특별시","마포구","창전동","중국집","5"
"20180108","월","여","20대","서울특별시","마포구","상암동","중국집","5"
"20180108","월","남","50대","서울특별시","마포구","상암동","중국집","15"
"20180108","월","여","30대","서울특별시","마포구","신공덕동","중국집","5"
"20180108","월","여","20대","서울특별시","마포구","창전동","중국집","5"
"20180108","월","여","10대","서울특별시","마포구","상암동","중국집","6"
"20180108","월","남","20대","서울특별시","마포구","신공덕동","중국집","5"
"20180108","월","여","40대","서울특별시","마포구","공덕동","중국집","5"
"20180108","월","여","40대","서울특별시","마포구","마포동","중국집","5"
"20180108","월","여","40대","서울특별시","마포구","망원동","중국집","5"
"20180108","월","여","40대","서울특별시","마포구","서교동","중국집","5"
"20180108","월","남","30대","서울특별시","마포구","신수동","중국집","5"
"20180108","월","여","40대","서울특별시","마포구","아현동","중국집","5"
"20180108","월","여","40대","서울특별시","마포구","신공덕동","중국집","5"
"20180108","월","여","40대","서울특별시","마포구","창전동","중국집","5"
"20180108","월","여","50대","서울특별시","마포구","대흥동","중국집","5"
"20180108","월","남","50대","서울특별시","마포구","망원동","중국집","5"
"20180108","월","여","40대","서울특별시","마포구","합정동","중국집","11"
"20180108","월","여","50대","서울특별시","마포구","망원동","중국집","5"
"20180108","월","여","50대","서울특별시","마포구","신공덕동","중국집","5"
"20180108","월","여","50대","서울특별시","마포구","상암동","중국집","17"
"20180108","월","여","30대","서울특별시","마포구","합정동","중국집","7"
"20180108","월","여","50대","서울특별시","마포구","창전동","중국집","5"
"20180108","월","여","50대","서울특별시","마포구","합정동","중국집","5"
"20180108","월","여","20대","서울특별시","마포구","공덕동","중국집","5"
"20180108","월","여","50대","서울특별시","마포구","아현동","중국집","5"
"20180108","월","남","30대","서울특별시","마포구","상암동","중국집","14"
"20180108","월","여","60대이상","서울특별시","마포구","공덕동","중국집","5"
"20180108","월","여","40대","서울특별시","마포구","상암동","중국집","25"
"20180108","월","여","30대","서울특별시","마포구","마포동","중국집","5"
"20180108","월","여","60대이상","서울특별시","마포구","마포동","중국집","5"
"20180108","월","여","60대이상","서울특별시","마포구","상암동","중국집","6"
"20180108","월","남","40대","서울특별시","마포구","합정동","중국집","11"
"20180108","월","여","60대이상","서울특별시","마포구","아현동","중국집","5"
"20180108","월","남","40대","서울특별시","마포구","상암동","중국집","21"
"20180108","월","남","20대","서울특별시","마포구","염리동","중국집","5"
"20180108","월","여","60대이상","서울특별시","마포구","합정동","중국집","5"
"20180108","월","남","10대","서울특별시","마포구","대흥동","중국집","5"
"20180108","월","남","10대","서울특별시","마포구","신공덕동","중국집","5"
"20180108","월","남","20대","서울특별시","서대문구","홍은동","중국집","5"
"20180108","월","남","40대","서울특별시","서대문구","연희동","중국집","45"
"20180108","월","남","40대","서울특별시","서대문구","충정로3가","중국집","5"
"20180108","월","남","40대","서울특별시","서대문구","홍제동","중국집","25"
"20180108","월","남","50대","서울특별시","서대문구","남가좌동","중국집","5"
"20180108","월","남","40대","서울특별시","서대문구","북아현동","중국집","5"
"20180108","월","남","50대","서울특별시","서대문구","합동","중국집","5"
"20180108","월","남","50대","서울특별시","서대문구","충정로3가","중국집","5"
"20180108","월","남","50대","서울특별시","서대문구","홍은동","중국집","5"
"20180108","월","남","60대이상","서울특별시","서대문구","남가좌동","중국집","5"
"20180108","월","남","30대","서울특별시","서대문구","홍제동","중국집","14"
"20180108","월","남","60대이상","서울특별시","서대문구","창천동","중국집","9"
"20180108","월","남","50대","서울특별시","서대문구","연희동","중국집","20"
"20180108","월","남","60대이상","서울특별시","서대문구","홍은동","중국집","5"
"20180108","월","여","10대","서울특별시","서대문구","연희동","중국집","5"
"20180108","월","남","10대","서울특별시","서대문구","연희동","중국집","5"
"20180108","월","여","10대","서울특별시","서대문구","충정로3가","중국집","5"
"20180108","월","여","10대","서울특별시","서대문구","홍제동","중국집","5"
"20180108","월","남","10대","서울특별시","서대문구","창천동","중국집","5"
"20180108","월","여","20대","서울특별시","서대문구","북가좌동","중국집","5"
"20180108","월","여","20대","서울특별시","서대문구","충정로3가","중국집","5"
"20180108","월","남","10대","서울특별시","서대문구","홍은동","중국집","5"
"20180108","월","남","60대이상","서울특별시","서대문구","북아현동","중국집","5"
"20180108","월","여","30대","서울특별시","서대문구","남가좌동","중국집","5"
"20180108","월","남","60대이상","서울특별시","서대문구","홍제동","중국집","12"
"20180108","월","남","30대","서울특별시","서대문구","북가좌동","중국집","5"
"20180108","월","여","30대","서울특별시","서대문구","창천동","중국집","15"
"20180108","월","여","40대","서울특별시","서대문구","남가좌동","중국집","5"
"20180108","월","여","30대","서울특별시","서대문구","연희동","중국집","32"
"20180108","월","여","10대","서울특별시","서대문구","북아현동","중국집","5"
"20180108","월","여","40대","서울특별시","서대문구","연희동","중국집","32"
"20180108","월","여","40대","서울특별시","서대문구","창천동","중국집","18"
"20180108","월","남","20대","서울특별시","서대문구","홍제동","중국집","15"
"20180108","월","여","40대","서울특별시","서대문구","홍제동","중국집","27"
"20180108","월","여","50대","서울특별시","서대문구","북가좌동","중국집","5"
"20180108","월","남","50대","서울특별시","서대문구","창천동","중국집","10"
"20180108","월","남","50대","서울특별시","서대문구","홍제동","중국집","25"
"20180108","월","여","50대","서울특별시","서대문구","연희동","중국집","17"
"20180108","월","여","50대","서울특별시","서대문구","창천동","중국집","10"
"20180108","월","남","20대","서울특별시","서대문구","충정로3가","중국집","5"
"20180108","월","남","60대이상","서울특별시","서대문구","연희동","중국집","22"
"20180108","월","여","50대","서울특별시","서대문구","충정로3가","중국집","5"
"20180108","월","여","50대","서울특별시","서대문구","홍제동","중국집","15"
"20180108","월","여","60대이상","서울특별시","서대문구","남가좌동","중국집","5"
"20180108","월","남","30대","서울특별시","서대문구","창천동","중국집","20"
"20180108","월","여","60대이상","서울특별시","서대문구","북아현동","중국집","5"
"20180108","월","여","20대","서울특별시","서대문구","연희동","중국집","16"
"20180108","월","여","60대이상","서울특별시","서대문구","연희동","중국집","24"
"20180108","월","여","20대","서울특별시","서대문구","창천동","중국집","10"
"20180108","월","여","30대","서울특별시","서대문구","홍제동","중국집","22"
"20180108","월","남","10대","서울특별시","서대문구","홍제동","중국집","5"
"20180108","월","여","60대이상","서울특별시","서대문구","창천동","중국집","5"
"20180108","월","여","20대","서울특별시","서대문구","홍제동","중국집","6"
"20180108","월","여","60대이상","서울특별시","서대문구","충정로3가","중국집","5"
"20180108","월","남","20대","서울특별시","서대문구","연희동","중국집","35"
"20180108","월","여","60대이상","서울특별시","서대문구","북가좌동","중국집","5"
"20180108","월","남","30대","서울특별시","서대문구","연희동","중국집","47"
"20180108","월","여","20대","서울특별시","서대문구","북아현동","중국집","5"
"20180108","월","남","20대","서울특별시","서대문구","창천동","중국집","17"
"20180108","월","남","20대","서울특별시","서대문구","남가좌동","중국집","5"
"20180108","월","여","60대이상","서울특별시","서대문구","홍은동","중국집","5"
"20180108","월","여","60대이상","서울특별시","서대문구","홍제동","중국집","11"
"20180108","월","남","40대","서울특별시","서대문구","창천동","중국집","23"
"20180108","월","남","10대","서울특별시","서초구","반포동","중국집","5"
"20180108","월","남","20대","서울특별시","서초구","양재동","중국집","23"
"20180108","월","남","10대","서울특별시","서초구","방배동","중국집","6"
"20180108","월","남","30대","서울특별시","서초구","내곡동","중국집","5"
"20180108","월","남","30대","서울특별시","서초구","반포동","중국집","16"
"20180108","월","남","30대","서울특별시","서초구","양재동","중국집","31"
"20180108","월","남","20대","서울특별시","서초구","반포동","중국집","9"
"20180108","월","남","40대","서울특별시","서초구","내곡동","중국집","5"
"20180108","월","남","40대","서울특별시","서초구","방배동","중국집","38"
"20180108","월","남","20대","서울특별시","서초구","서초동","중국집","7"
"20180108","월","남","40대","서울특별시","서초구","서초동","중국집","5"
"20180108","월","남","40대","서울특별시","서초구","양재동","중국집","34"
"20180108","월","남","50대","서울특별시","서초구","반포동","중국집","14"
"20180108","월","남","50대","서울특별시","서초구","방배동","중국집","31"
"20180108","월","남","50대","서울특별시","서초구","서초동","중국집","5"
"20180108","월","남","50대","서울특별시","서초구","양재동","중국집","20"
"20180108","월","남","60대이상","서울특별시","서초구","방배동","중국집","28"
"20180108","월","남","60대이상","서울특별시","서초구","서초동","중국집","5"
"20180108","월","남","60대이상","서울특별시","서초구","양재동","중국집","16"
"20180108","월","남","50대","서울특별시","서초구","내곡동","중국집","5"
"20180108","월","남","60대이상","서울특별시","서초구","잠원동","중국집","5"
"20180108","월","남","20대","서울특별시","서초구","방배동","중국집","19"
"20180108","월","여","10대","서울특별시","서초구","양재동","중국집","5"
"20180108","월","여","20대","서울특별시","서초구","방배동","중국집","14"
"20180108","월","남","10대","서울특별시","서초구","서초동","중국집","5"
"20180108","월","여","10대","서울특별시","서초구","방배동","중국집","6"
"20180108","월","여","20대","서울특별시","서초구","양재동","중국집","11"
"20180108","월","여","30대","서울특별시","서초구","내곡동","중국집","5"
"20180108","월","여","20대","서울특별시","서초구","반포동","중국집","5"
"20180108","월","여","30대","서울특별시","서초구","반포동","중국집","5"
"20180108","월","남","40대","서울특별시","서초구","반포동","중국집","10"
"20180108","월","남","30대","서울특별시","서초구","서초동","중국집","11"
"20180108","월","여","30대","서울특별시","서초구","방배동","중국집","38"
"20180108","월","여","30대","서울특별시","서초구","양재동","중국집","19"
"20180108","월","여","30대","서울특별시","서초구","잠원동","중국집","5"
"20180108","월","여","40대","서울특별시","서초구","방배동","중국집","56"
"20180108","월","여","40대","서울특별시","서초구","서초동","중국집","5"
"20180108","월","남","10대","서울특별시","서초구","양재동","중국집","5"
"20180108","월","남","60대이상","서울특별시","서초구","반포동","중국집","7"
"20180108","월","여","20대","서울특별시","서초구","서초동","중국집","7"
"20180108","월","여","40대","서울특별시","서초구","양재동","중국집","35"
"20180108","월","여","50대","서울특별시","서초구","반포동","중국집","5"
"20180108","월","여","10대","서울특별시","서초구","반포동","중국집","5"
"20180108","월","여","50대","서울특별시","서초구","방배동","중국집","21"
"20180108","월","여","50대","서울특별시","서초구","서초동","중국집","5"
"20180108","월","여","50대","서울특별시","서초구","양재동","중국집","20"
"20180108","월","여","60대이상","서울특별시","서초구","내곡동","중국집","5"
"20180108","월","여","40대","서울특별시","서초구","내곡동","중국집","5"
"20180108","월","여","40대","서울특별시","서초구","반포동","중국집","24"
"20180108","월","여","60대이상","서울특별시","서초구","방배동","중국집","24"
"20180108","월","여","60대이상","서울특별시","서초구","서초동","중국집","5"
"20180108","월","여","60대이상","서울특별시","서초구","반포동","중국집","6"
"20180108","월","남","30대","서울특별시","서초구","방배동","중국집","44"
"20180108","월","여","60대이상","서울특별시","서초구","양재동","중국집","15"
"20180108","월","여","30대","서울특별시","서초구","서초동","중국집","8"
"20180108","월","남","10대","서울특별시","성동구","성수동2가","중국집","11"
"20180108","월","남","20대","서울특별시","성동구","성수동2가","중국집","45"
"20180108","월","남","30대","서울특별시","성동구","마장동","중국집","5"
"20180108","월","남","30대","서울특별시","성동구","성수동2가","중국집","76"
"20180108","월","남","30대","서울특별시","성동구","옥수동","중국집","19"
"20180108","월","남","40대","서울특별시","성동구","성수동2가","중국집","69"
"20180108","월","남","10대","서울특별시","성동구","옥수동","중국집","5"
"20180108","월","남","40대","서울특별시","성동구","옥수동","중국집","14"
"20180108","월","남","50대","서울특별시","성동구","성수동2가","중국집","53"
"20180108","월","남","50대","서울특별시","성동구","옥수동","중국집","8"
"20180108","월","남","60대이상","서울특별시","성동구","성수동2가","중국집","35"
"20180108","월","남","60대이상","서울특별시","성동구","옥수동","중국집","19"
"20180108","월","남","60대이상","서울특별시","성동구","홍익동","중국집","5"
"20180108","월","여","10대","서울특별시","성동구","성수동2가","중국집","8"
"20180108","월","여","20대","서울특별시","성동구","성수동2가","중국집","20"
"20180108","월","여","20대","서울특별시","성동구","옥수동","중국집","5"
"20180108","월","여","30대","서울특별시","성동구","성수동2가","중국집","53"
"20180108","월","여","30대","서울특별시","성동구","옥수동","중국집","8"
"20180108","월","여","40대","서울특별시","성동구","성수동2가","중국집","59"
"20180108","월","여","40대","서울특별시","성동구","옥수동","중국집","13"
"20180108","월","여","50대","서울특별시","성동구","성수동2가","중국집","31"
"20180108","월","여","60대이상","서울특별시","성동구","성수동2가","중국집","25"
"20180108","월","여","60대이상","서울특별시","성동구","옥수동","중국집","5"
"20180108","월","남","20대","서울특별시","성동구","옥수동","중국집","11"
"20180108","월","여","50대","서울특별시","성동구","옥수동","중국집","14"
"20180108","월","남","10대","서울특별시","성북구","정릉동","중국집","5"
"20180108","월","남","20대","서울특별시","성북구","동선동2가","중국집","20"
"20180108","월","남","20대","서울특별시","성북구","삼선동5가","중국집","5"
"20180108","월","남","20대","서울특별시","성북구","정릉동","중국집","5"
"20180108","월","남","20대","서울특별시","성북구","종암동","중국집","5"
"20180108","월","남","30대","서울특별시","성북구","동선동2가","중국집","38"
"20180108","월","남","30대","서울특별시","성북구","안암동5가","중국집","5"
"20180108","월","남","10대","서울특별시","성북구","동선동2가","중국집","5"
"20180108","월","남","30대","서울특별시","성북구","종암동","중국집","5"
"20180108","월","남","40대","서울특별시","성북구","길음동","중국집","5"
"20180108","월","남","40대","서울특별시","성북구","삼선동5가","중국집","5"
"20180108","월","남","40대","서울특별시","성북구","하월곡동","중국집","5"
"20180108","월","남","50대","서울특별시","성북구","길음동","중국집","5"
"20180108","월","남","50대","서울특별시","성북구","동선동2가","중국집","44"
"20180108","월","남","50대","서울특별시","성북구","삼선동5가","중국집","5"
"20180108","월","남","50대","서울특별시","성북구","하월곡동","중국집","5"
"20180108","월","남","60대이상","서울특별시","성북구","삼선동5가","중국집","5"
"20180108","월","남","60대이상","서울특별시","성북구","정릉동","중국집","5"
"20180108","월","여","10대","서울특별시","성북구","길음동","중국집","5"
"20180108","월","여","10대","서울특별시","성북구","하월곡동","중국집","5"
"20180108","월","여","20대","서울특별시","성북구","동선동2가","중국집","12"
"20180108","월","여","20대","서울특별시","성북구","삼선동5가","중국집","5"
"20180108","월","여","30대","서울특별시","성북구","동선동2가","중국집","23"
"20180108","월","남","40대","서울특별시","성북구","동선동2가","중국집","38"
"20180108","월","여","30대","서울특별시","성북구","삼선동5가","중국집","5"
"20180108","월","여","30대","서울특별시","성북구","성북동","중국집","5"
"20180108","월","남","30대","서울특별시","성북구","삼선동5가","중국집","5"
"20180108","월","여","30대","서울특별시","성북구","정릉동","중국집","5"
"20180108","월","여","20대","서울특별시","성북구","길음동","중국집","5"
"20180108","월","여","30대","서울특별시","성북구","종암동","중국집","5"
"20180108","월","여","40대","서울특별시","성북구","길음동","중국집","5"
"20180108","월","여","40대","서울특별시","성북구","정릉동","중국집","5"
"20180108","월","여","20대","서울특별시","성북구","하월곡동","중국집","5"
"20180108","월","여","40대","서울특별시","성북구","종암동","중국집","5"
"20180108","월","여","40대","서울특별시","성북구","하월곡동","중국집","5"
"20180108","월","여","50대","서울특별시","성북구","길음동","중국집","5"
"20180108","월","여","50대","서울특별시","성북구","동선동2가","중국집","28"
"20180108","월","남","60대이상","서울특별시","성북구","동선동2가","중국집","29"
"20180108","월","여","50대","서울특별시","성북구","삼선동5가","중국집","5"
"20180108","월","여","50대","서울특별시","성북구","정릉동","중국집","5"
"20180108","월","여","40대","서울특별시","성북구","동선동2가","중국집","44"
"20180108","월","여","50대","서울특별시","성북구","하월곡동","중국집","5"
"20180108","월","여","60대이상","서울특별시","성북구","동선동2가","중국집","14"
"20180108","월","여","60대이상","서울특별시","성북구","정릉동","중국집","5"
"20180108","월","남","50대","서울특별시","성북구","동선동3가","중국집","5"
"20180108","월","여","50대","서울특별시","성북구","종암동","중국집","5"
"20180108","월","여","40대","서울특별시","성북구","삼선동5가","중국집","5"
"20180108","월","여","60대이상","서울특별시","성북구","종암동","중국집","5"
"20180108","월","여","60대이상","서울특별시","성북구","하월곡동","중국집","5"
"20180108","월","남","10대","서울특별시","송파구","송파동","중국집","13"
"20180108","월","남","10대","서울특별시","송파구","가락동","중국집","5"
"20180108","월","남","10대","서울특별시","송파구","풍납동","중국집","5"
"20180108","월","남","20대","서울특별시","송파구","가락동","중국집","5"
"20180108","월","남","20대","서울특별시","송파구","송파동","중국집","41"
"20180108","월","남","20대","서울특별시","송파구","풍납동","중국집","5"
"20180108","월","남","30대","서울특별시","송파구","풍납동","중국집","5"
"20180108","월","남","40대","서울특별시","송파구","가락동","중국집","12"
"20180108","월","남","40대","서울특별시","송파구","풍납동","중국집","5"
"20180108","월","남","50대","서울특별시","송파구","가락동","중국집","13"
"20180108","월","남","50대","서울특별시","송파구","마천동","중국집","5"
"20180108","월","남","60대이상","서울특별시","송파구","가락동","중국집","5"
"20180108","월","남","60대이상","서울특별시","송파구","마천동","중국집","5"
"20180108","월","남","60대이상","서울특별시","송파구","송파동","중국집","21"
"20180108","월","남","60대이상","서울특별시","송파구","풍납동","중국집","5"
"20180108","월","여","10대","서울특별시","송파구","가락동","중국집","5"
"20180108","월","여","20대","서울특별시","송파구","가락동","중국집","6"
"20180108","월","남","30대","서울특별시","송파구","가락동","중국집","17"
"20180108","월","여","30대","서울특별시","송파구","송파동","중국집","39"
"20180108","월","남","30대","서울특별시","송파구","송파동","중국집","78"
"20180108","월","여","40대","서울특별시","송파구","가락동","중국집","9"
"20180108","월","여","30대","서울특별시","송파구","풍납동","중국집","5"
"20180108","월","여","10대","서울특별시","송파구","송파동","중국집","5"
"20180108","월","여","20대","서울특별시","송파구","풍납동","중국집","5"
"20180108","월","여","40대","서울특별시","송파구","마천동","중국집","5"
"20180108","월","여","30대","서울특별시","송파구","가락동","중국집","5"
"20180108","월","남","40대","서울특별시","송파구","마천동","중국집","5"
"20180108","월","여","20대","서울특별시","송파구","송파동","중국집","11"
"20180108","월","여","40대","서울특별시","송파구","송파동","중국집","69"
"20180108","월","여","40대","서울특별시","송파구","풍납동","중국집","5"
"20180108","월","남","30대","서울특별시","송파구","마천동","중국집","5"
"20180108","월","여","50대","서울특별시","송파구","가락동","중국집","8"
"20180108","월","여","50대","서울특별시","송파구","송파동","중국집","37"
"20180108","월","남","20대","서울특별시","송파구","마천동","중국집","5"
"20180108","월","남","50대","서울특별시","송파구","송파동","중국집","44"
"20180108","월","여","50대","서울특별시","송파구","풍납동","중국집","5"
"20180108","월","여","60대이상","서울특별시","송파구","가락동","중국집","7"
"20180108","월","남","40대","서울특별시","송파구","송파동","중국집","69"
"20180108","월","여","60대이상","서울특별시","송파구","송파동","중국집","31"
"20180108","월","남","60대이상","서울특별시","송파구","방이동","중국집","5"
"20180108","월","남","10대","서울특별시","양천구","신월동","중국집","5"
"20180108","월","남","10대","서울특별시","양천구","신정동","중국집","5"
"20180108","월","남","20대","서울특별시","양천구","신월동","중국집","5"
"20180108","월","남","20대","서울특별시","양천구","신정동","중국집","5"
"20180108","월","남","30대","서울특별시","양천구","목동","중국집","5"
"20180108","월","남","30대","서울특별시","양천구","신월동","중국집","5"
"20180108","월","남","40대","서울특별시","양천구","목동","중국집","5"
"20180108","월","남","40대","서울특별시","양천구","신월동","중국집","5"
"20180108","월","남","40대","서울특별시","양천구","신정동","중국집","5"
"20180108","월","남","50대","서울특별시","양천구","목동","중국집","5"
"20180108","월","남","50대","서울특별시","양천구","신월동","중국집","5"
"20180108","월","남","60대이상","서울특별시","양천구","신정동","중국집","5"
"20180108","월","남","50대","서울특별시","양천구","신정동","중국집","11"
"20180108","월","여","10대","서울특별시","양천구","신정동","중국집","5"
"20180108","월","여","20대","서울특별시","양천구","신월동","중국집","5"
"20180108","월","남","60대이상","서울특별시","양천구","신월동","중국집","6"
"20180108","월","여","20대","서울특별시","양천구","신정동","중국집","7"
"20180108","월","여","30대","서울특별시","양천구","신월동","중국집","5"
"20180108","월","여","30대","서울특별시","양천구","신정동","중국집","9"
"20180108","월","여","40대","서울특별시","양천구","신정동","중국집","19"
"20180108","월","남","30대","서울특별시","양천구","신정동","중국집","8"
"20180108","월","여","50대","서울특별시","양천구","목동","중국집","5"
"20180108","월","여","50대","서울특별시","양천구","신월동","중국집","5"
"20180108","월","여","50대","서울특별시","양천구","신정동","중국집","8"
"20180108","월","여","60대이상","서울특별시","양천구","신월동","중국집","5"
"20180108","월","여","60대이상","서울특별시","양천구","신정동","중국집","5"
"20180108","월","여","40대","서울특별시","양천구","목동","중국집","5"
"20180108","월","남","10대","서울특별시","영등포구","대림동","중국집","5"
"20180108","월","남","10대","서울특별시","영등포구","신길동","중국집","5"
"20180108","월","남","10대","서울특별시","영등포구","여의도동","중국집","5"
"20180108","월","남","20대","서울특별시","영등포구","대림동","중국집","5"
"20180108","월","남","20대","서울특별시","영등포구","문래동2가","중국집","8"
"20180108","월","남","20대","서울특별시","영등포구","문래동3가","중국집","10"
"20180108","월","남","20대","서울특별시","영등포구","신길동","중국집","5"
"20180108","월","남","20대","서울특별시","영등포구","영등포동1가","중국집","5"
"20180108","월","남","30대","서울특별시","영등포구","문래동3가","중국집","22"
"20180108","월","남","30대","서울특별시","영등포구","영등포동1가","중국집","5"
"20180108","월","남","40대","서울특별시","영등포구","문래동2가","중국집","18"
"20180108","월","남","40대","서울특별시","영등포구","문래동3가","중국집","25"
"20180108","월","남","10대","서울특별시","영등포구","문래동3가","중국집","5"
"20180108","월","남","40대","서울특별시","영등포구","신길동","중국집","5"
"20180108","월","남","50대","서울특별시","영등포구","대림동","중국집","5"
"20180108","월","남","30대","서울특별시","영등포구","여의도동","중국집","30"
"20180108","월","남","50대","서울특별시","영등포구","문래동3가","중국집","19"
"20180108","월","남","40대","서울특별시","영등포구","여의도동","중국집","37"
"20180108","월","남","30대","서울특별시","영등포구","문래동2가","중국집","14"
"20180108","월","남","50대","서울특별시","영등포구","여의도동","중국집","15"
"20180108","월","남","50대","서울특별시","영등포구","영등포동1가","중국집","5"
"20180108","월","남","60대이상","서울특별시","영등포구","문래동2가","중국집","9"
"20180108","월","남","60대이상","서울특별시","영등포구","문래동3가","중국집","16"
"20180108","월","여","10대","서울특별시","영등포구","문래동3가","중국집","5"
"20180108","월","남","40대","서울특별시","영등포구","대림동","중국집","5"
"20180108","월","여","10대","서울특별시","영등포구","여의도동","중국집","5"
"20180108","월","여","20대","서울특별시","영등포구","당산동6가","중국집","5"
"20180108","월","여","20대","서울특별시","영등포구","문래동2가","중국집","5"
"20180108","월","여","20대","서울특별시","영등포구","여의도동","중국집","10"
"20180108","월","여","30대","서울특별시","영등포구","문래동2가","중국집","8"
"20180108","월","여","30대","서울특별시","영등포구","문래동3가","중국집","18"
"20180108","월","여","30대","서울특별시","영등포구","여의도동","중국집","16"
"20180108","월","여","30대","서울특별시","영등포구","영등포동1가","중국집","5"
"20180108","월","여","30대","서울특별시","영등포구","영등포동7가","중국집","5"
"20180108","월","남","60대이상","서울특별시","영등포구","여의도동","중국집","13"
"20180108","월","남","30대","서울특별시","영등포구","신길동","중국집","5"
"20180108","월","남","20대","서울특별시","영등포구","여의도동","중국집","10"
"20180108","월","여","40대","서울특별시","영등포구","신길동","중국집","5"
"20180108","월","여","40대","서울특별시","영등포구","여의도동","중국집","14"
"20180108","월","여","20대","서울특별시","영등포구","문래동3가","중국집","5"
"20180108","월","남","40대","서울특별시","영등포구","영등포동1가","중국집","5"
"20180108","월","여","40대","서울특별시","영등포구","영등포동1가","중국집","5"
"20180108","월","여","50대","서울특별시","영등포구","문래동2가","중국집","6"
"20180108","월","남","50대","서울특별시","영등포구","신길동","중국집","5"
"20180108","월","여","50대","서울특별시","영등포구","문래동3가","중국집","5"
"20180108","월","여","50대","서울특별시","영등포구","여의도동","중국집","14"
"20180108","월","여","40대","서울특별시","영등포구","당산동6가","중국집","5"
"20180108","월","여","50대","서울특별시","영등포구","영등포동1가","중국집","5"
"20180108","월","남","20대","서울특별시","영등포구","영등포동7가","중국집","5"
"20180108","월","여","40대","서울특별시","영등포구","문래동3가","중국집","13"
"20180108","월","여","60대이상","서울특별시","영등포구","당산동6가","중국집","5"
"20180108","월","남","60대이상","서울특별시","영등포구","영등포동1가","중국집","5"
"20180108","월","남","10대","서울특별시","영등포구","문래동2가","중국집","5"
"20180108","월","여","40대","서울특별시","영등포구","문래동2가","중국집","27"
"20180108","월","여","60대이상","서울특별시","영등포구","문래동2가","중국집","5"
"20180108","월","여","60대이상","서울특별시","영등포구","문래동3가","중국집","7"
"20180108","월","여","60대이상","서울특별시","영등포구","신길동","중국집","5"
"20180108","월","남","60대이상","서울특별시","영등포구","대림동","중국집","5"
"20180108","월","여","60대이상","서울특별시","영등포구","여의도동","중국집","5"
"20180108","월","여","60대이상","서울특별시","영등포구","영등포동1가","중국집","5"
"20180108","월","남","50대","서울특별시","영등포구","문래동2가","중국집","10"
"20180108","월","여","60대이상","서울특별시","영등포구","영등포동7가","중국집","5"
"20180108","월","남","10대","서울특별시","용산구","한강로3가","중국집","5"
"20180108","월","남","10대","서울특별시","용산구","후암동","중국집","5"
"20180108","월","남","20대","서울특별시","용산구","보광동","중국집","5"
"20180108","월","남","20대","서울특별시","용산구","신계동","중국집","5"
"20180108","월","남","20대","서울특별시","용산구","이태원동","중국집","5"
"20180108","월","남","20대","서울특별시","용산구","한남동","중국집","5"
"20180108","월","남","20대","서울특별시","용산구","후암동","중국집","17"
"20180108","월","남","30대","서울특별시","용산구","동자동","중국집","5"
"20180108","월","남","30대","서울특별시","용산구","보광동","중국집","7"
"20180108","월","남","30대","서울특별시","용산구","한강로3가","중국집","35"
"20180108","월","남","30대","서울특별시","용산구","한남동","중국집","5"
"20180108","월","남","30대","서울특별시","용산구","후암동","중국집","35"
"20180108","월","남","40대","서울특별시","용산구","신계동","중국집","6"
"20180108","월","남","40대","서울특별시","용산구","이태원동","중국집","5"
"20180108","월","남","50대","서울특별시","용산구","보광동","중국집","5"
"20180108","월","남","30대","서울특별시","용산구","갈월동","중국집","5"
"20180108","월","남","50대","서울특별시","용산구","이태원동","중국집","5"
"20180108","월","남","50대","서울특별시","용산구","한강로3가","중국집","18"
"20180108","월","남","40대","서울특별시","용산구","원효로4가","중국집","5"
"20180108","월","남","30대","서울특별시","용산구","원효로4가","중국집","5"
"20180108","월","남","50대","서울특별시","용산구","한남동","중국집","5"
"20180108","월","남","60대이상","서울특별시","용산구","보광동","중국집","7"
"20180108","월","여","20대","서울특별시","용산구","이태원동","중국집","5"
"20180108","월","여","20대","서울특별시","용산구","한강로3가","중국집","9"
"20180108","월","여","20대","서울특별시","용산구","한남동","중국집","5"
"20180108","월","여","30대","서울특별시","용산구","도원동","중국집","5"
"20180108","월","여","30대","서울특별시","용산구","이촌동","중국집","6"
"20180108","월","여","30대","서울특별시","용산구","한강로1가","중국집","5"
"20180108","월","남","40대","서울특별시","용산구","보광동","중국집","5"
"20180108","월","여","30대","서울특별시","용산구","한강로3가","중국집","16"
"20180108","월","남","20대","서울특별시","용산구","한강로3가","중국집","18"
"20180108","월","남","40대","서울특별시","용산구","한강로3가","중국집","37"
"20180108","월","여","30대","서울특별시","용산구","후암동","중국집","27"
"20180108","월","여","40대","서울특별시","용산구","도원동","중국집","5"
"20180108","월","여","40대","서울특별시","용산구","보광동","중국집","5"
"20180108","월","여","40대","서울특별시","용산구","원효로4가","중국집","5"
"20180108","월","여","40대","서울특별시","용산구","이촌동","중국집","5"
"20180108","월","남","30대","서울특별시","용산구","이태원동","중국집","6"
"20180108","월","남","60대이상","서울특별시","용산구","후암동","중국집","9"
"20180108","월","여","40대","서울특별시","용산구","한강로3가","중국집","41"
"20180108","월","여","40대","서울특별시","용산구","한남동","중국집","5"
"20180108","월","남","30대","서울특별시","용산구","도원동","중국집","5"
"20180108","월","여","40대","서울특별시","용산구","후암동","중국집","17"
"20180108","월","여","10대","서울특별시","용산구","후암동","중국집","5"
"20180108","월","남","40대","서울특별시","용산구","후암동","중국집","26"
"20180108","월","여","50대","서울특별시","용산구","보광동","중국집","5"
"20180108","월","남","60대이상","서울특별시","용산구","한강로3가","중국집","16"
"20180108","월","여","50대","서울특별시","용산구","신계동","중국집","5"
"20180108","월","남","20대","서울특별시","용산구","이촌동","중국집","5"
"20180108","월","여","50대","서울특별시","용산구","원효로4가","중국집","5"
"20180108","월","여","20대","서울특별시","용산구","원효로4가","중국집","5"
"20180108","월","여","50대","서울특별시","용산구","한강로3가","중국집","16"
"20180108","월","여","30대","서울특별시","용산구","원효로4가","중국집","5"
"20180108","월","여","30대","서울특별시","용산구","보광동","중국집","5"
"20180108","월","여","20대","서울특별시","용산구","후암동","중국집","14"
"20180108","월","여","50대","서울특별시","용산구","한남동","중국집","5"
"20180108","월","남","50대","서울특별시","용산구","후암동","중국집","31"
"20180108","월","여","50대","서울특별시","용산구","후암동","중국집","12"
"20180108","월","여","60대이상","서울특별시","용산구","보광동","중국집","5"
"20180108","월","여","60대이상","서울특별시","용산구","원효로4가","중국집","5"
"20180108","월","남","10대","서울특별시","용산구","보광동","중국집","5"
"20180108","월","여","60대이상","서울특별시","용산구","한강로3가","중국집","5"
"20180108","월","여","50대","서울특별시","용산구","이촌동","중국집","5"
"20180108","월","여","60대이상","서울특별시","용산구","한남동","중국집","5"
"20180108","월","여","60대이상","서울특별시","용산구","이촌동","중국집","5"
"20180108","월","여","60대이상","서울특별시","용산구","후암동","중국집","6"
"20180108","월","남","10대","서울특별시","은평구","불광동","중국집","5"
"20180108","월","남","20대","서울특별시","은평구","구산동","중국집","5"
"20180108","월","남","20대","서울특별시","은평구","불광동","중국집","17"
"20180108","월","남","20대","서울특별시","은평구","증산동","중국집","5"
"20180108","월","남","30대","서울특별시","은평구","갈현동","중국집","5"
"20180108","월","남","30대","서울특별시","은평구","불광동","중국집","24"
"20180108","월","남","40대","서울특별시","은평구","불광동","중국집","26"
"20180108","월","남","40대","서울특별시","은평구","증산동","중국집","5"
"20180108","월","남","50대","서울특별시","은평구","불광동","중국집","21"
"20180108","월","여","10대","서울특별시","은평구","구산동","중국집","5"
"20180108","월","여","10대","서울특별시","은평구","불광동","중국집","5"
"20180108","월","여","20대","서울특별시","은평구","구산동","중국집","5"
"20180108","월","남","50대","서울특별시","은평구","수색동","중국집","5"
"20180108","월","여","20대","서울특별시","은평구","불광동","중국집","10"
"20180108","월","여","20대","서울특별시","은평구","증산동","중국집","5"
"20180108","월","남","60대이상","서울특별시","은평구","불광동","중국집","10"
"20180108","월","남","30대","서울특별시","은평구","증산동","중국집","5"
"20180108","월","여","30대","서울특별시","은평구","불광동","중국집","19"
"20180108","월","여","30대","서울특별시","은평구","수색동","중국집","5"
"20180108","월","여","40대","서울특별시","은평구","불광동","중국집","31"
"20180108","월","여","40대","서울특별시","은평구","증산동","중국집","6"
"20180108","월","여","50대","서울특별시","은평구","불광동","중국집","29"
"20180108","월","남","60대이상","서울특별시","은평구","증산동","중국집","5"
"20180108","월","여","50대","서울특별시","은평구","증산동","중국집","5"
"20180108","월","여","30대","서울특별시","은평구","증산동","중국집","7"
"20180108","월","여","60대이상","서울특별시","은평구","불광동","중국집","8"
"20180108","월","여","60대이상","서울특별시","은평구","증산동","중국집","5"
"20180108","월","남","20대","서울특별시","종로구","종로6가","중국집","5"
"20180108","월","남","20대","서울특별시","종로구","평창동","중국집","5"
"20180108","월","남","30대","서울특별시","종로구","동숭동","중국집","5"
"20180108","월","남","30대","서울특별시","종로구","명륜1가","중국집","5"
"20180108","월","남","30대","서울특별시","종로구","원서동","중국집","5"
"20180108","월","남","40대","서울특별시","종로구","경운동","중국집","5"
"20180108","월","남","40대","서울특별시","종로구","낙원동","중국집","5"
"20180108","월","남","40대","서울특별시","종로구","서린동","중국집","5"
"20180108","월","남","40대","서울특별시","종로구","신문로2가","중국집","5"
"20180108","월","남","40대","서울특별시","종로구","원서동","중국집","5"
"20180108","월","남","20대","서울특별시","종로구","교남동","중국집","5"
"20180108","월","남","50대","서울특별시","종로구","관수동","중국집","5"
"20180108","월","남","50대","서울특별시","종로구","숭인동","중국집","5"
"20180108","월","남","50대","서울특별시","종로구","신문로2가","중국집","5"
"20180108","월","남","50대","서울특별시","종로구","종로6가","중국집","5"
"20180108","월","남","50대","서울특별시","종로구","교남동","중국집","5"
"20180108","월","남","30대","서울특별시","종로구","숭인동","중국집","5"
"20180108","월","남","50대","서울특별시","종로구","평창동","중국집","5"
"20180108","월","남","60대이상","서울특별시","종로구","서린동","중국집","5"
"20180108","월","남","50대","서울특별시","종로구","경운동","중국집","5"
"20180108","월","남","60대이상","서울특별시","종로구","숭인동","중국집","5"
"20180108","월","남","60대이상","서울특별시","종로구","신문로2가","중국집","5"
"20180108","월","남","60대이상","서울특별시","종로구","원서동","중국집","5"
"20180108","월","남","10대","서울특별시","종로구","교남동","중국집","5"
"20180108","월","남","60대이상","서울특별시","종로구","청진동","중국집","5"
"20180108","월","여","10대","서울특별시","종로구","원서동","중국집","5"
"20180108","월","남","20대","서울특별시","종로구","관수동","중국집","5"
"20180108","월","여","20대","서울특별시","종로구","관수동","중국집","5"
"20180108","월","남","50대","서울특별시","종로구","창신동","중국집","5"
"20180108","월","여","20대","서울특별시","종로구","명륜1가","중국집","5"
"20180108","월","남","30대","서울특별시","종로구","옥인동","중국집","5"
"20180108","월","여","20대","서울특별시","종로구","숭인동","중국집","5"
"20180108","월","여","20대","서울특별시","종로구","원서동","중국집","5"
"20180108","월","남","20대","서울특별시","종로구","명륜1가","중국집","5"
"20180108","월","남","20대","서울특별시","종로구","동숭동","중국집","5"
"20180108","월","여","20대","서울특별시","종로구","종로6가","중국집","5"
"20180108","월","여","30대","서울특별시","종로구","관수동","중국집","5"
"20180108","월","여","30대","서울특별시","종로구","교남동","중국집","5"
"20180108","월","남","60대이상","서울특별시","종로구","종로3가","중국집","5"
"20180108","월","여","30대","서울특별시","종로구","신문로2가","중국집","5"
"20180108","월","남","30대","서울특별시","종로구","서린동","중국집","5"
"20180108","월","여","30대","서울특별시","종로구","옥인동","중국집","5"
"20180108","월","여","30대","서울특별시","종로구","창성동","중국집","6"
"20180108","월","남","30대","서울특별시","종로구","신문로2가","중국집","5"
"20180108","월","여","40대","서울특별시","종로구","경운동","중국집","5"
"20180108","월","여","20대","서울특별시","종로구","창성동","중국집","5"
"20180108","월","남","20대","서울특별시","종로구","낙원동","중국집","5"
"20180108","월","여","40대","서울특별시","종로구","동숭동","중국집","5"
"20180108","월","여","20대","서울특별시","종로구","평창동","중국집","5"
"20180108","월","여","40대","서울특별시","종로구","서린동","중국집","5"
"20180108","월","남","10대","서울특별시","종로구","창성동","중국집","5"
"20180108","월","남","40대","서울특별시","종로구","평창동","중국집","5"
"20180108","월","여","40대","서울특별시","종로구","신문로2가","중국집","5"
"20180108","월","여","40대","서울특별시","종로구","창성동","중국집","5"
"20180108","월","여","50대","서울특별시","종로구","원서동","중국집","5"
"20180108","월","여","50대","서울특별시","종로구","신문로2가","중국집","5"
"20180108","월","여","40대","서울특별시","종로구","원서동","중국집","5"
"20180108","월","여","50대","서울특별시","종로구","종로6가","중국집","5"
"20180108","월","남","40대","서울특별시","종로구","관수동","중국집","5"
"20180108","월","여","50대","서울특별시","종로구","평창동","중국집","5"
"20180108","월","남","60대이상","서울특별시","종로구","명륜1가","중국집","5"
"20180108","월","남","30대","서울특별시","종로구","평창동","중국집","5"
"20180108","월","남","20대","서울특별시","종로구","경운동","중국집","5"
"20180108","월","여","30대","서울특별시","종로구","서린동","중국집","5"
"20180108","월","여","60대이상","서울특별시","종로구","낙원동","중국집","5"
"20180108","월","남","30대","서울특별시","종로구","낙원동","중국집","5"
"20180108","월","여","20대","서울특별시","종로구","신문로2가","중국집","5"
"20180108","월","여","60대이상","서울특별시","종로구","원서동","중국집","5"
"20180108","월","여","30대","서울특별시","종로구","원서동","중국집","5"
"20180108","월","여","60대이상","서울특별시","종로구","종로5가","중국집","5"
"20180108","월","남","40대","서울특별시","종로구","동숭동","중국집","5"
"20180108","월","여","20대","서울특별시","종로구","동숭동","중국집","5"
"20180108","월","여","60대이상","서울특별시","종로구","평창동","중국집","5"
"20180108","월","남","10대","서울특별시","중구","필동2가","중국집","5"
"20180108","월","남","20대","서울특별시","중구","수하동","중국집","24"
"20180108","월","남","20대","서울특별시","중구","신당동","중국집","32"
"20180108","월","남","30대","서울특별시","중구","필동2가","중국집","5"
"20180108","월","남","40대","서울특별시","중구","명동1가","중국집","5"
"20180108","월","남","30대","서울특별시","중구","회현동1가","중국집","5"
"20180108","월","남","40대","서울특별시","중구","을지로3가","중국집","5"
"20180108","월","남","30대","서울특별시","중구","정동","중국집","5"
"20180108","월","남","40대","서울특별시","중구","수하동","중국집","55"
"20180108","월","남","30대","서울특별시","중구","수하동","중국집","71"
"20180108","월","남","40대","서울특별시","중구","필동2가","중국집","5"
"20180108","월","남","50대","서울특별시","중구","흥인동","중국집","5"
"20180108","월","남","50대","서울특별시","중구","신당동","중국집","35"
"20180108","월","남","60대이상","서울특별시","중구","신당동","중국집","39"
"20180108","월","남","60대이상","서울특별시","중구","을지로3가","중국집","5"
"20180108","월","여","10대","서울특별시","중구","수하동","중국집","5"
"20180108","월","남","50대","서울특별시","중구","을지로3가","중국집","5"
"20180108","월","여","10대","서울특별시","중구","신당동","중국집","5"
"20180108","월","남","50대","서울특별시","중구","주교동","중국집","5"
"20180108","월","여","20대","서울특별시","중구","무교동","중국집","5"
"20180108","월","여","20대","서울특별시","중구","을지로6가","중국집","5"
"20180108","월","여","20대","서울특별시","중구","정동","중국집","5"
"20180108","월","여","20대","서울특별시","중구","필동2가","중국집","5"
"20180108","월","여","30대","서울특별시","중구","명동1가","중국집","5"
"20180108","월","여","30대","서울특별시","중구","수표동","중국집","5"
"20180108","월","남","40대","서울특별시","중구","을지로6가","중국집","5"
"20180108","월","남","30대","서울특별시","중구","충무로1가","중국집","5"
"20180108","월","남","30대","서울특별시","중구","신당동","중국집","56"
"20180108","월","여","30대","서울특별시","중구","수하동","중국집","27"
"20180108","월","여","30대","서울특별시","중구","신당동","중국집","27"
"20180108","월","여","30대","서울특별시","중구","을지로6가","중국집","5"
"20180108","월","여","30대","서울특별시","중구","정동","중국집","5"
"20180108","월","여","30대","서울특별시","중구","충무로1가","중국집","5"
"20180108","월","남","40대","서울특별시","중구","회현동1가","중국집","5"
"20180108","월","남","10대","서울특별시","중구","수하동","중국집","6"
"20180108","월","여","30대","서울특별시","중구","필동2가","중국집","5"
"20180108","월","여","40대","서울특별시","중구","무교동","중국집","5"
"20180108","월","여","40대","서울특별시","중구","수표동","중국집","5"
"20180108","월","여","40대","서울특별시","중구","수하동","중국집","43"
"20180108","월","남","50대","서울특별시","중구","무교동","중국집","5"
"20180108","월","여","20대","서울특별시","중구","신당동","중국집","10"
"20180108","월","여","40대","서울특별시","중구","신당동","중국집","55"
"20180108","월","남","30대","서울특별시","중구","명동1가","중국집","5"
"20180108","월","남","30대","서울특별시","중구","을지로3가","중국집","5"
"20180108","월","여","40대","서울특별시","중구","을지로6가","중국집","5"
"20180108","월","남","50대","서울특별시","중구","수하동","중국집","63"
"20180108","월","여","50대","서울특별시","중구","수하동","중국집","21"
"20180108","월","여","20대","서울특별시","중구","수하동","중국집","17"
"20180108","월","여","50대","서울특별시","중구","장충동2가","중국집","5"
"20180108","월","여","50대","서울특별시","중구","주교동","중국집","5"
"20180108","월","여","50대","서울특별시","중구","회현동1가","중국집","5"
"20180108","월","여","60대이상","서울특별시","중구","수하동","중국집","9"
"20180108","월","남","10대","서울특별시","중구","신당동","중국집","5"
"20180108","월","여","60대이상","서울특별시","중구","신당동","중국집","25"
"20180108","월","남","30대","서울특별시","중구","을지로6가","중국집","5"
"20180108","월","여","20대","서울특별시","중구","장충동2가","중국집","5"
"20180108","월","남","40대","서울특별시","중구","신당동","중국집","54"
"20180108","월","남","50대","서울특별시","중구","정동","중국집","5"
"20180108","월","남","20대","서울특별시","중구","필동2가","중국집","5"
"20180108","월","여","60대이상","서울특별시","중구","회현동1가","중국집","5"
"20180108","월","남","60대이상","서울특별시","중구","수하동","중국집","20"
"20180108","월","여","50대","서울특별시","중구","신당동","중국집","22"
"20180108","월","남","10대","서울특별시","중랑구","망우동","중국집","5"
"20180108","월","남","10대","서울특별시","중랑구","면목동","중국집","5"
"20180108","월","남","10대","서울특별시","중랑구","신내동","중국집","5"
"20180108","월","남","30대","서울특별시","중랑구","망우동","중국집","5"
"20180108","월","남","30대","서울특별시","중랑구","신내동","중국집","5"
"20180108","월","남","30대","서울특별시","중랑구","중화동","중국집","5"
"20180108","월","남","20대","서울특별시","중랑구","면목동","중국집","21"
"20180108","월","남","40대","서울특별시","중랑구","망우동","중국집","5"
"20180108","월","남","40대","서울특별시","중랑구","면목동","중국집","30"
"20180108","월","남","40대","서울특별시","중랑구","신내동","중국집","5"
"20180108","월","남","50대","서울특별시","중랑구","망우동","중국집","5"
"20180108","월","남","50대","서울특별시","중랑구","면목동","중국집","30"
"20180108","월","남","50대","서울특별시","중랑구","묵동","중국집","5"
"20180108","월","남","50대","서울특별시","중랑구","상봉동","중국집","5"
"20180108","월","남","60대이상","서울특별시","중랑구","면목동","중국집","10"
"20180108","월","남","60대이상","서울특별시","중랑구","묵동","중국집","5"
"20180108","월","남","60대이상","서울특별시","중랑구","신내동","중국집","5"
"20180108","월","여","20대","서울특별시","중랑구","망우동","중국집","5"
"20180108","월","남","30대","서울특별시","중랑구","상봉동","중국집","5"
"20180108","월","여","20대","서울특별시","중랑구","면목동","중국집","9"
"20180108","월","여","20대","서울특별시","중랑구","묵동","중국집","5"
"20180108","월","여","20대","서울특별시","중랑구","신내동","중국집","5"
"20180108","월","여","30대","서울특별시","중랑구","망우동","중국집","5"
"20180108","월","남","20대","서울특별시","중랑구","망우동","중국집","5"
"20180108","월","여","10대","서울특별시","중랑구","면목동","중국집","5"
"20180108","월","여","30대","서울특별시","중랑구","면목동","중국집","20"
"20180108","월","여","40대","서울특별시","중랑구","망우동","중국집","5"
"20180108","월","여","40대","서울특별시","중랑구","면목동","중국집","38"
"20180108","월","여","40대","서울특별시","중랑구","묵동","중국집","5"
"20180108","월","여","50대","서울특별시","중랑구","면목동","중국집","24"
"20180108","월","남","30대","서울특별시","중랑구","면목동","중국집","33"
"20180108","월","여","50대","서울특별시","중랑구","묵동","중국집","5"
"20180108","월","남","30대","서울특별시","중랑구","묵동","중국집","5"
"20180108","월","여","50대","서울특별시","중랑구","신내동","중국집","5"
"20180108","월","여","60대이상","서울특별시","중랑구","망우동","중국집","5"
"20180108","월","여","60대이상","서울특별시","중랑구","면목동","중국집","9"
"20180109","화","남","10대","서울특별시","강남구","세곡동","중국집","5"
"20180109","화","남","20대","서울특별시","강남구","압구정동","중국집","5"
"20180109","화","남","20대","서울특별시","강남구","대치동","중국집","5"
"20180109","화","남","30대","서울특별시","강남구","도곡동","중국집","5"
"20180109","화","남","30대","서울특별시","강남구","수서동","중국집","5"
"20180109","화","남","30대","서울특별시","강남구","압구정동","중국집","5"
"20180109","화","남","30대","서울특별시","강남구","일원동","중국집","5"
"20180109","화","남","10대","서울특별시","강남구","삼성동","중국집","9"
"20180109","화","남","40대","서울특별시","강남구","논현동","중국집","40"
"20180109","화","남","40대","서울특별시","강남구","삼성동","중국집","76"
"20180109","화","남","40대","서울특별시","강남구","세곡동","중국집","5"
"20180109","화","남","40대","서울특별시","강남구","압구정동","중국집","5"
"20180109","화","남","40대","서울특별시","강남구","일원동","중국집","5"
"20180109","화","남","50대","서울특별시","강남구","수서동","중국집","5"
"20180109","화","남","50대","서울특별시","강남구","역삼동","중국집","29"
"20180109","화","남","50대","서울특별시","강남구","도곡동","중국집","5"
"20180109","화","남","20대","서울특별시","강남구","세곡동","중국집","5"
"20180109","화","남","60대이상","서울특별시","강남구","논현동","중국집","15"
"20180109","화","남","60대이상","서울특별시","강남구","대치동","중국집","5"
"20180109","화","남","60대이상","서울특별시","강남구","세곡동","중국집","5"
"20180109","화","남","60대이상","서울특별시","강남구","역삼동","중국집","33"
"20180109","화","여","10대","서울특별시","강남구","논현동","중국집","5"
"20180109","화","여","10대","서울특별시","강남구","도곡동","중국집","5"
"20180109","화","여","10대","서울특별시","강남구","세곡동","중국집","5"
"20180109","화","여","10대","서울특별시","강남구","역삼동","중국집","5"
"20180109","화","여","20대","서울특별시","강남구","논현동","중국집","22"
"20180109","화","남","40대","서울특별시","강남구","도곡동","중국집","5"
"20180109","화","여","20대","서울특별시","강남구","대치동","중국집","5"
"20180109","화","여","20대","서울특별시","강남구","도곡동","중국집","5"
"20180109","화","여","20대","서울특별시","강남구","세곡동","중국집","5"
"20180109","화","남","60대이상","서울특별시","강남구","도곡동","중국집","5"
"20180109","화","여","20대","서울특별시","강남구","수서동","중국집","5"
"20180109","화","여","20대","서울특별시","강남구","역삼동","중국집","21"
"20180109","화","여","10대","서울특별시","강남구","압구정동","중국집","5"
"20180109","화","남","60대이상","서울특별시","강남구","개포동","중국집","5"
"20180109","화","남","30대","서울특별시","강남구","역삼동","중국집","77"
"20180109","화","남","30대","서울특별시","강남구","논현동","중국집","46"
"20180109","화","여","30대","서울특별시","강남구","논현동","중국집","38"
"20180109","화","여","20대","서울특별시","강남구","삼성동","중국집","38"
"20180109","화","여","30대","서울특별시","강남구","도곡동","중국집","5"
"20180109","화","여","30대","서울특별시","강남구","세곡동","중국집","11"
"20180109","화","남","20대","서울특별시","강남구","삼성동","중국집","40"
"20180109","화","여","30대","서울특별시","강남구","수서동","중국집","5"
"20180109","화","여","30대","서울특별시","강남구","역삼동","중국집","54"
"20180109","화","남","30대","서울특별시","강남구","삼성동","중국집","96"
"20180109","화","여","30대","서울특별시","강남구","일원동","중국집","5"
"20180109","화","남","60대이상","서울특별시","강남구","삼성동","중국집","35"
"20180109","화","여","40대","서울특별시","강남구","대치동","중국집","5"
"20180109","화","여","40대","서울특별시","강남구","도곡동","중국집","9"
"20180109","화","남","50대","서울특별시","강남구","논현동","중국집","33"
"20180109","화","남","50대","서울특별시","강남구","세곡동","중국집","5"
"20180109","화","여","40대","서울특별시","강남구","세곡동","중국집","12"
"20180109","화","남","60대이상","서울특별시","강남구","수서동","중국집","5"
"20180109","화","남","20대","서울특별시","강남구","수서동","중국집","5"
"20180109","화","남","20대","서울특별시","강남구","역삼동","중국집","32"
"20180109","화","여","40대","서울특별시","강남구","압구정동","중국집","5"
"20180109","화","여","40대","서울특별시","강남구","개포동","중국집","5"
"20180109","화","여","40대","서울특별시","강남구","역삼동","중국집","47"
"20180109","화","남","10대","서울특별시","강남구","역삼동","중국집","5"
"20180109","화","여","30대","서울특별시","강남구","대치동","중국집","5"
"20180109","화","여","50대","서울특별시","강남구","논현동","중국집","11"
"20180109","화","남","10대","서울특별시","강남구","일원동","중국집","5"
"20180109","화","여","50대","서울특별시","강남구","도곡동","중국집","5"
"20180109","화","여","40대","서울특별시","강남구","논현동","중국집","42"
"20180109","화","남","20대","서울특별시","강남구","논현동","중국집","26"
"20180109","화","남","50대","서울특별시","강남구","삼성동","중국집","45"
"20180109","화","여","40대","서울특별시","강남구","일원동","중국집","5"
"20180109","화","여","50대","서울특별시","강남구","삼성동","중국집","58"
"20180109","화","여","50대","서울특별시","강남구","세곡동","중국집","5"
"20180109","화","여","10대","서울특별시","강남구","삼성동","중국집","5"
"20180109","화","여","30대","서울특별시","강남구","개포동","중국집","5"
"20180109","화","여","50대","서울특별시","강남구","개포동","중국집","5"
"20180109","화","여","50대","서울특별시","강남구","수서동","중국집","5"
"20180109","화","여","50대","서울특별시","강남구","압구정동","중국집","5"
"20180109","화","여","50대","서울특별시","강남구","역삼동","중국집","18"
"20180109","화","남","40대","서울특별시","강남구","역삼동","중국집","59"
"20180109","화","여","60대이상","서울특별시","강남구","개포동","중국집","5"
"20180109","화","여","60대이상","서울특별시","강남구","논현동","중국집","12"
"20180109","화","여","60대이상","서울특별시","강남구","도곡동","중국집","5"
"20180109","화","여","60대이상","서울특별시","강남구","삼성동","중국집","24"
"20180109","화","여","30대","서울특별시","강남구","삼성동","중국집","51"
"20180109","화","여","60대이상","서울특별시","강남구","세곡동","중국집","8"
"20180109","화","여","60대이상","서울특별시","강남구","수서동","중국집","5"
"20180109","화","여","40대","서울특별시","강남구","삼성동","중국집","94"
"20180109","화","남","30대","서울특별시","강남구","세곡동","중국집","5"
"20180109","화","여","60대이상","서울특별시","강남구","역삼동","중국집","23"
"20180109","화","남","60대이상","서울특별시","강남구","압구정동","중국집","5"
"20180109","화","남","10대","서울특별시","강동구","둔촌동","중국집","5"
"20180109","화","남","10대","서울특별시","강동구","길동","중국집","10"
"20180109","화","남","10대","서울특별시","강동구","상일동","중국집","5"
"20180109","화","남","10대","서울특별시","강동구","천호동","중국집","5"
"20180109","화","남","20대","서울특별시","강동구","명일동","중국집","5"
"20180109","화","남","20대","서울특별시","강동구","천호동","중국집","5"
"20180109","화","남","30대","서울특별시","강동구","명일동","중국집","5"
"20180109","화","남","30대","서울특별시","강동구","성내동","중국집","5"
"20180109","화","남","40대","서울특별시","강동구","길동","중국집","60"
"20180109","화","남","40대","서울특별시","강동구","성내동","중국집","5"
"20180109","화","남","40대","서울특별시","강동구","암사동","중국집","5"
"20180109","화","남","40대","서울특별시","강동구","천호동","중국집","5"
"20180109","화","남","50대","서울특별시","강동구","명일동","중국집","5"
"20180109","화","남","20대","서울특별시","강동구","암사동","중국집","5"
"20180109","화","남","50대","서울특별시","강동구","성내동","중국집","5"
"20180109","화","남","50대","서울특별시","강동구","암사동","중국집","5"
"20180109","화","남","50대","서울특별시","강동구","천호동","중국집","5"
"20180109","화","남","60대이상","서울특별시","강동구","길동","중국집","30"
"20180109","화","남","60대이상","서울특별시","강동구","명일동","중국집","5"
"20180109","화","여","10대","서울특별시","강동구","길동","중국집","5"
"20180109","화","남","60대이상","서울특별시","강동구","성내동","중국집","5"
"20180109","화","여","10대","서울특별시","강동구","명일동","중국집","5"
"20180109","화","여","10대","서울특별시","강동구","성내동","중국집","5"
"20180109","화","여","20대","서울특별시","강동구","길동","중국집","15"
"20180109","화","여","20대","서울특별시","강동구","명일동","중국집","5"
"20180109","화","남","60대이상","서울특별시","강동구","암사동","중국집","5"
"20180109","화","여","20대","서울특별시","강동구","천호동","중국집","5"
"20180109","화","남","50대","서울특별시","강동구","길동","중국집","40"
"20180109","화","남","30대","서울특별시","강동구","암사동","중국집","5"
"20180109","화","여","20대","서울특별시","강동구","성내동","중국집","5"
"20180109","화","여","30대","서울특별시","강동구","길동","중국집","52"
"20180109","화","여","30대","서울특별시","강동구","성내동","중국집","8"
"20180109","화","남","20대","서울특별시","강동구","길동","중국집","34"
"20180109","화","남","30대","서울특별시","강동구","천호동","중국집","5"
"20180109","화","여","30대","서울특별시","강동구","암사동","중국집","5"
"20180109","화","여","40대","서울특별시","강동구","길동","중국집","86"
"20180109","화","여","40대","서울특별시","강동구","명일동","중국집","5"
"20180109","화","남","10대","서울특별시","강동구","명일동","중국집","5"
"20180109","화","여","40대","서울특별시","강동구","암사동","중국집","5"
"20180109","화","여","40대","서울특별시","강동구","천호동","중국집","5"
"20180109","화","여","50대","서울특별시","강동구","길동","중국집","41"
"20180109","화","여","50대","서울특별시","강동구","암사동","중국집","5"
"20180109","화","남","10대","서울특별시","강동구","성내동","중국집","5"
"20180109","화","여","30대","서울특별시","강동구","명일동","중국집","5"
"20180109","화","여","50대","서울특별시","강동구","천호동","중국집","5"
"20180109","화","여","60대이상","서울특별시","강동구","길동","중국집","26"
"20180109","화","여","50대","서울특별시","강동구","성내동","중국집","5"
"20180109","화","여","60대이상","서울특별시","강동구","명일동","중국집","5"
"20180109","화","남","30대","서울특별시","강동구","길동","중국집","58"
"20180109","화","여","60대이상","서울특별시","강동구","성내동","중국집","5"
"20180109","화","여","40대","서울특별시","강동구","상일동","중국집","5"
"20180109","화","여","50대","서울특별시","강동구","명일동","중국집","5"
"20180109","화","여","60대이상","서울특별시","강동구","천호동","중국집","5"
"20180109","화","여","40대","서울특별시","강동구","성내동","중국집","8"
"20180109","화","남","20대","서울특별시","강동구","성내동","중국집","5"
"20180109","화","남","10대","서울특별시","강북구","미아동","중국집","14"
"20180109","화","남","10대","서울특별시","강북구","번동","중국집","5"
"20180109","화","남","20대","서울특별시","강북구","미아동","중국집","33"
"20180109","화","남","20대","서울특별시","강북구","우이동","중국집","5"
"20180109","화","남","40대","서울특별시","강북구","번동","중국집","17"
"20180109","화","남","20대","서울특별시","강북구","번동","중국집","7"
"20180109","화","남","50대","서울특별시","강북구","미아동","중국집","51"
"20180109","화","남","50대","서울특별시","강북구","번동","중국집","13"
"20180109","화","남","60대이상","서울특별시","강북구","미아동","중국집","35"
"20180109","화","남","60대이상","서울특별시","강북구","번동","중국집","8"
"20180109","화","여","10대","서울특별시","강북구","미아동","중국집","5"
"20180109","화","남","40대","서울특별시","강북구","우이동","중국집","5"
"20180109","화","남","50대","서울특별시","강북구","우이동","중국집","5"
"20180109","화","여","10대","서울특별시","강북구","번동","중국집","5"
"20180109","화","여","10대","서울특별시","강북구","우이동","중국집","5"
"20180109","화","여","20대","서울특별시","강북구","번동","중국집","5"
"20180109","화","남","40대","서울특별시","강북구","미아동","중국집","72"
"20180109","화","여","20대","서울특별시","강북구","우이동","중국집","5"
"20180109","화","여","30대","서울특별시","강북구","미아동","중국집","29"
"20180109","화","여","20대","서울특별시","강북구","미아동","중국집","17"
"20180109","화","여","30대","서울특별시","강북구","번동","중국집","15"
"20180109","화","여","40대","서울특별시","강북구","미아동","중국집","75"
"20180109","화","여","40대","서울특별시","강북구","번동","중국집","19"
"20180109","화","남","30대","서울특별시","강북구","번동","중국집","16"
"20180109","화","남","30대","서울특별시","강북구","미아동","중국집","46"
"20180109","화","여","40대","서울특별시","강북구","수유동","중국집","5"
"20180109","화","여","40대","서울특별시","강북구","우이동","중국집","5"
"20180109","화","여","50대","서울특별시","강북구","미아동","중국집","47"
"20180109","화","여","50대","서울특별시","강북구","번동","중국집","9"
"20180109","화","여","60대이상","서울특별시","강북구","미아동","중국집","30"
"20180109","화","여","60대이상","서울특별시","강북구","번동","중국집","9"
"20180109","화","여","60대이상","서울특별시","강북구","우이동","중국집","5"
"20180109","화","남","10대","서울특별시","강서구","가양동","중국집","5"
"20180109","화","남","10대","서울특별시","강서구","내발산동","중국집","5"
"20180109","화","남","10대","서울특별시","강서구","화곡동","중국집","7"
"20180109","화","남","20대","서울특별시","강서구","내발산동","중국집","26"
"20180109","화","남","20대","서울특별시","강서구","마곡동","중국집","5"
"20180109","화","남","20대","서울특별시","강서구","방화동","중국집","5"
"20180109","화","남","30대","서울특별시","강서구","가양동","중국집","27"
"20180109","화","남","30대","서울특별시","강서구","내발산동","중국집","64"
"20180109","화","남","30대","서울특별시","강서구","등촌동","중국집","15"
"20180109","화","남","40대","서울특별시","강서구","가양동","중국집","20"
"20180109","화","남","40대","서울특별시","강서구","등촌동","중국집","19"
"20180109","화","남","40대","서울특별시","강서구","내발산동","중국집","42"
"20180109","화","남","40대","서울특별시","강서구","마곡동","중국집","5"
"20180109","화","남","40대","서울특별시","강서구","방화동","중국집","5"
"20180109","화","남","50대","서울특별시","강서구","가양동","중국집","10"
"20180109","화","남","50대","서울특별시","강서구","내발산동","중국집","39"
"20180109","화","남","50대","서울특별시","강서구","등촌동","중국집","11"
"20180109","화","남","20대","서울특별시","강서구","화곡동","중국집","23"
"20180109","화","남","30대","서울특별시","강서구","마곡동","중국집","5"
"20180109","화","남","50대","서울특별시","강서구","방화동","중국집","5"
"20180109","화","남","60대이상","서울특별시","강서구","가양동","중국집","9"
"20180109","화","남","60대이상","서울특별시","강서구","내발산동","중국집","10"
"20180109","화","남","60대이상","서울특별시","강서구","화곡동","중국집","18"
"20180109","화","여","10대","서울특별시","강서구","가양동","중국집","5"
"20180109","화","여","10대","서울특별시","강서구","내발산동","중국집","5"
"20180109","화","여","10대","서울특별시","강서구","등촌동","중국집","5"
"20180109","화","여","10대","서울특별시","강서구","화곡동","중국집","6"
"20180109","화","남","20대","서울특별시","강서구","등촌동","중국집","9"
"20180109","화","남","50대","서울특별시","강서구","화곡동","중국집","23"
"20180109","화","여","20대","서울특별시","강서구","가양동","중국집","13"
"20180109","화","여","20대","서울특별시","강서구","방화동","중국집","5"
"20180109","화","여","20대","서울특별시","강서구","화곡동","중국집","9"
"20180109","화","남","30대","서울특별시","강서구","외발산동","중국집","5"
"20180109","화","여","30대","서울특별시","강서구","가양동","중국집","24"
"20180109","화","남","20대","서울특별시","강서구","가양동","중국집","14"
"20180109","화","여","30대","서울특별시","강서구","내발산동","중국집","24"
"20180109","화","여","30대","서울특별시","강서구","등촌동","중국집","22"
"20180109","화","여","20대","서울특별시","강서구","마곡동","중국집","5"
"20180109","화","여","30대","서울특별시","강서구","방화동","중국집","5"
"20180109","화","남","30대","서울특별시","강서구","화곡동","중국집","43"
"20180109","화","여","30대","서울특별시","강서구","화곡동","중국집","39"
"20180109","화","여","40대","서울특별시","강서구","가양동","중국집","20"
"20180109","화","여","20대","서울특별시","강서구","등촌동","중국집","5"
"20180109","화","여","40대","서울특별시","강서구","내발산동","중국집","61"
"20180109","화","여","40대","서울특별시","강서구","마곡동","중국집","5"
"20180109","화","남","60대이상","서울특별시","강서구","마곡동","중국집","5"
"20180109","화","남","40대","서울특별시","강서구","화곡동","중국집","32"
"20180109","화","여","40대","서울특별시","강서구","방화동","중국집","5"
"20180109","화","여","40대","서울특별시","강서구","화곡동","중국집","66"
"20180109","화","여","20대","서울특별시","강서구","외발산동","중국집","5"
"20180109","화","여","50대","서울특별시","강서구","가양동","중국집","13"
"20180109","화","남","20대","서울특별시","강서구","외발산동","중국집","5"
"20180109","화","여","50대","서울특별시","강서구","내발산동","중국집","48"
"20180109","화","여","40대","서울특별시","강서구","등촌동","중국집","28"
"20180109","화","여","50대","서울특별시","강서구","등촌동","중국집","16"
"20180109","화","여","50대","서울특별시","강서구","방화동","중국집","5"
"20180109","화","남","60대이상","서울특별시","강서구","등촌동","중국집","6"
"20180109","화","여","50대","서울특별시","강서구","외발산동","중국집","5"
"20180109","화","여","50대","서울특별시","강서구","화곡동","중국집","41"
"20180109","화","여","60대이상","서울특별시","강서구","가양동","중국집","5"
"20180109","화","여","60대이상","서울특별시","강서구","내발산동","중국집","12"
"20180109","화","여","20대","서울특별시","강서구","내발산동","중국집","17"
"20180109","화","남","30대","서울특별시","강서구","방화동","중국집","5"
"20180109","화","여","60대이상","서울특별시","강서구","등촌동","중국집","5"
"20180109","화","여","60대이상","서울특별시","강서구","방화동","중국집","5"
"20180109","화","여","60대이상","서울특별시","강서구","화곡동","중국집","29"
"20180109","화","남","10대","서울특별시","관악구","신림동","중국집","5"
"20180109","화","남","20대","서울특별시","관악구","봉천동","중국집","6"
"20180109","화","남","20대","서울특별시","관악구","신림동","중국집","12"
"20180109","화","남","30대","서울특별시","관악구","봉천동","중국집","6"
"20180109","화","남","30대","서울특별시","관악구","신림동","중국집","10"
"20180109","화","남","40대","서울특별시","관악구","봉천동","중국집","5"
"20180109","화","남","50대","서울특별시","관악구","봉천동","중국집","5"
"20180109","화","남","50대","서울특별시","관악구","신림동","중국집","5"
"20180109","화","남","60대이상","서울특별시","관악구","봉천동","중국집","5"
"20180109","화","여","20대","서울특별시","관악구","봉천동","중국집","5"
"20180109","화","여","20대","서울특별시","관악구","신림동","중국집","5"
"20180109","화","여","30대","서울특별시","관악구","봉천동","중국집","9"
"20180109","화","남","40대","서울특별시","관악구","신림동","중국집","5"
"20180109","화","여","30대","서울특별시","관악구","신림동","중국집","9"
"20180109","화","여","40대","서울특별시","관악구","신림동","중국집","10"
"20180109","화","여","40대","서울특별시","관악구","봉천동","중국집","5"
"20180109","화","남","60대이상","서울특별시","관악구","신림동","중국집","5"
"20180109","화","여","50대","서울특별시","관악구","봉천동","중국집","5"
"20180109","화","여","50대","서울특별시","관악구","신림동","중국집","5"
"20180109","화","여","60대이상","서울특별시","관악구","봉천동","중국집","5"
"20180109","화","여","60대이상","서울특별시","관악구","신림동","중국집","5"
"20180109","화","남","10대","서울특별시","광진구","광장동","중국집","5"
"20180109","화","남","10대","서울특별시","광진구","자양동","중국집","5"
"20180109","화","남","30대","서울특별시","광진구","광장동","중국집","5"
"20180109","화","남","30대","서울특별시","광진구","능동","중국집","5"
"20180109","화","남","30대","서울특별시","광진구","중곡동","중국집","5"
"20180109","화","남","40대","서울특별시","광진구","구의동","중국집","5"
"20180109","화","남","40대","서울특별시","광진구","자양동","중국집","8"
"20180109","화","남","40대","서울특별시","광진구","중곡동","중국집","5"
"20180109","화","남","30대","서울특별시","광진구","화양동","중국집","5"
"20180109","화","남","50대","서울특별시","광진구","자양동","중국집","5"
"20180109","화","남","60대이상","서울특별시","광진구","자양동","중국집","6"
"20180109","화","여","10대","서울특별시","광진구","구의동","중국집","5"
"20180109","화","남","20대","서울특별시","광진구","자양동","중국집","9"
"20180109","화","남","30대","서울특별시","광진구","자양동","중국집","8"
"20180109","화","여","20대","서울특별시","광진구","능동","중국집","5"
"20180109","화","여","10대","서울특별시","광진구","자양동","중국집","5"
"20180109","화","여","10대","서울특별시","광진구","능동","중국집","5"
"20180109","화","여","20대","서울특별시","광진구","광장동","중국집","5"
"20180109","화","여","20대","서울특별시","광진구","자양동","중국집","5"
"20180109","화","여","30대","서울특별시","광진구","광장동","중국집","5"
"20180109","화","여","30대","서울특별시","광진구","구의동","중국집","5"
"20180109","화","여","30대","서울특별시","광진구","화양동","중국집","5"
"20180109","화","남","40대","서울특별시","광진구","능동","중국집","5"
"20180109","화","여","40대","서울특별시","광진구","자양동","중국집","8"
"20180109","화","여","40대","서울특별시","광진구","중곡동","중국집","5"
"20180109","화","여","30대","서울특별시","광진구","자양동","중국집","7"
"20180109","화","남","20대","서울특별시","광진구","화양동","중국집","5"
"20180109","화","여","50대","서울특별시","광진구","광장동","중국집","5"
"20180109","화","여","50대","서울특별시","광진구","능동","중국집","5"
"20180109","화","여","50대","서울특별시","광진구","자양동","중국집","5"
"20180109","화","여","60대이상","서울특별시","광진구","능동","중국집","5"
"20180109","화","여","60대이상","서울특별시","광진구","자양동","중국집","5"
"20180109","화","남","10대","서울특별시","구로구","개봉동","중국집","7"
"20180109","화","남","20대","서울특별시","구로구","개봉동","중국집","12"
"20180109","화","남","20대","서울특별시","구로구","구로동","중국집","5"
"20180109","화","남","30대","서울특별시","구로구","구로동","중국집","5"
"20180109","화","남","30대","서울특별시","구로구","궁동","중국집","5"
"20180109","화","남","40대","서울특별시","구로구","개봉동","중국집","31"
"20180109","화","남","50대","서울특별시","구로구","개봉동","중국집","15"
"20180109","화","남","60대이상","서울특별시","구로구","구로동","중국집","5"
"20180109","화","남","60대이상","서울특별시","구로구","궁동","중국집","5"
"20180109","화","여","10대","서울특별시","구로구","개봉동","중국집","5"
"20180109","화","여","10대","서울특별시","구로구","궁동","중국집","5"
"20180109","화","여","20대","서울특별시","구로구","개봉동","중국집","13"
"20180109","화","여","20대","서울특별시","구로구","구로동","중국집","5"
"20180109","화","여","20대","서울특별시","구로구","신도림동","중국집","5"
"20180109","화","여","30대","서울특별시","구로구","개봉동","중국집","19"
"20180109","화","여","30대","서울특별시","구로구","궁동","중국집","5"
"20180109","화","여","30대","서울특별시","구로구","신도림동","중국집","5"
"20180109","화","여","40대","서울특별시","구로구","개봉동","중국집","25"
"20180109","화","여","40대","서울특별시","구로구","구로동","중국집","5"
"20180109","화","남","30대","서울특별시","구로구","개봉동","중국집","16"
"20180109","화","여","40대","서울특별시","구로구","궁동","중국집","5"
"20180109","화","여","30대","서울특별시","구로구","구로동","중국집","5"
"20180109","화","여","50대","서울특별시","구로구","개봉동","중국집","21"
"20180109","화","여","50대","서울특별시","구로구","구로동","중국집","5"
"20180109","화","여","60대이상","서울특별시","구로구","개봉동","중국집","10"
"20180109","화","남","20대","서울특별시","구로구","궁동","중국집","5"
"20180109","화","남","60대이상","서울특별시","구로구","개봉동","중국집","11"
"20180109","화","남","10대","서울특별시","금천구","가산동","중국집","5"
"20180109","화","남","30대","서울특별시","금천구","가산동","중국집","19"
"20180109","화","남","30대","서울특별시","금천구","독산동","중국집","5"
"20180109","화","남","30대","서울특별시","금천구","시흥동","중국집","7"
"20180109","화","남","40대","서울특별시","금천구","시흥동","중국집","5"
"20180109","화","남","50대","서울특별시","금천구","가산동","중국집","16"
"20180109","화","남","50대","서울특별시","금천구","시흥동","중국집","5"
"20180109","화","남","20대","서울특별시","금천구","독산동","중국집","5"
"20180109","화","남","60대이상","서울특별시","금천구","가산동","중국집","5"
"20180109","화","여","20대","서울특별시","금천구","가산동","중국집","6"
"20180109","화","여","20대","서울특별시","금천구","독산동","중국집","5"
"20180109","화","여","30대","서울특별시","금천구","가산동","중국집","7"
"20180109","화","남","20대","서울특별시","금천구","시흥동","중국집","5"
"20180109","화","여","30대","서울특별시","금천구","독산동","중국집","5"
"20180109","화","여","30대","서울특별시","금천구","시흥동","중국집","5"
"20180109","화","여","40대","서울특별시","금천구","가산동","중국집","11"
"20180109","화","여","40대","서울특별시","금천구","시흥동","중국집","5"
"20180109","화","여","50대","서울특별시","금천구","가산동","중국집","5"
"20180109","화","남","40대","서울특별시","금천구","독산동","중국집","5"
"20180109","화","남","20대","서울특별시","금천구","가산동","중국집","6"
"20180109","화","여","50대","서울특별시","금천구","독산동","중국집","5"
"20180109","화","여","50대","서울특별시","금천구","시흥동","중국집","6"
"20180109","화","남","40대","서울특별시","금천구","가산동","중국집","18"
"20180109","화","여","10대","서울특별시","금천구","가산동","중국집","5"
"20180109","화","여","60대이상","서울특별시","금천구","가산동","중국집","5"
"20180109","화","여","60대이상","서울특별시","금천구","독산동","중국집","5"
"20180109","화","여","60대이상","서울특별시","금천구","시흥동","중국집","5"
"20180109","화","남","10대","서울특별시","노원구","상계동","중국집","16"
"20180109","화","남","10대","서울특별시","노원구","중계동","중국집","5"
"20180109","화","남","30대","서울특별시","노원구","상계동","중국집","23"
"20180109","화","남","30대","서울특별시","노원구","월계동","중국집","10"
"20180109","화","남","30대","서울특별시","노원구","중계동","중국집","5"
"20180109","화","남","30대","서울특별시","노원구","하계동","중국집","5"
"20180109","화","남","50대","서울특별시","노원구","공릉동","중국집","5"
"20180109","화","남","50대","서울특별시","노원구","상계동","중국집","34"
"20180109","화","남","50대","서울특별시","노원구","중계동","중국집","5"
"20180109","화","남","60대이상","서울특별시","노원구","월계동","중국집","5"
"20180109","화","여","10대","서울특별시","노원구","공릉동","중국집","5"
"20180109","화","여","10대","서울특별시","노원구","상계동","중국집","6"
"20180109","화","여","10대","서울특별시","노원구","중계동","중국집","5"
"20180109","화","남","30대","서울특별시","노원구","공릉동","중국집","5"
"20180109","화","여","20대","서울특별시","노원구","공릉동","중국집","5"
"20180109","화","남","40대","서울특별시","노원구","상계동","중국집","50"
"20180109","화","여","20대","서울특별시","노원구","상계동","중국집","12"
"20180109","화","여","20대","서울특별시","노원구","중계동","중국집","5"
"20180109","화","여","30대","서울특별시","노원구","공릉동","중국집","5"
"20180109","화","여","30대","서울특별시","노원구","상계동","중국집","31"
"20180109","화","남","20대","서울특별시","노원구","공릉동","중국집","5"
"20180109","화","여","40대","서울특별시","노원구","상계동","중국집","69"
"20180109","화","여","40대","서울특별시","노원구","월계동","중국집","5"
"20180109","화","남","10대","서울특별시","노원구","공릉동","중국집","5"
"20180109","화","여","40대","서울특별시","노원구","중계동","중국집","5"
"20180109","화","여","50대","서울특별시","노원구","공릉동","중국집","5"
"20180109","화","여","50대","서울특별시","노원구","상계동","중국집","25"
"20180109","화","여","50대","서울특별시","노원구","월계동","중국집","5"
"20180109","화","남","60대이상","서울특별시","노원구","상계동","중국집","13"
"20180109","화","남","20대","서울특별시","노원구","상계동","중국집","19"
"20180109","화","여","60대이상","서울특별시","노원구","공릉동","중국집","5"
"20180109","화","여","60대이상","서울특별시","노원구","상계동","중국집","19"
"20180109","화","여","40대","서울특별시","노원구","공릉동","중국집","5"
"20180109","화","남","40대","서울특별시","노원구","공릉동","중국집","5"
"20180109","화","남","50대","서울특별시","노원구","월계동","중국집","5"
"20180109","화","남","10대","서울특별시","도봉구","쌍문동","중국집","5"
"20180109","화","남","20대","서울특별시","도봉구","방학동","중국집","5"
"20180109","화","남","40대","서울특별시","도봉구","쌍문동","중국집","5"
"20180109","화","남","50대","서울특별시","도봉구","방학동","중국집","5"
"20180109","화","남","20대","서울특별시","도봉구","도봉동","중국집","5"
"20180109","화","남","60대이상","서울특별시","도봉구","방학동","중국집","5"
"20180109","화","여","20대","서울특별시","도봉구","쌍문동","중국집","6"
"20180109","화","여","30대","서울특별시","도봉구","방학동","중국집","5"
"20180109","화","남","50대","서울특별시","도봉구","쌍문동","중국집","5"
"20180109","화","여","30대","서울특별시","도봉구","쌍문동","중국집","5"
"20180109","화","여","40대","서울특별시","도봉구","쌍문동","중국집","5"
"20180109","화","여","10대","서울특별시","도봉구","쌍문동","중국집","5"
"20180109","화","여","50대","서울특별시","도봉구","방학동","중국집","5"
"20180109","화","여","50대","서울특별시","도봉구","쌍문동","중국집","5"
"20180109","화","여","60대이상","서울특별시","도봉구","방학동","중국집","5"
"20180109","화","여","60대이상","서울특별시","도봉구","쌍문동","중국집","5"
"20180109","화","남","30대","서울특별시","도봉구","쌍문동","중국집","5"
"20180109","화","남","10대","서울특별시","동대문구","장안동","중국집","7"
"20180109","화","남","20대","서울특별시","동대문구","답십리동","중국집","5"
"20180109","화","남","20대","서울특별시","동대문구","장안동","중국집","17"
"20180109","화","남","30대","서울특별시","동대문구","전농동","중국집","5"
"20180109","화","남","40대","서울특별시","동대문구","답십리동","중국집","5"
"20180109","화","남","40대","서울특별시","동대문구","장안동","중국집","55"
"20180109","화","남","40대","서울특별시","동대문구","제기동","중국집","48"
"20180109","화","남","50대","서울특별시","동대문구","장안동","중국집","31"
"20180109","화","남","50대","서울특별시","동대문구","제기동","중국집","31"
"20180109","화","남","60대이상","서울특별시","동대문구","장안동","중국집","20"
"20180109","화","남","60대이상","서울특별시","동대문구","제기동","중국집","24"
"20180109","화","여","10대","서울특별시","동대문구","전농동","중국집","5"
"20180109","화","남","20대","서울특별시","동대문구","제기동","중국집","45"
"20180109","화","여","10대","서울특별시","동대문구","제기동","중국집","5"
"20180109","화","여","20대","서울특별시","동대문구","답십리동","중국집","5"
"20180109","화","남","20대","서울특별시","동대문구","휘경동","중국집","5"
"20180109","화","여","20대","서울특별시","동대문구","장안동","중국집","18"
"20180109","화","남","30대","서울특별시","동대문구","제기동","중국집","44"
"20180109","화","여","20대","서울특별시","동대문구","전농동","중국집","5"
"20180109","화","여","20대","서울특별시","동대문구","제기동","중국집","18"
"20180109","화","여","30대","서울특별시","동대문구","장안동","중국집","41"
"20180109","화","여","30대","서울특별시","동대문구","전농동","중국집","5"
"20180109","화","여","30대","서울특별시","동대문구","제기동","중국집","24"
"20180109","화","남","30대","서울특별시","동대문구","휘경동","중국집","5"
"20180109","화","남","10대","서울특별시","동대문구","제기동","중국집","5"
"20180109","화","여","30대","서울특별시","동대문구","휘경동","중국집","5"
"20180109","화","여","40대","서울특별시","동대문구","답십리동","중국집","5"
"20180109","화","여","40대","서울특별시","동대문구","전농동","중국집","5"
"20180109","화","여","40대","서울특별시","동대문구","장안동","중국집","50"
"20180109","화","여","40대","서울특별시","동대문구","제기동","중국집","25"
"20180109","화","남","20대","서울특별시","동대문구","전농동","중국집","5"
"20180109","화","여","50대","서울특별시","동대문구","장안동","중국집","29"
"20180109","화","여","50대","서울특별시","동대문구","전농동","중국집","5"
"20180109","화","여","50대","서울특별시","동대문구","제기동","중국집","32"
"20180109","화","여","10대","서울특별시","동대문구","장안동","중국집","5"
"20180109","화","여","60대이상","서울특별시","동대문구","장안동","중국집","16"
"20180109","화","남","30대","서울특별시","동대문구","장안동","중국집","30"
"20180109","화","여","60대이상","서울특별시","동대문구","전농동","중국집","5"
"20180109","화","여","60대이상","서울특별시","동대문구","제기동","중국집","18"
"20180109","화","남","30대","서울특별시","동대문구","답십리동","중국집","5"
"20180109","화","남","10대","서울특별시","동작구","신대방동","중국집","18"
"20180109","화","남","30대","서울특별시","동작구","노량진동","중국집","5"
"20180109","화","남","20대","서울특별시","동작구","본동","중국집","5"
"20180109","화","남","30대","서울특별시","동작구","본동","중국집","5"
"20180109","화","남","30대","서울특별시","동작구","상도동","중국집","5"
"20180109","화","남","30대","서울특별시","동작구","흑석동","중국집","5"
"20180109","화","남","40대","서울특별시","동작구","사당동","중국집","5"
"20180109","화","남","30대","서울특별시","동작구","신대방동","중국집","83"
"20180109","화","남","50대","서울특별시","동작구","신대방동","중국집","51"
"20180109","화","남","60대이상","서울특별시","동작구","상도동","중국집","5"
"20180109","화","남","60대이상","서울특별시","동작구","신대방동","중국집","31"
"20180109","화","남","60대이상","서울특별시","동작구","사당동","중국집","5"
"20180109","화","여","10대","서울특별시","동작구","신대방동","중국집","8"
"20180109","화","여","20대","서울특별시","동작구","사당동","중국집","5"
"20180109","화","여","20대","서울특별시","동작구","본동","중국집","5"
"20180109","화","남","20대","서울특별시","동작구","신대방동","중국집","67"
"20180109","화","남","50대","서울특별시","동작구","사당동","중국집","5"
"20180109","화","여","20대","서울특별시","동작구","상도동","중국집","5"
"20180109","화","남","40대","서울특별시","동작구","상도동","중국집","5"
"20180109","화","여","20대","서울특별시","동작구","신대방동","중국집","26"
"20180109","화","남","40대","서울특별시","동작구","노량진동","중국집","5"
"20180109","화","여","30대","서울특별시","동작구","노량진동","중국집","5"
"20180109","화","남","30대","서울특별시","동작구","사당동","중국집","5"
"20180109","화","여","20대","서울특별시","동작구","노량진동","중국집","5"
"20180109","화","여","30대","서울특별시","동작구","본동","중국집","5"
"20180109","화","여","30대","서울특별시","동작구","신대방동","중국집","62"
"20180109","화","여","40대","서울특별시","동작구","노량진동","중국집","5"
"20180109","화","남","40대","서울특별시","동작구","신대방동","중국집","92"
"20180109","화","여","40대","서울특별시","동작구","사당동","중국집","5"
"20180109","화","여","40대","서울특별시","동작구","신대방동","중국집","89"
"20180109","화","여","10대","서울특별시","동작구","상도동","중국집","5"
"20180109","화","여","50대","서울특별시","동작구","사당동","중국집","5"
"20180109","화","남","20대","서울특별시","동작구","노량진동","중국집","5"
"20180109","화","여","50대","서울특별시","동작구","상도동","중국집","5"
"20180109","화","남","10대","서울특별시","동작구","상도동","중국집","5"
"20180109","화","여","50대","서울특별시","동작구","신대방동","중국집","51"
"20180109","화","여","60대이상","서울특별시","동작구","노량진동","중국집","5"
"20180109","화","여","60대이상","서울특별시","동작구","본동","중국집","5"
"20180109","화","남","60대이상","서울특별시","동작구","노량진동","중국집","5"
"20180109","화","여","30대","서울특별시","동작구","사당동","중국집","5"
"20180109","화","여","40대","서울특별시","동작구","상도동","중국집","10"
"20180109","화","여","60대이상","서울특별시","동작구","사당동","중국집","5"
"20180109","화","남","20대","서울특별시","동작구","상도동","중국집","8"
"20180109","화","남","40대","서울특별시","동작구","본동","중국집","5"
"20180109","화","여","30대","서울특별시","동작구","상도동","중국집","5"
"20180109","화","여","60대이상","서울특별시","동작구","상도동","중국집","5"
"20180109","화","남","50대","서울특별시","동작구","본동","중국집","5"
"20180109","화","여","60대이상","서울특별시","동작구","신대방동","중국집","25"
"20180109","화","여","60대이상","서울특별시","동작구","흑석동","중국집","5"
"20180109","화","남","10대","서울특별시","마포구","합정동","중국집","5"
"20180109","화","남","20대","서울특별시","마포구","공덕동","중국집","5"
"20180109","화","남","20대","서울특별시","마포구","마포동","중국집","5"
"20180109","화","남","20대","서울특별시","마포구","상암동","중국집","13"
"20180109","화","남","30대","서울특별시","마포구","대흥동","중국집","5"
"20180109","화","남","30대","서울특별시","마포구","상암동","중국집","12"
"20180109","화","남","30대","서울특별시","마포구","합정동","중국집","19"
"20180109","화","남","40대","서울특별시","마포구","상수동","중국집","5"
"20180109","화","남","40대","서울특별시","마포구","신공덕동","중국집","5"
"20180109","화","남","40대","서울특별시","마포구","신수동","중국집","5"
"20180109","화","남","40대","서울특별시","마포구","아현동","중국집","5"
"20180109","화","남","40대","서울특별시","마포구","창전동","중국집","5"
"20180109","화","남","40대","서울특별시","마포구","합정동","중국집","21"
"20180109","화","남","50대","서울특별시","마포구","대흥동","중국집","5"
"20180109","화","남","50대","서울특별시","마포구","상암동","중국집","7"
"20180109","화","남","50대","서울특별시","마포구","합정동","중국집","6"
"20180109","화","남","10대","서울특별시","마포구","서교동","중국집","5"
"20180109","화","남","60대이상","서울특별시","마포구","망원동","중국집","5"
"20180109","화","남","60대이상","서울특별시","마포구","서교동","중국집","5"
"20180109","화","남","60대이상","서울특별시","마포구","합정동","중국집","6"
"20180109","화","남","30대","서울특별시","마포구","아현동","중국집","5"
"20180109","화","남","60대이상","서울특별시","마포구","상암동","중국집","11"
"20180109","화","여","10대","서울특별시","마포구","합정동","중국집","5"
"20180109","화","여","20대","서울특별시","마포구","공덕동","중국집","5"
"20180109","화","여","20대","서울특별시","마포구","신공덕동","중국집","5"
"20180109","화","여","20대","서울특별시","마포구","신수동","중국집","5"
"20180109","화","남","20대","서울특별시","마포구","합정동","중국집","6"
"20180109","화","남","40대","서울특별시","마포구","상암동","중국집","27"
"20180109","화","여","20대","서울특별시","마포구","합정동","중국집","5"
"20180109","화","여","30대","서울특별시","마포구","상암동","중국집","14"
"20180109","화","남","10대","서울특별시","마포구","아현동","중국집","5"
"20180109","화","여","30대","서울특별시","마포구","아현동","중국집","5"
"20180109","화","남","50대","서울특별시","마포구","망원동","중국집","5"
"20180109","화","남","60대이상","서울특별시","마포구","신공덕동","중국집","5"
"20180109","화","남","10대","서울특별시","마포구","상암동","중국집","7"
"20180109","화","여","30대","서울특별시","마포구","염리동","중국집","5"
"20180109","화","여","30대","서울특별시","마포구","합정동","중국집","11"
"20180109","화","여","30대","서울특별시","마포구","공덕동","중국집","5"
"20180109","화","남","40대","서울특별시","마포구","마포동","중국집","5"
"20180109","화","여","40대","서울특별시","마포구","마포동","중국집","5"
"20180109","화","남","30대","서울특별시","마포구","공덕동","중국집","5"
"20180109","화","남","60대이상","서울특별시","마포구","대흥동","중국집","5"
"20180109","화","여","40대","서울특별시","마포구","망원동","중국집","5"
"20180109","화","여","40대","서울특별시","마포구","상암동","중국집","39"
"20180109","화","남","30대","서울특별시","마포구","서교동","중국집","5"
"20180109","화","남","20대","서울특별시","마포구","염리동","중국집","5"
"20180109","화","남","50대","서울특별시","마포구","서교동","중국집","5"
"20180109","화","여","40대","서울특별시","마포구","신공덕동","중국집","5"
"20180109","화","남","30대","서울특별시","마포구","신공덕동","중국집","5"
"20180109","화","여","30대","서울특별시","마포구","대흥동","중국집","5"
"20180109","화","여","50대","서울특별시","마포구","대흥동","중국집","5"
"20180109","화","여","40대","서울특별시","마포구","합정동","중국집","5"
"20180109","화","여","50대","서울특별시","마포구","망원동","중국집","5"
"20180109","화","여","50대","서울특별시","마포구","상암동","중국집","17"
"20180109","화","여","50대","서울특별시","마포구","합정동","중국집","7"
"20180109","화","여","40대","서울특별시","마포구","아현동","중국집","5"
"20180109","화","여","20대","서울특별시","마포구","상암동","중국집","7"
"20180109","화","여","10대","서울특별시","마포구","상암동","중국집","5"
"20180109","화","여","60대이상","서울특별시","마포구","공덕동","중국집","5"
"20180109","화","남","60대이상","서울특별시","마포구","염리동","중국집","5"
"20180109","화","여","60대이상","서울특별시","마포구","마포동","중국집","5"
"20180109","화","남","30대","서울특별시","마포구","신수동","중국집","5"
"20180109","화","남","20대","서울특별시","마포구","망원동","중국집","5"
"20180109","화","남","50대","서울특별시","마포구","염리동","중국집","5"
"20180109","화","여","60대이상","서울특별시","마포구","상암동","중국집","9"
"20180109","화","여","60대이상","서울특별시","마포구","합정동","중국집","9"
"20180109","화","남","10대","서울특별시","서대문구","연희동","중국집","5"
"20180109","화","남","10대","서울특별시","서대문구","홍은동","중국집","5"
"20180109","화","남","10대","서울특별시","서대문구","홍제동","중국집","5"
"20180109","화","남","20대","서울특별시","서대문구","남가좌동","중국집","5"
"20180109","화","남","20대","서울특별시","서대문구","홍은동","중국집","5"
"20180109","화","남","20대","서울특별시","서대문구","홍제동","중국집","27"
"20180109","화","남","30대","서울특별시","서대문구","연희동","중국집","51"
"20180109","화","남","40대","서울특별시","서대문구","북가좌동","중국집","5"
"20180109","화","남","40대","서울특별시","서대문구","충정로3가","중국집","5"
"20180109","화","남","50대","서울특별시","서대문구","남가좌동","중국집","5"
"20180109","화","남","50대","서울특별시","서대문구","연희동","중국집","23"
"20180109","화","남","50대","서울특별시","서대문구","홍은동","중국집","5"
"20180109","화","남","50대","서울특별시","서대문구","홍제동","중국집","19"
"20180109","화","남","30대","서울특별시","서대문구","북가좌동","중국집","5"
"20180109","화","남","60대이상","서울특별시","서대문구","창천동","중국집","7"
"20180109","화","여","10대","서울특별시","서대문구","연희동","중국집","5"
"20180109","화","남","20대","서울특별시","서대문구","충정로3가","중국집","5"
"20180109","화","남","60대이상","서울특별시","서대문구","충정로3가","중국집","5"
"20180109","화","남","30대","서울특별시","서대문구","홍은동","중국집","5"
"20180109","화","남","20대","서울특별시","서대문구","창천동","중국집","12"
"20180109","화","여","10대","서울특별시","서대문구","창천동","중국집","5"
"20180109","화","여","10대","서울특별시","서대문구","홍제동","중국집","5"
"20180109","화","여","20대","서울특별시","서대문구","북아현동","중국집","5"
"20180109","화","남","40대","서울특별시","서대문구","북아현동","중국집","5"
"20180109","화","여","20대","서울특별시","서대문구","연희동","중국집","21"
"20180109","화","남","30대","서울특별시","서대문구","창천동","중국집","19"
"20180109","화","여","20대","서울특별시","서대문구","창천동","중국집","13"
"20180109","화","남","20대","서울특별시","서대문구","연희동","중국집","35"
"20180109","화","남","30대","서울특별시","서대문구","홍제동","중국집","17"
"20180109","화","여","30대","서울특별시","서대문구","북가좌동","중국집","5"
"20180109","화","여","20대","서울특별시","서대문구","홍은동","중국집","5"
"20180109","화","남","40대","서울특별시","서대문구","창천동","중국집","25"
"20180109","화","여","30대","서울특별시","서대문구","창천동","중국집","14"
"20180109","화","남","10대","서울특별시","서대문구","북가좌동","중국집","5"
"20180109","화","여","30대","서울특별시","서대문구","충정로3가","중국집","5"
"20180109","화","여","30대","서울특별시","서대문구","홍제동","중국집","18"
"20180109","화","남","40대","서울특별시","서대문구","홍제동","중국집","24"
"20180109","화","여","40대","서울특별시","서대문구","남가좌동","중국집","5"
"20180109","화","남","40대","서울특별시","서대문구","연희동","중국집","38"
"20180109","화","여","20대","서울특별시","서대문구","홍제동","중국집","5"
"20180109","화","여","40대","서울특별시","서대문구","북아현동","중국집","5"
"20180109","화","남","60대이상","서울특별시","서대문구","홍제동","중국집","15"
"20180109","화","여","40대","서울특별시","서대문구","연희동","중국집","40"
"20180109","화","여","40대","서울특별시","서대문구","창천동","중국집","33"
"20180109","화","여","40대","서울특별시","서대문구","충정로3가","중국집","5"
"20180109","화","여","30대","서울특별시","서대문구","연희동","중국집","25"
"20180109","화","여","40대","서울특별시","서대문구","홍제동","중국집","30"
"20180109","화","여","50대","서울특별시","서대문구","창천동","중국집","14"
"20180109","화","남","10대","서울특별시","서대문구","창천동","중국집","6"
"20180109","화","남","40대","서울특별시","서대문구","홍은동","중국집","5"
"20180109","화","남","50대","서울특별시","서대문구","창천동","중국집","19"
"20180109","화","여","50대","서울특별시","서대문구","홍제동","중국집","19"
"20180109","화","여","50대","서울특별시","서대문구","충정로3가","중국집","6"
"20180109","화","여","50대","서울특별시","서대문구","연희동","중국집","26"
"20180109","화","여","60대이상","서울특별시","서대문구","남가좌동","중국집","5"
"20180109","화","여","60대이상","서울특별시","서대문구","북가좌동","중국집","5"
"20180109","화","여","60대이상","서울특별시","서대문구","연희동","중국집","14"
"20180109","화","남","60대이상","서울특별시","서대문구","연희동","중국집","19"
"20180109","화","남","60대이상","서울특별시","서대문구","북아현동","중국집","5"
"20180109","화","여","60대이상","서울특별시","서대문구","창천동","중국집","16"
"20180109","화","여","60대이상","서울특별시","서대문구","홍제동","중국집","12"
"20180109","화","남","30대","서울특별시","서대문구","충정로3가","중국집","5"
"20180109","화","남","10대","서울특별시","서초구","반포동","중국집","5"
"20180109","화","남","10대","서울특별시","서초구","서초동","중국집","5"
"20180109","화","남","20대","서울특별시","서초구","반포동","중국집","6"
"20180109","화","남","20대","서울특별시","서초구","방배동","중국집","30"
"20180109","화","남","20대","서울특별시","서초구","양재동","중국집","14"
"20180109","화","남","30대","서울특별시","서초구","반포동","중국집","16"
"20180109","화","남","30대","서울특별시","서초구","잠원동","중국집","5"
"20180109","화","남","40대","서울특별시","서초구","반포동","중국집","16"
"20180109","화","남","40대","서울특별시","서초구","방배동","중국집","51"
"20180109","화","남","40대","서울특별시","서초구","양재동","중국집","40"
"20180109","화","남","50대","서울특별시","서초구","반포동","중국집","14"
"20180109","화","남","30대","서울특별시","서초구","내곡동","중국집","5"
"20180109","화","남","20대","서울특별시","서초구","서초동","중국집","6"
"20180109","화","남","50대","서울특별시","서초구","방배동","중국집","36"
"20180109","화","남","50대","서울특별시","서초구","양재동","중국집","24"
"20180109","화","남","60대이상","서울특별시","서초구","반포동","중국집","8"
"20180109","화","남","60대이상","서울특별시","서초구","방배동","중국집","38"
"20180109","화","남","60대이상","서울특별시","서초구","서초동","중국집","6"
"20180109","화","남","60대이상","서울특별시","서초구","양재동","중국집","16"
"20180109","화","남","30대","서울특별시","서초구","방배동","중국집","60"
"20180109","화","여","10대","서울특별시","서초구","반포동","중국집","5"
"20180109","화","남","50대","서울특별시","서초구","내곡동","중국집","5"
"20180109","화","여","10대","서울특별시","서초구","방배동","중국집","5"
"20180109","화","여","20대","서울특별시","서초구","반포동","중국집","5"
"20180109","화","남","40대","서울특별시","서초구","서초동","중국집","12"
"20180109","화","남","60대이상","서울특별시","서초구","내곡동","중국집","5"
"20180109","화","여","20대","서울특별시","서초구","양재동","중국집","7"
"20180109","화","여","20대","서울특별시","서초구","잠원동","중국집","5"
"20180109","화","여","20대","서울특별시","서초구","방배동","중국집","11"
"20180109","화","여","30대","서울특별시","서초구","반포동","중국집","9"
"20180109","화","남","10대","서울특별시","서초구","방배동","중국집","7"
"20180109","화","여","30대","서울특별시","서초구","서초동","중국집","5"
"20180109","화","남","50대","서울특별시","서초구","서초동","중국집","6"
"20180109","화","남","10대","서울특별시","서초구","양재동","중국집","5"
"20180109","화","여","40대","서울특별시","서초구","반포동","중국집","27"
"20180109","화","여","40대","서울특별시","서초구","방배동","중국집","70"
"20180109","화","여","30대","서울특별시","서초구","양재동","중국집","38"
"20180109","화","여","40대","서울특별시","서초구","서초동","중국집","12"
"20180109","화","여","40대","서울특별시","서초구","양재동","중국집","52"
"20180109","화","여","10대","서울특별시","서초구","양재동","중국집","5"
"20180109","화","남","30대","서울특별시","서초구","양재동","중국집","46"
"20180109","화","남","30대","서울특별시","서초구","서초동","중국집","14"
"20180109","화","여","20대","서울특별시","서초구","서초동","중국집","8"
"20180109","화","여","50대","서울특별시","서초구","반포동","중국집","7"
"20180109","화","여","10대","서울특별시","서초구","서초동","중국집","5"
"20180109","화","여","50대","서울특별시","서초구","방배동","중국집","32"
"20180109","화","여","30대","서울특별시","서초구","방배동","중국집","34"
"20180109","화","여","50대","서울특별시","서초구","서초동","중국집","6"
"20180109","화","여","30대","서울특별시","서초구","내곡동","중국집","5"
"20180109","화","여","50대","서울특별시","서초구","양재동","중국집","12"
"20180109","화","여","60대이상","서울특별시","서초구","반포동","중국집","5"
"20180109","화","여","60대이상","서울특별시","서초구","방배동","중국집","25"
"20180109","화","여","60대이상","서울특별시","서초구","서초동","중국집","9"
"20180109","화","여","60대이상","서울특별시","서초구","양재동","중국집","10"
"20180109","화","남","10대","서울특별시","성동구","옥수동","중국집","5"
"20180109","화","남","20대","서울특별시","성동구","성수동2가","중국집","64"
"20180109","화","남","20대","서울특별시","성동구","옥수동","중국집","13"
"20180109","화","남","30대","서울특별시","성동구","옥수동","중국집","19"
"20180109","화","남","40대","서울특별시","성동구","성수동1가","중국집","5"
"20180109","화","남","40대","서울특별시","성동구","옥수동","중국집","27"
"20180109","화","남","50대","서울특별시","성동구","성수동2가","중국집","47"
"20180109","화","남","40대","서울특별시","성동구","성수동2가","중국집","81"
"20180109","화","남","50대","서울특별시","성동구","옥수동","중국집","13"
"20180109","화","남","60대이상","서울특별시","성동구","성수동2가","중국집","32"
"20180109","화","남","60대이상","서울특별시","성동구","옥수동","중국집","9"
"20180109","화","여","10대","서울특별시","성동구","성수동2가","중국집","6"
"20180109","화","여","20대","서울특별시","성동구","성수동2가","중국집","25"
"20180109","화","여","20대","서울특별시","성동구","옥수동","중국집","5"
"20180109","화","여","30대","서울특별시","성동구","성수동2가","중국집","51"
"20180109","화","여","30대","서울특별시","성동구","옥수동","중국집","14"
"20180109","화","여","30대","서울특별시","성동구","행당동","중국집","5"
"20180109","화","여","40대","서울특별시","성동구","성수동2가","중국집","60"
"20180109","화","남","10대","서울특별시","성동구","성수동2가","중국집","12"
"20180109","화","남","30대","서울특별시","성동구","성수동2가","중국집","80"
"20180109","화","여","40대","서울특별시","성동구","옥수동","중국집","17"
"20180109","화","여","50대","서울특별시","성동구","성수동2가","중국집","42"
"20180109","화","여","50대","서울특별시","성동구","옥수동","중국집","14"
"20180109","화","여","60대이상","서울특별시","성동구","성수동2가","중국집","27"
"20180109","화","여","60대이상","서울특별시","성동구","옥수동","중국집","6"
"20180109","화","남","10대","서울특별시","성북구","동선동2가","중국집","5"
"20180109","화","남","10대","서울특별시","성북구","정릉동","중국집","5"
"20180109","화","남","20대","서울특별시","성북구","동선동3가","중국집","5"
"20180109","화","남","20대","서울특별시","성북구","정릉동","중국집","5"
"20180109","화","남","30대","서울특별시","성북구","길음동","중국집","5"
"20180109","화","남","30대","서울특별시","성북구","동선동3가","중국집","5"
"20180109","화","남","30대","서울특별시","성북구","종암동","중국집","5"
"20180109","화","남","30대","서울특별시","성북구","하월곡동","중국집","5"
"20180109","화","남","40대","서울특별시","성북구","동선동2가","중국집","35"
"20180109","화","남","50대","서울특별시","성북구","동선동2가","중국집","33"
"20180109","화","남","40대","서울특별시","성북구","길음동","중국집","5"
"20180109","화","남","50대","서울특별시","성북구","삼선동5가","중국집","5"
"20180109","화","남","50대","서울특별시","성북구","성북동","중국집","5"
"20180109","화","남","50대","서울특별시","성북구","정릉동","중국집","5"
"20180109","화","남","50대","서울특별시","성북구","하월곡동","중국집","5"
"20180109","화","남","50대","서울특별시","성북구","동선동3가","중국집","5"
"20180109","화","남","60대이상","서울특별시","성북구","길음동","중국집","5"
"20180109","화","남","60대이상","서울특별시","성북구","동선동2가","중국집","18"
"20180109","화","남","30대","서울특별시","성북구","삼선동5가","중국집","5"
"20180109","화","여","10대","서울특별시","성북구","길음동","중국집","5"
"20180109","화","여","10대","서울특별시","성북구","동선동2가","중국집","5"
"20180109","화","여","30대","서울특별시","성북구","동선동2가","중국집","17"
"20180109","화","남","60대이상","서울특별시","성북구","하월곡동","중국집","5"
"20180109","화","여","30대","서울특별시","성북구","성북동","중국집","5"
"20180109","화","남","50대","서울특별시","성북구","장위동","중국집","5"
"20180109","화","여","30대","서울특별시","성북구","정릉동","중국집","5"
"20180109","화","남","20대","서울특별시","성북구","동선동2가","중국집","34"
"20180109","화","여","40대","서울특별시","성북구","길음동","중국집","5"
"20180109","화","남","40대","서울특별시","성북구","정릉동","중국집","5"
"20180109","화","남","20대","서울특별시","성북구","성북동","중국집","5"
"20180109","화","남","10대","서울특별시","성북구","삼선동5가","중국집","5"
"20180109","화","여","40대","서울특별시","성북구","동선동2가","중국집","34"
"20180109","화","여","40대","서울특별시","성북구","동선동3가","중국집","5"
"20180109","화","남","30대","서울특별시","성북구","동선동2가","중국집","43"
"20180109","화","여","40대","서울특별시","성북구","삼선동5가","중국집","5"
"20180109","화","여","40대","서울특별시","성북구","성북동","중국집","5"
"20180109","화","남","60대이상","서울특별시","성북구","정릉동","중국집","5"
"20180109","화","여","40대","서울특별시","성북구","정릉동","중국집","5"
"20180109","화","여","40대","서울특별시","성북구","하월곡동","중국집","5"
"20180109","화","여","50대","서울특별시","성북구","동선동2가","중국집","26"
"20180109","화","여","50대","서울특별시","성북구","동선동3가","중국집","5"
"20180109","화","여","50대","서울특별시","성북구","정릉동","중국집","5"
"20180109","화","여","60대이상","서울특별시","성북구","동선동2가","중국집","14"
"20180109","화","여","60대이상","서울특별시","성북구","삼선동5가","중국집","5"
"20180109","화","여","60대이상","서울특별시","성북구","정릉동","중국집","5"
"20180109","화","여","20대","서울특별시","성북구","하월곡동","중국집","5"
"20180109","화","남","40대","서울특별시","성북구","종암동","중국집","5"
"20180109","화","여","20대","서울특별시","성북구","동선동2가","중국집","13"
"20180109","화","여","20대","서울특별시","성북구","정릉동","중국집","5"
"20180109","화","남","10대","서울특별시","송파구","가락동","중국집","5"
"20180109","화","남","10대","서울특별시","송파구","송파동","중국집","11"
"20180109","화","남","20대","서울특별시","송파구","가락동","중국집","10"
"20180109","화","남","20대","서울특별시","송파구","송파동","중국집","49"
"20180109","화","남","20대","서울특별시","송파구","풍납동","중국집","5"
"20180109","화","남","30대","서울특별시","송파구","송파동","중국집","78"
"20180109","화","남","30대","서울특별시","송파구","풍납동","중국집","5"
"20180109","화","남","40대","서울특별시","송파구","마천동","중국집","5"
"20180109","화","남","40대","서울특별시","송파구","송파동","중국집","66"
"20180109","화","남","50대","서울특별시","송파구","가락동","중국집","7"
"20180109","화","남","50대","서울특별시","송파구","마천동","중국집","5"
"20180109","화","남","50대","서울특별시","송파구","송파동","중국집","37"
"20180109","화","남","60대이상","서울특별시","송파구","가락동","중국집","7"
"20180109","화","남","60대이상","서울특별시","송파구","송파동","중국집","35"
"20180109","화","여","10대","서울특별시","송파구","방이동","중국집","5"
"20180109","화","여","10대","서울특별시","송파구","송파동","중국집","5"
"20180109","화","여","20대","서울특별시","송파구","방이동","중국집","5"
"20180109","화","여","20대","서울특별시","송파구","송파동","중국집","25"
"20180109","화","여","30대","서울특별시","송파구","마천동","중국집","5"
"20180109","화","여","40대","서울특별시","송파구","가락동","중국집","16"
"20180109","화","여","30대","서울특별시","송파구","풍납동","중국집","5"
"20180109","화","여","40대","서울특별시","송파구","거여동","중국집","5"
"20180109","화","남","40대","서울특별시","송파구","가락동","중국집","12"
"20180109","화","남","30대","서울특별시","송파구","가락동","중국집","17"
"20180109","화","여","30대","서울특별시","송파구","송파동","중국집","54"
"20180109","화","여","40대","서울특별시","송파구","마천동","중국집","5"
"20180109","화","남","40대","서울특별시","송파구","풍납동","중국집","5"
"20180109","화","여","40대","서울특별시","송파구","송파동","중국집","99"
"20180109","화","여","50대","서울특별시","송파구","가락동","중국집","6"
"20180109","화","여","50대","서울특별시","송파구","거여동","중국집","5"
"20180109","화","여","20대","서울특별시","송파구","가락동","중국집","5"
"20180109","화","여","50대","서울특별시","송파구","송파동","중국집","65"
"20180109","화","여","50대","서울특별시","송파구","풍납동","중국집","5"
"20180109","화","여","10대","서울특별시","송파구","가락동","중국집","5"
"20180109","화","여","60대이상","서울특별시","송파구","가락동","중국집","6"
"20180109","화","여","60대이상","서울특별시","송파구","마천동","중국집","5"
"20180109","화","여","30대","서울특별시","송파구","가락동","중국집","7"
"20180109","화","여","60대이상","서울특별시","송파구","송파동","중국집","33"
"20180109","화","남","10대","서울특별시","양천구","목동","중국집","5"
"20180109","화","남","10대","서울특별시","양천구","신월동","중국집","5"
"20180109","화","남","20대","서울특별시","양천구","목동","중국집","5"
"20180109","화","남","10대","서울특별시","양천구","신정동","중국집","5"
"20180109","화","남","20대","서울특별시","양천구","신정동","중국집","5"
"20180109","화","남","30대","서울특별시","양천구","목동","중국집","5"
"20180109","화","남","30대","서울특별시","양천구","신월동","중국집","5"
"20180109","화","남","20대","서울특별시","양천구","신월동","중국집","5"
"20180109","화","남","40대","서울특별시","양천구","신월동","중국집","5"
"20180109","화","남","40대","서울특별시","양천구","신정동","중국집","12"
"20180109","화","남","50대","서울특별시","양천구","신월동","중국집","5"
"20180109","화","남","50대","서울특별시","양천구","신정동","중국집","12"
"20180109","화","남","60대이상","서울특별시","양천구","신월동","중국집","5"
"20180109","화","여","10대","서울특별시","양천구","목동","중국집","5"
"20180109","화","여","20대","서울특별시","양천구","신월동","중국집","5"
"20180109","화","남","30대","서울특별시","양천구","신정동","중국집","6"
"20180109","화","여","20대","서울특별시","양천구","신정동","중국집","5"
"20180109","화","여","30대","서울특별시","양천구","신정동","중국집","5"
"20180109","화","여","40대","서울특별시","양천구","목동","중국집","5"
"20180109","화","여","40대","서울특별시","양천구","신월동","중국집","5"
"20180109","화","여","40대","서울특별시","양천구","신정동","중국집","19"
"20180109","화","여","50대","서울특별시","양천구","목동","중국집","5"
"20180109","화","여","50대","서울특별시","양천구","신정동","중국집","15"
"20180109","화","여","60대이상","서울특별시","양천구","신월동","중국집","6"
"20180109","화","여","20대","서울특별시","양천구","목동","중국집","5"
"20180109","화","여","60대이상","서울특별시","양천구","신정동","중국집","5"
"20180109","화","여","50대","서울특별시","양천구","신월동","중국집","5"
"20180109","화","남","20대","서울특별시","영등포구","대림동","중국집","5"
"20180109","화","남","20대","서울특별시","영등포구","문래동2가","중국집","11"
"20180109","화","남","20대","서울특별시","영등포구","문래동3가","중국집","14"
"20180109","화","남","10대","서울특별시","영등포구","신길동","중국집","5"
"20180109","화","남","20대","서울특별시","영등포구","신길동","중국집","5"
"20180109","화","남","30대","서울특별시","영등포구","문래동2가","중국집","22"
"20180109","화","남","30대","서울특별시","영등포구","신길동","중국집","5"
"20180109","화","남","30대","서울특별시","영등포구","여의도동","중국집","29"
"20180109","화","남","30대","서울특별시","영등포구","문래동3가","중국집","21"
"20180109","화","남","30대","서울특별시","영등포구","영등포동1가","중국집","5"
"20180109","화","남","40대","서울특별시","영등포구","대림동","중국집","5"
"20180109","화","남","40대","서울특별시","영등포구","문래동3가","중국집","26"
"20180109","화","남","10대","서울특별시","영등포구","문래동3가","중국집","5"
"20180109","화","남","40대","서울특별시","영등포구","신길동","중국집","5"
"20180109","화","남","40대","서울특별시","영등포구","영등포동1가","중국집","5"
"20180109","화","남","50대","서울특별시","영등포구","문래동2가","중국집","13"
"20180109","화","남","50대","서울특별시","영등포구","신길동","중국집","5"
"20180109","화","남","60대이상","서울특별시","영등포구","문래동3가","중국집","13"
"20180109","화","여","10대","서울특별시","영등포구","문래동2가","중국집","5"
"20180109","화","여","10대","서울특별시","영등포구","문래동3가","중국집","5"
"20180109","화","여","10대","서울특별시","영등포구","영등포동7가","중국집","5"
"20180109","화","남","10대","서울특별시","영등포구","여의도동","중국집","5"
"20180109","화","여","20대","서울특별시","영등포구","문래동2가","중국집","5"
"20180109","화","여","20대","서울특별시","영등포구","신길동","중국집","5"
"20180109","화","남","10대","서울특별시","영등포구","문래동2가","중국집","5"
"20180109","화","남","50대","서울특별시","영등포구","대림동","중국집","5"
"20180109","화","여","20대","서울특별시","영등포구","여의도동","중국집","20"
"20180109","화","여","20대","서울특별시","영등포구","영등포동1가","중국집","5"
"20180109","화","여","20대","서울특별시","영등포구","영등포동7가","중국집","5"
"20180109","화","남","50대","서울특별시","영등포구","문래동3가","중국집","18"
"20180109","화","여","20대","서울특별시","영등포구","영등포동8가","중국집","5"
"20180109","화","남","50대","서울특별시","영등포구","여의도동","중국집","32"
"20180109","화","여","30대","서울특별시","영등포구","대림동","중국집","5"
"20180109","화","남","30대","서울특별시","영등포구","대림동","중국집","5"
"20180109","화","여","30대","서울특별시","영등포구","문래동2가","중국집","9"
"20180109","화","여","30대","서울특별시","영등포구","문래동3가","중국집","11"
"20180109","화","여","10대","서울특별시","영등포구","대림동","중국집","5"
"20180109","화","여","30대","서울특별시","영등포구","신길동","중국집","5"
"20180109","화","여","30대","서울특별시","영등포구","여의도동","중국집","11"
"20180109","화","남","60대이상","서울특별시","영등포구","문래동2가","중국집","6"
"20180109","화","여","30대","서울특별시","영등포구","영등포동1가","중국집","5"
"20180109","화","여","30대","서울특별시","영등포구","영등포동7가","중국집","5"
"20180109","화","남","60대이상","서울특별시","영등포구","여의도동","중국집","5"
"20180109","화","여","40대","서울특별시","영등포구","문래동2가","중국집","25"
"20180109","화","남","60대이상","서울특별시","영등포구","대림동","중국집","5"
"20180109","화","남","40대","서울특별시","영등포구","영등포동7가","중국집","5"
"20180109","화","남","30대","서울특별시","영등포구","영등포동7가","중국집","5"
"20180109","화","여","40대","서울특별시","영등포구","문래동3가","중국집","15"
"20180109","화","남","40대","서울특별시","영등포구","여의도동","중국집","39"
"20180109","화","여","40대","서울특별시","영등포구","신길동","중국집","5"
"20180109","화","여","40대","서울특별시","영등포구","여의도동","중국집","8"
"20180109","화","여","50대","서울특별시","영등포구","대림동","중국집","5"
"20180109","화","남","20대","서울특별시","영등포구","여의도동","중국집","10"
"20180109","화","남","60대이상","서울특별시","영등포구","영등포동1가","중국집","5"
"20180109","화","여","50대","서울특별시","영등포구","문래동2가","중국집","7"
"20180109","화","여","50대","서울특별시","영등포구","여의도동","중국집","12"
"20180109","화","여","50대","서울특별시","영등포구","영등포동1가","중국집","5"
"20180109","화","남","40대","서울특별시","영등포구","문래동2가","중국집","25"
"20180109","화","여","50대","서울특별시","영등포구","문래동3가","중국집","13"
"20180109","화","여","60대이상","서울특별시","영등포구","문래동2가","중국집","9"
"20180109","화","여","60대이상","서울특별시","영등포구","문래동3가","중국집","5"
"20180109","화","여","60대이상","서울특별시","영등포구","여의도동","중국집","11"
"20180109","화","여","20대","서울특별시","영등포구","문래동3가","중국집","6"
"20180109","화","남","20대","서울특별시","영등포구","영등포동1가","중국집","5"
"20180109","화","남","20대","서울특별시","용산구","동자동","중국집","5"
"20180109","화","남","20대","서울특별시","용산구","보광동","중국집","5"
"20180109","화","남","20대","서울특별시","용산구","원효로4가","중국집","5"
"20180109","화","남","20대","서울특별시","용산구","이태원동","중국집","5"
"20180109","화","남","20대","서울특별시","용산구","한강로3가","중국집","15"
"20180109","화","남","30대","서울특별시","용산구","신계동","중국집","5"
"20180109","화","남","30대","서울특별시","용산구","보광동","중국집","8"
"20180109","화","남","30대","서울특별시","용산구","원효로4가","중국집","5"
"20180109","화","남","30대","서울특별시","용산구","이태원동","중국집","5"
"20180109","화","남","40대","서울특별시","용산구","보광동","중국집","5"
"20180109","화","남","40대","서울특별시","용산구","이촌동","중국집","5"
"20180109","화","남","40대","서울특별시","용산구","한강로3가","중국집","28"
"20180109","화","남","40대","서울특별시","용산구","한남동","중국집","5"
"20180109","화","남","50대","서울특별시","용산구","이촌동","중국집","5"
"20180109","화","남","50대","서울특별시","용산구","이태원동","중국집","5"
"20180109","화","남","50대","서울특별시","용산구","후암동","중국집","29"
"20180109","화","남","60대이상","서울특별시","용산구","보광동","중국집","5"
"20180109","화","남","60대이상","서울특별시","용산구","이태원동","중국집","5"
"20180109","화","남","60대이상","서울특별시","용산구","한강로3가","중국집","10"
"20180109","화","남","60대이상","서울특별시","용산구","후암동","중국집","16"
"20180109","화","남","40대","서울특별시","용산구","이태원동","중국집","5"
"20180109","화","남","30대","서울특별시","용산구","갈월동","중국집","5"
"20180109","화","여","10대","서울특별시","용산구","후암동","중국집","5"
"20180109","화","남","40대","서울특별시","용산구","후암동","중국집","30"
"20180109","화","여","20대","서울특별시","용산구","도원동","중국집","5"
"20180109","화","여","20대","서울특별시","용산구","보광동","중국집","5"
"20180109","화","남","30대","서울특별시","용산구","이촌동","중국집","5"
"20180109","화","남","30대","서울특별시","용산구","동자동","중국집","5"
"20180109","화","여","20대","서울특별시","용산구","한강로3가","중국집","7"
"20180109","화","여","20대","서울특별시","용산구","한남동","중국집","5"
"20180109","화","여","20대","서울특별시","용산구","이태원동","중국집","5"
"20180109","화","여","20대","서울특별시","용산구","후암동","중국집","10"
"20180109","화","남","30대","서울특별시","용산구","후암동","중국집","27"
"20180109","화","남","20대","서울특별시","용산구","한남동","중국집","5"
"20180109","화","여","30대","서울특별시","용산구","동자동","중국집","5"
"20180109","화","여","30대","서울특별시","용산구","보광동","중국집","5"
"20180109","화","여","30대","서울특별시","용산구","신계동","중국집","5"
"20180109","화","여","30대","서울특별시","용산구","이촌동","중국집","5"
"20180109","화","여","30대","서울특별시","용산구","이태원동","중국집","5"
"20180109","화","여","30대","서울특별시","용산구","한강로1가","중국집","5"
"20180109","화","여","30대","서울특별시","용산구","한강로3가","중국집","18"
"20180109","화","여","30대","서울특별시","용산구","후암동","중국집","16"
"20180109","화","남","10대","서울특별시","용산구","한강로3가","중국집","5"
"20180109","화","여","40대","서울특별시","용산구","동자동","중국집","5"
"20180109","화","여","40대","서울특별시","용산구","보광동","중국집","5"
"20180109","화","남","20대","서울특별시","용산구","후암동","중국집","10"
"20180109","화","남","20대","서울특별시","용산구","신계동","중국집","5"
"20180109","화","여","40대","서울특별시","용산구","이촌동","중국집","6"
"20180109","화","남","10대","서울특별시","용산구","후암동","중국집","5"
"20180109","화","여","40대","서울특별시","용산구","이태원동","중국집","5"
"20180109","화","여","40대","서울특별시","용산구","한강로3가","중국집","20"
"20180109","화","남","10대","서울특별시","용산구","보광동","중국집","5"
"20180109","화","남","50대","서울특별시","용산구","한강로3가","중국집","19"
"20180109","화","여","40대","서울특별시","용산구","한남동","중국집","5"
"20180109","화","여","40대","서울특별시","용산구","후암동","중국집","28"
"20180109","화","여","10대","서울특별시","용산구","한강로3가","중국집","5"
"20180109","화","남","30대","서울특별시","용산구","한강로3가","중국집","26"
"20180109","화","여","10대","서울특별시","용산구","도원동","중국집","5"
"20180109","화","여","20대","서울특별시","용산구","이촌동","중국집","5"
"20180109","화","남","30대","서울특별시","용산구","한남동","중국집","5"
"20180109","화","여","50대","서울특별시","용산구","도원동","중국집","5"
"20180109","화","남","50대","서울특별시","용산구","한남동","중국집","5"
"20180109","화","남","50대","서울특별시","용산구","원효로4가","중국집","5"
"20180109","화","여","50대","서울특별시","용산구","신계동","중국집","5"
"20180109","화","여","50대","서울특별시","용산구","이촌동","중국집","5"
"20180109","화","여","50대","서울특별시","용산구","이태원동","중국집","5"
"20180109","화","여","50대","서울특별시","용산구","한강로3가","중국집","20"
"20180109","화","여","30대","서울특별시","용산구","한남동","중국집","5"
"20180109","화","여","50대","서울특별시","용산구","한남동","중국집","5"
"20180109","화","여","50대","서울특별시","용산구","후암동","중국집","10"
"20180109","화","여","60대이상","서울특별시","용산구","원효로4가","중국집","5"
"20180109","화","여","60대이상","서울특별시","용산구","한강로3가","중국집","7"
"20180109","화","여","60대이상","서울특별시","용산구","후암동","중국집","5"
"20180109","화","여","60대이상","서울특별시","용산구","동자동","중국집","5"
"20180109","화","남","10대","서울특별시","은평구","구산동","중국집","5"
"20180109","화","남","10대","서울특별시","은평구","불광동","중국집","5"
"20180109","화","남","20대","서울특별시","은평구","불광동","중국집","16"
"20180109","화","남","20대","서울특별시","은평구","대조동","중국집","5"
"20180109","화","남","20대","서울특별시","은평구","수색동","중국집","5"
"20180109","화","남","20대","서울특별시","은평구","증산동","중국집","5"
"20180109","화","남","30대","서울특별시","은평구","수색동","중국집","5"
"20180109","화","남","30대","서울특별시","은평구","증산동","중국집","5"
"20180109","화","남","10대","서울특별시","은평구","증산동","중국집","5"
"20180109","화","남","40대","서울특별시","은평구","구산동","중국집","5"
"20180109","화","남","40대","서울특별시","은평구","수색동","중국집","5"
"20180109","화","남","30대","서울특별시","은평구","구산동","중국집","5"
"20180109","화","남","50대","서울특별시","은평구","불광동","중국집","32"
"20180109","화","남","60대이상","서울특별시","은평구","구산동","중국집","5"
"20180109","화","남","40대","서울특별시","은평구","불광동","중국집","52"
"20180109","화","남","60대이상","서울특별시","은평구","불광동","중국집","21"
"20180109","화","여","10대","서울특별시","은평구","불광동","중국집","5"
"20180109","화","여","10대","서울특별시","은평구","증산동","중국집","5"
"20180109","화","여","20대","서울특별시","은평구","불광동","중국집","13"
"20180109","화","여","20대","서울특별시","은평구","증산동","중국집","5"
"20180109","화","여","30대","서울특별시","은평구","구산동","중국집","5"
"20180109","화","여","30대","서울특별시","은평구","불광동","중국집","30"
"20180109","화","여","30대","서울특별시","은평구","증산동","중국집","5"
"20180109","화","여","40대","서울특별시","은평구","불광동","중국집","49"
"20180109","화","여","40대","서울특별시","은평구","증산동","중국집","5"
"20180109","화","여","50대","서울특별시","은평구","불광동","중국집","22"
"20180109","화","남","40대","서울특별시","은평구","증산동","중국집","5"
"20180109","화","여","50대","서울특별시","은평구","증산동","중국집","5"
"20180109","화","여","60대이상","서울특별시","은평구","구산동","중국집","5"
"20180109","화","여","60대이상","서울특별시","은평구","불광동","중국집","14"
"20180109","화","남","30대","서울특별시","은평구","불광동","중국집","36"
"20180109","화","여","60대이상","서울특별시","은평구","증산동","중국집","5"
"20180109","화","남","20대","서울특별시","종로구","관수동","중국집","5"
"20180109","화","남","20대","서울특별시","종로구","동숭동","중국집","5"
"20180109","화","남","20대","서울특별시","종로구","평창동","중국집","5"
"20180109","화","남","30대","서울특별시","종로구","교남동","중국집","5"
"20180109","화","남","30대","서울특별시","종로구","낙원동","중국집","5"
"20180109","화","남","30대","서울특별시","종로구","서린동","중국집","5"
"20180109","화","남","30대","서울특별시","종로구","숭인동","중국집","5"
"20180109","화","남","30대","서울특별시","종로구","신문로2가","중국집","5"
"20180109","화","남","40대","서울특별시","종로구","종로6가","중국집","5"
"20180109","화","남","40대","서울특별시","종로구","평창동","중국집","5"
"20180109","화","남","50대","서울특별시","종로구","경운동","중국집","5"
"20180109","화","남","50대","서울특별시","종로구","낙원동","중국집","5"
"20180109","화","남","10대","서울특별시","종로구","평창동","중국집","5"
"20180109","화","남","50대","서울특별시","종로구","동숭동","중국집","5"
"20180109","화","남","40대","서울특별시","종로구","교남동","중국집","5"
"20180109","화","남","40대","서울특별시","종로구","동숭동","중국집","5"
"20180109","화","남","50대","서울특별시","종로구","서린동","중국집","5"
"20180109","화","남","50대","서울특별시","종로구","신문로2가","중국집","5"
"20180109","화","남","50대","서울특별시","종로구","원서동","중국집","5"
"20180109","화","남","20대","서울특별시","종로구","경운동","중국집","5"
"20180109","화","남","20대","서울특별시","종로구","종로3가","중국집","5"
"20180109","화","남","50대","서울특별시","종로구","종로6가","중국집","5"
"20180109","화","남","50대","서울특별시","종로구","창성동","중국집","5"
"20180109","화","남","60대이상","서울특별시","종로구","관수동","중국집","5"
"20180109","화","남","40대","서울특별시","종로구","원서동","중국집","5"
"20180109","화","남","60대이상","서울특별시","종로구","원서동","중국집","5"
"20180109","화","남","20대","서울특별시","종로구","원서동","중국집","5"
"20180109","화","남","60대이상","서울특별시","종로구","종로3가","중국집","5"
"20180109","화","남","50대","서울특별시","종로구","숭인동","중국집","5"
"20180109","화","남","60대이상","서울특별시","종로구","평창동","중국집","5"
"20180109","화","여","20대","서울특별시","종로구","관수동","중국집","5"
"20180109","화","여","20대","서울특별시","종로구","동숭동","중국집","5"
"20180109","화","여","20대","서울특별시","종로구","명륜1가","중국집","5"
"20180109","화","남","30대","서울특별시","종로구","창성동","중국집","5"
"20180109","화","여","20대","서울특별시","종로구","신문로2가","중국집","7"
"20180109","화","여","20대","서울특별시","종로구","원서동","중국집","5"
"20180109","화","여","20대","서울특별시","종로구","종로6가","중국집","5"
"20180109","화","여","20대","서울특별시","종로구","창성동","중국집","5"
"20180109","화","남","20대","서울특별시","종로구","창성동","중국집","5"
"20180109","화","여","20대","서울특별시","종로구","청진동","중국집","5"
"20180109","화","여","20대","서울특별시","종로구","평창동","중국집","5"
"20180109","화","여","30대","서울특별시","종로구","교남동","중국집","5"
"20180109","화","여","30대","서울특별시","종로구","동숭동","중국집","8"
"20180109","화","남","30대","서울특별시","종로구","경운동","중국집","5"
"20180109","화","남","30대","서울특별시","종로구","명륜1가","중국집","5"
"20180109","화","여","30대","서울특별시","종로구","서린동","중국집","5"
"20180109","화","남","20대","서울특별시","종로구","신문로2가","중국집","5"
"20180109","화","남","10대","서울특별시","종로구","교남동","중국집","5"
"20180109","화","여","30대","서울특별시","종로구","신문로2가","중국집","5"
"20180109","화","여","30대","서울특별시","종로구","창성동","중국집","5"
"20180109","화","여","30대","서울특별시","종로구","평창동","중국집","5"
"20180109","화","남","20대","서울특별시","종로구","교남동","중국집","5"
"20180109","화","여","40대","서울특별시","종로구","낙원동","중국집","5"
"20180109","화","남","30대","서울특별시","종로구","원서동","중국집","6"
"20180109","화","여","40대","서울특별시","종로구","원서동","중국집","5"
"20180109","화","여","40대","서울특별시","종로구","종로6가","중국집","5"
"20180109","화","여","40대","서울특별시","종로구","교남동","중국집","5"
"20180109","화","남","30대","서울특별시","종로구","동숭동","중국집","5"
"20180109","화","여","40대","서울특별시","종로구","창성동","중국집","5"
"20180109","화","여","40대","서울특별시","종로구","숭인동","중국집","5"
"20180109","화","여","50대","서울특별시","종로구","경운동","중국집","5"
"20180109","화","여","30대","서울특별시","종로구","경운동","중국집","5"
"20180109","화","남","30대","서울특별시","종로구","관수동","중국집","5"
"20180109","화","남","40대","서울특별시","종로구","신문로2가","중국집","5"
"20180109","화","남","20대","서울특별시","종로구","서린동","중국집","5"
"20180109","화","여","50대","서울특별시","종로구","숭인동","중국집","5"
"20180109","화","여","50대","서울특별시","종로구","신문로2가","중국집","5"
"20180109","화","여","50대","서울특별시","종로구","원서동","중국집","5"
"20180109","화","남","40대","서울특별시","종로구","낙원동","중국집","5"
"20180109","화","여","50대","서울특별시","종로구","창성동","중국집","5"
"20180109","화","남","20대","서울특별시","종로구","종로6가","중국집","5"
"20180109","화","여","50대","서울특별시","종로구","평창동","중국집","5"
"20180109","화","여","60대이상","서울특별시","종로구","종로6가","중국집","5"
"20180109","화","남","10대","서울특별시","종로구","종로6가","중국집","5"
"20180109","화","여","60대이상","서울특별시","종로구","평창동","중국집","5"
"20180109","화","여","20대","서울특별시","종로구","숭인동","중국집","5"
"20180109","화","남","10대","서울특별시","종로구","창성동","중국집","5"
"20180109","화","남","10대","서울특별시","중구","을지로3가","중국집","5"
"20180109","화","남","20대","서울특별시","중구","장충동2가","중국집","5"
"20180109","화","남","20대","서울특별시","중구","주교동","중국집","5"
"20180109","화","남","20대","서울특별시","중구","신당동","중국집","42"
"20180109","화","남","20대","서울특별시","중구","필동2가","중국집","5"
"20180109","화","남","30대","서울특별시","중구","수하동","중국집","69"
"20180109","화","남","30대","서울특별시","중구","신당동","중국집","69"
"20180109","화","남","30대","서울특별시","중구","을지로3가","중국집","5"
"20180109","화","남","30대","서울특별시","중구","충무로1가","중국집","5"
"20180109","화","남","20대","서울특별시","중구","을지로6가","중국집","5"
"20180109","화","남","40대","서울특별시","중구","수표동","중국집","5"
"20180109","화","남","40대","서울특별시","중구","수하동","중국집","95"
"20180109","화","남","40대","서울특별시","중구","신당동","중국집","53"
"20180109","화","남","40대","서울특별시","중구","을지로6가","중국집","5"
"20180109","화","남","40대","서울특별시","중구","충무로1가","중국집","5"
"20180109","화","남","30대","서울특별시","중구","무교동","중국집","5"
"20180109","화","남","40대","서울특별시","중구","회현동1가","중국집","5"
"20180109","화","남","50대","서울특별시","중구","무교동","중국집","5"
"20180109","화","남","50대","서울특별시","중구","수표동","중국집","5"
"20180109","화","남","50대","서울특별시","중구","신당동","중국집","34"
"20180109","화","남","50대","서울특별시","중구","을지로3가","중국집","5"
"20180109","화","남","50대","서울특별시","중구","주교동","중국집","5"
"20180109","화","남","50대","서울특별시","중구","필동2가","중국집","5"
"20180109","화","남","60대이상","서울특별시","중구","신당동","중국집","31"
"20180109","화","여","10대","서울특별시","중구","수하동","중국집","5"
"20180109","화","남","60대이상","서울특별시","중구","수하동","중국집","25"
"20180109","화","여","20대","서울특별시","중구","을지로6가","중국집","5"
"20180109","화","남","60대이상","서울특별시","중구","을지로3가","중국집","5"
"20180109","화","여","20대","서울특별시","중구","회현동1가","중국집","5"
"20180109","화","여","30대","서울특별시","중구","무교동","중국집","5"
"20180109","화","여","30대","서울특별시","중구","신당동","중국집","38"
"20180109","화","여","30대","서울특별시","중구","을지로6가","중국집","5"
"20180109","화","여","30대","서울특별시","중구","정동","중국집","5"
"20180109","화","여","30대","서울특별시","중구","충무로1가","중국집","5"
"20180109","화","여","30대","서울특별시","중구","필동2가","중국집","5"
"20180109","화","남","10대","서울특별시","중구","수하동","중국집","6"
"20180109","화","여","20대","서울특별시","중구","수하동","중국집","11"
"20180109","화","여","40대","서울특별시","중구","명동1가","중국집","5"
"20180109","화","남","10대","서울특별시","중구","신당동","중국집","5"
"20180109","화","여","40대","서울특별시","중구","서소문동","중국집","5"
"20180109","화","여","10대","서울특별시","중구","신당동","중국집","5"
"20180109","화","여","30대","서울특별시","중구","수하동","중국집","39"
"20180109","화","남","30대","서울특별시","중구","필동2가","중국집","5"
"20180109","화","여","40대","서울특별시","중구","수하동","중국집","28"
"20180109","화","남","50대","서울특별시","중구","을지로6가","중국집","5"
"20180109","화","여","40대","서울특별시","중구","신당동","중국집","44"
"20180109","화","여","20대","서울특별시","중구","신당동","중국집","15"
"20180109","화","여","40대","서울특별시","중구","을지로6가","중국집","5"
"20180109","화","남","50대","서울특별시","중구","수하동","중국집","66"
"20180109","화","여","40대","서울특별시","중구","충무로1가","중국집","5"
"20180109","화","여","50대","서울특별시","중구","수하동","중국집","28"
"20180109","화","여","50대","서울특별시","중구","신당동","중국집","30"
"20180109","화","여","50대","서울특별시","중구","을지로6가","중국집","5"
"20180109","화","여","50대","서울특별시","중구","주교동","중국집","5"
"20180109","화","남","30대","서울특별시","중구","을지로6가","중국집","5"
"20180109","화","여","50대","서울특별시","중구","회현동1가","중국집","5"
"20180109","화","남","30대","서울특별시","중구","명동1가","중국집","5"
"20180109","화","여","30대","서울특별시","중구","회현동1가","중국집","5"
"20180109","화","여","50대","서울특별시","중구","흥인동","중국집","5"
"20180109","화","여","60대이상","서울특별시","중구","수하동","중국집","18"
"20180109","화","남","40대","서울특별시","중구","필동2가","중국집","5"
"20180109","화","남","20대","서울특별시","중구","수하동","중국집","28"
"20180109","화","여","60대이상","서울특별시","중구","신당동","중국집","27"
"20180109","화","남","10대","서울특별시","중랑구","묵동","중국집","5"
"20180109","화","남","20대","서울특별시","중랑구","망우동","중국집","5"
"20180109","화","남","20대","서울특별시","중랑구","면목동","중국집","25"
"20180109","화","남","20대","서울특별시","중랑구","신내동","중국집","5"
"20180109","화","남","30대","서울특별시","중랑구","신내동","중국집","5"
"20180109","화","남","40대","서울특별시","중랑구","망우동","중국집","5"
"20180109","화","남","40대","서울특별시","중랑구","면목동","중국집","48"
"20180109","화","남","10대","서울특별시","중랑구","신내동","중국집","5"
"20180109","화","남","40대","서울특별시","중랑구","묵동","중국집","5"
"20180109","화","남","40대","서울특별시","중랑구","상봉동","중국집","5"
"20180109","화","남","40대","서울특별시","중랑구","신내동","중국집","5"
"20180109","화","남","50대","서울특별시","중랑구","면목동","중국집","37"
"20180109","화","남","10대","서울특별시","중랑구","면목동","중국집","6"
"20180109","화","남","50대","서울특별시","중랑구","묵동","중국집","5"
"20180109","화","남","50대","서울특별시","중랑구","망우동","중국집","5"
"20180109","화","남","60대이상","서울특별시","중랑구","면목동","중국집","14"
"20180109","화","남","60대이상","서울특별시","중랑구","묵동","중국집","5"
"20180109","화","남","60대이상","서울특별시","중랑구","신내동","중국집","5"
"20180109","화","여","10대","서울특별시","중랑구","면목동","중국집","5"
"20180109","화","여","20대","서울특별시","중랑구","망우동","중국집","5"
"20180109","화","여","20대","서울특별시","중랑구","면목동","중국집","9"
"20180109","화","여","20대","서울특별시","중랑구","신내동","중국집","5"
"20180109","화","여","30대","서울특별시","중랑구","망우동","중국집","5"
"20180109","화","여","30대","서울특별시","중랑구","면목동","중국집","23"
"20180109","화","여","30대","서울특별시","중랑구","신내동","중국집","5"
"20180109","화","남","30대","서울특별시","중랑구","중화동","중국집","5"
"20180109","화","여","30대","서울특별시","중랑구","중화동","중국집","5"
"20180109","화","여","40대","서울특별시","중랑구","망우동","중국집","5"
"20180109","화","여","40대","서울특별시","중랑구","면목동","중국집","48"
"20180109","화","여","30대","서울특별시","중랑구","묵동","중국집","5"
"20180109","화","여","40대","서울특별시","중랑구","신내동","중국집","5"
"20180109","화","여","40대","서울특별시","중랑구","묵동","중국집","5"
"20180109","화","여","50대","서울특별시","중랑구","망우동","중국집","6"
"20180109","화","여","50대","서울특별시","중랑구","면목동","중국집","28"
"20180109","화","여","50대","서울특별시","중랑구","묵동","중국집","5"
"20180109","화","여","50대","서울특별시","중랑구","상봉동","중국집","5"
"20180109","화","여","50대","서울특별시","중랑구","중화동","중국집","5"
"20180109","화","남","30대","서울특별시","중랑구","면목동","중국집","29"
"20180109","화","여","60대이상","서울특별시","중랑구","면목동","중국집","12"
"20180109","화","여","60대이상","서울특별시","중랑구","묵동","중국집","5"
"20180110","수","남","10대","서울특별시","강남구","대치동","중국집","5"
"20180110","수","남","20대","서울특별시","강남구","세곡동","중국집","5"
"20180110","수","남","20대","서울특별시","강남구","수서동","중국집","5"
"20180110","수","남","10대","서울특별시","강남구","도곡동","중국집","5"
"20180110","수","남","20대","서울특별시","강남구","역삼동","중국집","46"
"20180110","수","남","20대","서울특별시","강남구","일원동","중국집","5"
"20180110","수","남","30대","서울특별시","강남구","도곡동","중국집","5"
"20180110","수","남","30대","서울특별시","강남구","삼성동","중국집","87"
"20180110","수","남","30대","서울특별시","강남구","세곡동","중국집","12"
"20180110","수","남","30대","서울특별시","강남구","역삼동","중국집","90"
"20180110","수","남","20대","서울특별시","강남구","대치동","중국집","5"
"20180110","수","남","30대","서울특별시","강남구","일원동","중국집","5"
"20180110","수","남","40대","서울특별시","강남구","논현동","중국집","40"
"20180110","수","남","40대","서울특별시","강남구","압구정동","중국집","5"
"20180110","수","남","20대","서울특별시","강남구","도곡동","중국집","5"
"20180110","수","남","30대","서울특별시","강남구","논현동","중국집","51"
"20180110","수","남","40대","서울특별시","강남구","역삼동","중국집","74"
"20180110","수","남","40대","서울특별시","강남구","일원동","중국집","5"
"20180110","수","남","60대이상","서울특별시","강남구","논현동","중국집","19"
"20180110","수","남","60대이상","서울특별시","강남구","대치동","중국집","5"
"20180110","수","남","40대","서울특별시","강남구","삼성동","중국집","90"
"20180110","수","남","10대","서울특별시","강남구","삼성동","중국집","18"
"20180110","수","남","60대이상","서울특별시","강남구","도곡동","중국집","5"
"20180110","수","남","60대이상","서울특별시","강남구","일원동","중국집","5"
"20180110","수","남","20대","서울특별시","강남구","삼성동","중국집","45"
"20180110","수","여","20대","서울특별시","강남구","개포동","중국집","5"
"20180110","수","남","40대","서울특별시","강남구","세곡동","중국집","8"
"20180110","수","남","30대","서울특별시","강남구","수서동","중국집","5"
"20180110","수","남","20대","서울특별시","강남구","개포동","중국집","5"
"20180110","수","여","20대","서울특별시","강남구","논현동","중국집","23"
"20180110","수","남","40대","서울특별시","강남구","수서동","중국집","5"
"20180110","수","여","20대","서울특별시","강남구","도곡동","중국집","5"
"20180110","수","여","20대","서울특별시","강남구","수서동","중국집","5"
"20180110","수","여","30대","서울특별시","강남구","대치동","중국집","5"
"20180110","수","여","30대","서울특별시","강남구","도곡동","중국집","5"
"20180110","수","여","30대","서울특별시","강남구","삼성동","중국집","56"
"20180110","수","여","30대","서울특별시","강남구","수서동","중국집","5"
"20180110","수","남","30대","서울특별시","강남구","대치동","중국집","5"
"20180110","수","여","30대","서울특별시","강남구","압구정동","중국집","5"
"20180110","수","여","30대","서울특별시","강남구","역삼동","중국집","46"
"20180110","수","여","20대","서울특별시","강남구","일원동","중국집","5"
"20180110","수","여","10대","서울특별시","강남구","삼성동","중국집","5"
"20180110","수","여","20대","서울특별시","강남구","삼성동","중국집","30"
"20180110","수","여","30대","서울특별시","강남구","일원동","중국집","5"
"20180110","수","남","50대","서울특별시","강남구","개포동","중국집","5"
"20180110","수","남","60대이상","서울특별시","강남구","수서동","중국집","5"
"20180110","수","여","40대","서울특별시","강남구","논현동","중국집","54"
"20180110","수","여","10대","서울특별시","강남구","도곡동","중국집","5"
"20180110","수","여","40대","서울특별시","강남구","대치동","중국집","5"
"20180110","수","여","20대","서울특별시","강남구","압구정동","중국집","5"
"20180110","수","여","40대","서울특별시","강남구","도곡동","중국집","9"
"20180110","수","여","40대","서울특별시","강남구","삼성동","중국집","117"
"20180110","수","여","30대","서울특별시","강남구","세곡동","중국집","6"
"20180110","수","남","50대","서울특별시","강남구","논현동","중국집","18"
"20180110","수","여","30대","서울특별시","강남구","논현동","중국집","42"
"20180110","수","남","50대","서울특별시","강남구","역삼동","중국집","29"
"20180110","수","여","20대","서울특별시","강남구","역삼동","중국집","29"
"20180110","수","남","40대","서울특별시","강남구","도곡동","중국집","7"
"20180110","수","여","40대","서울특별시","강남구","세곡동","중국집","8"
"20180110","수","여","40대","서울특별시","강남구","압구정동","중국집","5"
"20180110","수","남","20대","서울특별시","강남구","논현동","중국집","23"
"20180110","수","여","50대","서울특별시","강남구","논현동","중국집","21"
"20180110","수","여","50대","서울특별시","강남구","도곡동","중국집","7"
"20180110","수","남","50대","서울특별시","강남구","압구정동","중국집","5"
"20180110","수","여","50대","서울특별시","강남구","삼성동","중국집","48"
"20180110","수","남","50대","서울특별시","강남구","수서동","중국집","5"
"20180110","수","남","50대","서울특별시","강남구","도곡동","중국집","5"
"20180110","수","남","60대이상","서울특별시","강남구","세곡동","중국집","5"
"20180110","수","여","50대","서울특별시","강남구","세곡동","중국집","6"
"20180110","수","여","40대","서울특별시","강남구","수서동","중국집","5"
"20180110","수","남","60대이상","서울특별시","강남구","역삼동","중국집","24"
"20180110","수","여","50대","서울특별시","강남구","역삼동","중국집","27"
"20180110","수","여","20대","서울특별시","강남구","대치동","중국집","5"
"20180110","수","여","60대이상","서울특별시","강남구","개포동","중국집","5"
"20180110","수","남","10대","서울특별시","강남구","역삼동","중국집","5"
"20180110","수","남","60대이상","서울특별시","강남구","삼성동","중국집","26"
"20180110","수","여","60대이상","서울특별시","강남구","논현동","중국집","19"
"20180110","수","여","60대이상","서울특별시","강남구","도곡동","중국집","5"
"20180110","수","여","60대이상","서울특별시","강남구","삼성동","중국집","25"
"20180110","수","여","40대","서울특별시","강남구","일원동","중국집","5"
"20180110","수","여","10대","서울특별시","강남구","역삼동","중국집","5"
"20180110","수","남","40대","서울특별시","강남구","대치동","중국집","5"
"20180110","수","여","60대이상","서울특별시","강남구","수서동","중국집","5"
"20180110","수","여","20대","서울특별시","강남구","세곡동","중국집","5"
"20180110","수","남","50대","서울특별시","강남구","삼성동","중국집","37"
"20180110","수","여","60대이상","서울특별시","강남구","역삼동","중국집","19"
"20180110","수","여","10대","서울특별시","강남구","논현동","중국집","5"
"20180110","수","남","50대","서울특별시","강남구","세곡동","중국집","5"
"20180110","수","남","30대","서울특별시","강남구","개포동","중국집","5"
"20180110","수","여","60대이상","서울특별시","강남구","청담동","중국집","5"
"20180110","수","여","40대","서울특별시","강남구","역삼동","중국집","64"
"20180110","수","남","10대","서울특별시","강동구","길동","중국집","21"
"20180110","수","남","20대","서울특별시","강동구","명일동","중국집","5"
"20180110","수","남","20대","서울특별시","강동구","성내동","중국집","5"
"20180110","수","남","20대","서울특별시","강동구","암사동","중국집","5"
"20180110","수","남","20대","서울특별시","강동구","천호동","중국집","5"
"20180110","수","남","30대","서울특별시","강동구","길동","중국집","71"
"20180110","수","남","30대","서울특별시","강동구","명일동","중국집","5"
"20180110","수","남","10대","서울특별시","강동구","암사동","중국집","5"
"20180110","수","남","30대","서울특별시","강동구","상일동","중국집","5"
"20180110","수","남","30대","서울특별시","강동구","암사동","중국집","5"
"20180110","수","남","40대","서울특별시","강동구","길동","중국집","71"
"20180110","수","남","40대","서울특별시","강동구","명일동","중국집","5"
"20180110","수","남","40대","서울특별시","강동구","성내동","중국집","6"
"20180110","수","남","40대","서울특별시","강동구","암사동","중국집","5"
"20180110","수","남","40대","서울특별시","강동구","천호동","중국집","5"
"20180110","수","남","50대","서울특별시","강동구","길동","중국집","46"
"20180110","수","남","30대","서울특별시","강동구","천호동","중국집","5"
"20180110","수","남","50대","서울특별시","강동구","명일동","중국집","5"
"20180110","수","남","60대이상","서울특별시","강동구","길동","중국집","38"
"20180110","수","남","60대이상","서울특별시","강동구","성내동","중국집","5"
"20180110","수","남","60대이상","서울특별시","강동구","암사동","중국집","5"
"20180110","수","남","60대이상","서울특별시","강동구","천호동","중국집","5"
"20180110","수","여","10대","서울특별시","강동구","명일동","중국집","5"
"20180110","수","여","20대","서울특별시","강동구","길동","중국집","13"
"20180110","수","여","10대","서울특별시","강동구","길동","중국집","5"
"20180110","수","여","20대","서울특별시","강동구","성내동","중국집","5"
"20180110","수","여","20대","서울특별시","강동구","암사동","중국집","5"
"20180110","수","여","30대","서울특별시","강동구","길동","중국집","64"
"20180110","수","여","30대","서울특별시","강동구","성내동","중국집","5"
"20180110","수","여","40대","서울특별시","강동구","명일동","중국집","5"
"20180110","수","남","50대","서울특별시","강동구","성내동","중국집","5"
"20180110","수","여","40대","서울특별시","강동구","성내동","중국집","5"
"20180110","수","남","10대","서울특별시","강동구","성내동","중국집","5"
"20180110","수","여","20대","서울특별시","강동구","상일동","중국집","5"
"20180110","수","여","40대","서울특별시","강동구","천호동","중국집","5"
"20180110","수","여","30대","서울특별시","강동구","암사동","중국집","5"
"20180110","수","남","30대","서울특별시","강동구","성내동","중국집","5"
"20180110","수","여","50대","서울특별시","강동구","길동","중국집","53"
"20180110","수","남","60대이상","서울특별시","강동구","명일동","중국집","5"
"20180110","수","남","20대","서울특별시","강동구","길동","중국집","37"
"20180110","수","여","50대","서울특별시","강동구","성내동","중국집","5"
"20180110","수","여","50대","서울특별시","강동구","암사동","중국집","5"
"20180110","수","여","50대","서울특별시","강동구","천호동","중국집","5"
"20180110","수","여","60대이상","서울특별시","강동구","길동","중국집","26"
"20180110","수","여","60대이상","서울특별시","강동구","명일동","중국집","5"
"20180110","수","여","30대","서울특별시","강동구","둔촌동","중국집","5"
"20180110","수","여","60대이상","서울특별시","강동구","상일동","중국집","5"
"20180110","수","여","40대","서울특별시","강동구","길동","중국집","94"
"20180110","수","여","60대이상","서울특별시","강동구","성내동","중국집","5"
"20180110","수","여","60대이상","서울특별시","강동구","암사동","중국집","5"
"20180110","수","남","10대","서울특별시","강북구","우이동","중국집","5"
"20180110","수","남","20대","서울특별시","강북구","미아동","중국집","37"
"20180110","수","남","30대","서울특별시","강북구","미아동","중국집","80"
"20180110","수","남","30대","서울특별시","강북구","번동","중국집","13"
"20180110","수","남","30대","서울특별시","강북구","우이동","중국집","5"
"20180110","수","남","40대","서울특별시","강북구","번동","중국집","15"
"20180110","수","남","50대","서울특별시","강북구","번동","중국집","16"
"20180110","수","남","60대이상","서울특별시","강북구","미아동","중국집","36"
"20180110","수","남","50대","서울특별시","강북구","미아동","중국집","50"
"20180110","수","남","60대이상","서울특별시","강북구","번동","중국집","13"
"20180110","수","남","20대","서울특별시","강북구","번동","중국집","6"
"20180110","수","남","10대","서울특별시","강북구","미아동","중국집","15"
"20180110","수","여","20대","서울특별시","강북구","미아동","중국집","14"
"20180110","수","여","20대","서울특별시","강북구","번동","중국집","5"
"20180110","수","남","40대","서울특별시","강북구","우이동","중국집","5"
"20180110","수","여","20대","서울특별시","강북구","우이동","중국집","5"
"20180110","수","여","30대","서울특별시","강북구","번동","중국집","8"
"20180110","수","남","40대","서울특별시","강북구","미아동","중국집","67"
"20180110","수","여","40대","서울특별시","강북구","미아동","중국집","83"
"20180110","수","여","30대","서울특별시","강북구","미아동","중국집","29"
"20180110","수","여","40대","서울특별시","강북구","번동","중국집","26"
"20180110","수","여","40대","서울특별시","강북구","우이동","중국집","5"
"20180110","수","남","10대","서울특별시","강북구","번동","중국집","5"
"20180110","수","여","50대","서울특별시","강북구","미아동","중국집","59"
"20180110","수","여","10대","서울특별시","강북구","번동","중국집","5"
"20180110","수","여","10대","서울특별시","강북구","미아동","중국집","6"
"20180110","수","여","50대","서울특별시","강북구","번동","중국집","5"
"20180110","수","남","60대이상","서울특별시","강북구","우이동","중국집","5"
"20180110","수","여","60대이상","서울특별시","강북구","미아동","중국집","34"
"20180110","수","여","60대이상","서울특별시","강북구","번동","중국집","8"
"20180110","수","남","10대","서울특별시","강서구","화곡동","중국집","12"
"20180110","수","남","20대","서울특별시","강서구","가양동","중국집","25"
"20180110","수","남","10대","서울특별시","강서구","내발산동","중국집","9"
"20180110","수","남","20대","서울특별시","강서구","화곡동","중국집","20"
"20180110","수","남","30대","서울특별시","강서구","가양동","중국집","40"
"20180110","수","남","30대","서울특별시","강서구","내발산동","중국집","53"
"20180110","수","남","30대","서울특별시","강서구","방화동","중국집","5"
"20180110","수","남","20대","서울특별시","강서구","외발산동","중국집","5"
"20180110","수","남","30대","서울특별시","강서구","화곡동","중국집","55"
"20180110","수","남","40대","서울특별시","강서구","내발산동","중국집","50"
"20180110","수","남","40대","서울특별시","강서구","마곡동","중국집","5"
"20180110","수","남","10대","서울특별시","강서구","등촌동","중국집","5"
"20180110","수","남","20대","서울특별시","강서구","등촌동","중국집","14"
"20180110","수","남","50대","서울특별시","강서구","가양동","중국집","22"
"20180110","수","남","50대","서울특별시","강서구","내발산동","중국집","44"
"20180110","수","남","50대","서울특별시","강서구","등촌동","중국집","14"
"20180110","수","남","10대","서울특별시","강서구","마곡동","중국집","5"
"20180110","수","남","50대","서울특별시","강서구","방화동","중국집","5"
"20180110","수","남","60대이상","서울특별시","강서구","내발산동","중국집","28"
"20180110","수","남","40대","서울특별시","강서구","외발산동","중국집","5"
"20180110","수","남","60대이상","서울특별시","강서구","화곡동","중국집","21"
"20180110","수","여","10대","서울특별시","강서구","등촌동","중국집","5"
"20180110","수","여","10대","서울특별시","강서구","외발산동","중국집","5"
"20180110","수","남","60대이상","서울특별시","강서구","방화동","중국집","5"
"20180110","수","남","60대이상","서울특별시","강서구","마곡동","중국집","5"
"20180110","수","여","10대","서울특별시","강서구","화곡동","중국집","9"
"20180110","수","여","20대","서울특별시","강서구","등촌동","중국집","9"
"20180110","수","남","20대","서울특별시","강서구","내발산동","중국집","31"
"20180110","수","여","20대","서울특별시","강서구","마곡동","중국집","5"
"20180110","수","여","20대","서울특별시","강서구","화곡동","중국집","16"
"20180110","수","여","30대","서울특별시","강서구","가양동","중국집","14"
"20180110","수","여","30대","서울특별시","강서구","마곡동","중국집","5"
"20180110","수","남","40대","서울특별시","강서구","화곡동","중국집","42"
"20180110","수","여","20대","서울특별시","강서구","내발산동","중국집","14"
"20180110","수","여","30대","서울특별시","강서구","내발산동","중국집","31"
"20180110","수","여","30대","서울특별시","강서구","방화동","중국집","5"
"20180110","수","여","30대","서울특별시","강서구","화곡동","중국집","51"
"20180110","수","남","50대","서울특별시","강서구","화곡동","중국집","24"
"20180110","수","여","40대","서울특별시","강서구","가양동","중국집","30"
"20180110","수","여","40대","서울특별시","강서구","등촌동","중국집","29"
"20180110","수","여","40대","서울특별시","강서구","방화동","중국집","5"
"20180110","수","여","10대","서울특별시","강서구","가양동","중국집","5"
"20180110","수","여","20대","서울특별시","강서구","방화동","중국집","5"
"20180110","수","여","40대","서울특별시","강서구","외발산동","중국집","5"
"20180110","수","여","20대","서울특별시","강서구","가양동","중국집","7"
"20180110","수","남","30대","서울특별시","강서구","등촌동","중국집","13"
"20180110","수","여","40대","서울특별시","강서구","화곡동","중국집","70"
"20180110","수","남","60대이상","서울특별시","강서구","등촌동","중국집","5"
"20180110","수","남","40대","서울특별시","강서구","가양동","중국집","26"
"20180110","수","남","10대","서울특별시","강서구","가양동","중국집","5"
"20180110","수","여","50대","서울특별시","강서구","가양동","중국집","12"
"20180110","수","여","50대","서울특별시","강서구","내발산동","중국집","31"
"20180110","수","여","40대","서울특별시","강서구","내발산동","중국집","61"
"20180110","수","여","50대","서울특별시","강서구","등촌동","중국집","13"
"20180110","수","여","50대","서울특별시","강서구","방화동","중국집","5"
"20180110","수","여","50대","서울특별시","강서구","화곡동","중국집","28"
"20180110","수","여","10대","서울특별시","강서구","내발산동","중국집","5"
"20180110","수","남","30대","서울특별시","강서구","외발산동","중국집","5"
"20180110","수","여","60대이상","서울특별시","강서구","가양동","중국집","7"
"20180110","수","남","40대","서울특별시","강서구","등촌동","중국집","22"
"20180110","수","여","60대이상","서울특별시","강서구","등촌동","중국집","11"
"20180110","수","여","60대이상","서울특별시","강서구","방화동","중국집","5"
"20180110","수","여","30대","서울특별시","강서구","등촌동","중국집","15"
"20180110","수","여","60대이상","서울특별시","강서구","화곡동","중국집","16"
"20180110","수","남","30대","서울특별시","강서구","마곡동","중국집","5"
"20180110","수","여","60대이상","서울특별시","강서구","내발산동","중국집","9"
"20180110","수","남","60대이상","서울특별시","강서구","가양동","중국집","7"
"20180110","수","남","10대","서울특별시","관악구","신림동","중국집","5"
"20180110","수","남","20대","서울특별시","관악구","봉천동","중국집","6"
"20180110","수","남","20대","서울특별시","관악구","신림동","중국집","17"
"20180110","수","남","30대","서울특별시","관악구","봉천동","중국집","5"
"20180110","수","남","30대","서울특별시","관악구","신림동","중국집","11"
"20180110","수","남","40대","서울특별시","관악구","신림동","중국집","5"
"20180110","수","남","50대","서울특별시","관악구","신림동","중국집","5"
"20180110","수","남","40대","서울특별시","관악구","봉천동","중국집","5"
"20180110","수","남","60대이상","서울특별시","관악구","봉천동","중국집","5"
"20180110","수","남","60대이상","서울특별시","관악구","신림동","중국집","5"
"20180110","수","여","10대","서울특별시","관악구","봉천동","중국집","5"
"20180110","수","여","10대","서울특별시","관악구","신림동","중국집","5"
"20180110","수","여","20대","서울특별시","관악구","봉천동","중국집","5"
"20180110","수","여","20대","서울특별시","관악구","신림동","중국집","10"
"20180110","수","여","30대","서울특별시","관악구","봉천동","중국집","6"
"20180110","수","여","30대","서울특별시","관악구","신림동","중국집","6"
"20180110","수","남","50대","서울특별시","관악구","봉천동","중국집","5"
"20180110","수","여","40대","서울특별시","관악구","봉천동","중국집","5"
"20180110","수","여","40대","서울특별시","관악구","신림동","중국집","5"
"20180110","수","여","50대","서울특별시","관악구","봉천동","중국집","5"
"20180110","수","여","60대이상","서울특별시","관악구","봉천동","중국집","5"
"20180110","수","여","60대이상","서울특별시","관악구","신림동","중국집","5"
"20180110","수","남","10대","서울특별시","광진구","자양동","중국집","5"
"20180110","수","남","20대","서울특별시","광진구","자양동","중국집","6"
"20180110","수","남","30대","서울특별시","광진구","자양동","중국집","5"
"20180110","수","남","30대","서울특별시","광진구","중곡동","중국집","5"
"20180110","수","남","40대","서울특별시","광진구","중곡동","중국집","5"
"20180110","수","남","50대","서울특별시","광진구","광장동","중국집","5"
"20180110","수","남","50대","서울특별시","광진구","중곡동","중국집","5"
"20180110","수","남","40대","서울특별시","광진구","능동","중국집","5"
"20180110","수","남","20대","서울특별시","광진구","능동","중국집","5"
"20180110","수","남","60대이상","서울특별시","광진구","구의동","중국집","5"
"20180110","수","남","60대이상","서울특별시","광진구","능동","중국집","5"
"20180110","수","남","60대이상","서울특별시","광진구","자양동","중국집","5"
"20180110","수","남","10대","서울특별시","광진구","능동","중국집","5"
"20180110","수","남","60대이상","서울특별시","광진구","화양동","중국집","5"
"20180110","수","여","10대","서울특별시","광진구","자양동","중국집","5"
"20180110","수","여","20대","서울특별시","광진구","능동","중국집","5"
"20180110","수","여","20대","서울특별시","광진구","자양동","중국집","5"
"20180110","수","남","40대","서울특별시","광진구","자양동","중국집","6"
"20180110","수","여","30대","서울특별시","광진구","자양동","중국집","12"
"20180110","수","여","30대","서울특별시","광진구","화양동","중국집","5"
"20180110","수","여","40대","서울특별시","광진구","광장동","중국집","5"
"20180110","수","여","40대","서울특별시","광진구","구의동","중국집","5"
"20180110","수","여","40대","서울특별시","광진구","자양동","중국집","8"
"20180110","수","여","40대","서울특별시","광진구","중곡동","중국집","5"
"20180110","수","남","20대","서울특별시","광진구","화양동","중국집","5"
"20180110","수","여","50대","서울특별시","광진구","자양동","중국집","5"
"20180110","수","남","30대","서울특별시","광진구","능동","중국집","5"
"20180110","수","여","60대이상","서울특별시","광진구","광장동","중국집","5"
"20180110","수","여","40대","서울특별시","광진구","능동","중국집","5"
"20180110","수","여","60대이상","서울특별시","광진구","능동","중국집","5"
"20180110","수","남","40대","서울특별시","광진구","화양동","중국집","5"
"20180110","수","여","60대이상","서울특별시","광진구","자양동","중국집","5"
"20180110","수","남","10대","서울특별시","구로구","개봉동","중국집","8"
"20180110","수","남","10대","서울특별시","구로구","구로동","중국집","5"
"20180110","수","남","20대","서울특별시","구로구","개봉동","중국집","23"
"20180110","수","남","20대","서울특별시","구로구","구로동","중국집","5"
"20180110","수","남","30대","서울특별시","구로구","개봉동","중국집","35"
"20180110","수","남","30대","서울특별시","구로구","구로동","중국집","5"
"20180110","수","남","40대","서울특별시","구로구","개봉동","중국집","32"
"20180110","수","남","40대","서울특별시","구로구","구로동","중국집","5"
"20180110","수","남","40대","서울특별시","구로구","궁동","중국집","5"
"20180110","수","남","50대","서울특별시","구로구","개봉동","중국집","29"
"20180110","수","남","50대","서울특별시","구로구","구로동","중국집","5"
"20180110","수","남","20대","서울특별시","구로구","궁동","중국집","5"
"20180110","수","남","50대","서울특별시","구로구","궁동","중국집","5"
"20180110","수","남","60대이상","서울특별시","구로구","개봉동","중국집","11"
"20180110","수","여","10대","서울특별시","구로구","개봉동","중국집","5"
"20180110","수","여","20대","서울특별시","구로구","개봉동","중국집","7"
"20180110","수","여","20대","서울특별시","구로구","궁동","중국집","5"
"20180110","수","여","30대","서울특별시","구로구","구로동","중국집","5"
"20180110","수","남","60대이상","서울특별시","구로구","구로동","중국집","5"
"20180110","수","여","30대","서울특별시","구로구","궁동","중국집","5"
"20180110","수","여","10대","서울특별시","구로구","궁동","중국집","5"
"20180110","수","여","40대","서울특별시","구로구","개봉동","중국집","48"
"20180110","수","여","30대","서울특별시","구로구","개봉동","중국집","11"
"20180110","수","여","40대","서울특별시","구로구","구로동","중국집","5"
"20180110","수","여","40대","서울특별시","구로구","궁동","중국집","5"
"20180110","수","여","40대","서울특별시","구로구","신도림동","중국집","5"
"20180110","수","여","50대","서울특별시","구로구","개봉동","중국집","21"
"20180110","수","남","50대","서울특별시","구로구","신도림동","중국집","5"
"20180110","수","여","50대","서울특별시","구로구","신도림동","중국집","5"
"20180110","수","여","60대이상","서울특별시","구로구","개봉동","중국집","15"
"20180110","수","여","60대이상","서울특별시","구로구","구로동","중국집","5"
"20180110","수","여","60대이상","서울특별시","구로구","신도림동","중국집","5"
"20180110","수","남","10대","서울특별시","구로구","궁동","중국집","5"
"20180110","수","남","10대","서울특별시","금천구","가산동","중국집","5"
"20180110","수","남","10대","서울특별시","금천구","독산동","중국집","5"
"20180110","수","남","20대","서울특별시","금천구","독산동","중국집","5"
"20180110","수","남","30대","서울특별시","금천구","시흥동","중국집","5"
"20180110","수","남","40대","서울특별시","금천구","가산동","중국집","16"
"20180110","수","남","30대","서울특별시","금천구","독산동","중국집","5"
"20180110","수","남","40대","서울특별시","금천구","독산동","중국집","5"
"20180110","수","남","40대","서울특별시","금천구","시흥동","중국집","5"
"20180110","수","남","50대","서울특별시","금천구","가산동","중국집","7"
"20180110","수","남","50대","서울특별시","금천구","독산동","중국집","5"
"20180110","수","남","50대","서울특별시","금천구","시흥동","중국집","5"
"20180110","수","남","60대이상","서울특별시","금천구","가산동","중국집","5"
"20180110","수","여","10대","서울특별시","금천구","가산동","중국집","5"
"20180110","수","남","30대","서울특별시","금천구","가산동","중국집","25"
"20180110","수","여","20대","서울특별시","금천구","가산동","중국집","7"
"20180110","수","남","20대","서울특별시","금천구","시흥동","중국집","5"
"20180110","수","여","20대","서울특별시","금천구","독산동","중국집","5"
"20180110","수","여","30대","서울특별시","금천구","가산동","중국집","15"
"20180110","수","여","30대","서울특별시","금천구","독산동","중국집","5"
"20180110","수","남","20대","서울특별시","금천구","가산동","중국집","16"
"20180110","수","여","30대","서울특별시","금천구","시흥동","중국집","9"
"20180110","수","여","40대","서울특별시","금천구","가산동","중국집","13"
"20180110","수","여","40대","서울특별시","금천구","시흥동","중국집","5"
"20180110","수","여","20대","서울특별시","금천구","시흥동","중국집","5"
"20180110","수","여","50대","서울특별시","금천구","가산동","중국집","5"
"20180110","수","여","60대이상","서울특별시","금천구","가산동","중국집","5"
"20180110","수","여","60대이상","서울특별시","금천구","시흥동","중국집","5"
"20180110","수","남","10대","서울특별시","노원구","상계동","중국집","17"
"20180110","수","남","20대","서울특별시","노원구","상계동","중국집","34"
"20180110","수","남","20대","서울특별시","노원구","월계동","중국집","5"
"20180110","수","남","30대","서울특별시","노원구","공릉동","중국집","5"
"20180110","수","남","30대","서울특별시","노원구","상계동","중국집","37"
"20180110","수","남","30대","서울특별시","노원구","월계동","중국집","5"
"20180110","수","남","40대","서울특별시","노원구","공릉동","중국집","5"
"20180110","수","남","40대","서울특별시","노원구","상계동","중국집","49"
"20180110","수","남","40대","서울특별시","노원구","월계동","중국집","5"
"20180110","수","남","50대","서울특별시","노원구","공릉동","중국집","5"
"20180110","수","남","50대","서울특별시","노원구","상계동","중국집","28"
"20180110","수","남","50대","서울특별시","노원구","월계동","중국집","5"
"20180110","수","남","60대이상","서울특별시","노원구","상계동","중국집","24"
"20180110","수","남","60대이상","서울특별시","노원구","월계동","중국집","5"
"20180110","수","남","40대","서울특별시","노원구","중계동","중국집","5"
"20180110","수","남","60대이상","서울특별시","노원구","중계동","중국집","5"
"20180110","수","남","20대","서울특별시","노원구","공릉동","중국집","5"
"20180110","수","남","50대","서울특별시","노원구","중계동","중국집","5"
"20180110","수","남","60대이상","서울특별시","노원구","하계동","중국집","5"
"20180110","수","여","10대","서울특별시","노원구","공릉동","중국집","5"
"20180110","수","여","10대","서울특별시","노원구","상계동","중국집","6"
"20180110","수","여","20대","서울특별시","노원구","상계동","중국집","10"
"20180110","수","여","30대","서울특별시","노원구","공릉동","중국집","5"
"20180110","수","여","30대","서울특별시","노원구","상계동","중국집","30"
"20180110","수","여","30대","서울특별시","노원구","중계동","중국집","5"
"20180110","수","여","40대","서울특별시","노원구","공릉동","중국집","5"
"20180110","수","여","40대","서울특별시","노원구","상계동","중국집","89"
"20180110","수","여","40대","서울특별시","노원구","월계동","중국집","5"
"20180110","수","여","40대","서울특별시","노원구","중계동","중국집","11"
"20180110","수","여","50대","서울특별시","노원구","월계동","중국집","5"
"20180110","수","여","50대","서울특별시","노원구","중계동","중국집","5"
"20180110","수","여","60대이상","서울특별시","노원구","상계동","중국집","18"
"20180110","수","남","30대","서울특별시","노원구","하계동","중국집","5"
"20180110","수","여","60대이상","서울특별시","노원구","중계동","중국집","5"
"20180110","수","여","50대","서울특별시","노원구","상계동","중국집","42"
"20180110","수","남","20대","서울특별시","도봉구","방학동","중국집","5"
"20180110","수","남","20대","서울특별시","도봉구","쌍문동","중국집","5"
"20180110","수","남","30대","서울특별시","도봉구","도봉동","중국집","5"
"20180110","수","남","30대","서울특별시","도봉구","방학동","중국집","5"
"20180110","수","남","30대","서울특별시","도봉구","쌍문동","중국집","5"
"20180110","수","남","50대","서울특별시","도봉구","쌍문동","중국집","5"
"20180110","수","남","60대이상","서울특별시","도봉구","도봉동","중국집","5"
"20180110","수","남","40대","서울특별시","도봉구","쌍문동","중국집","5"
"20180110","수","남","60대이상","서울특별시","도봉구","방학동","중국집","5"
"20180110","수","여","20대","서울특별시","도봉구","방학동","중국집","5"
"20180110","수","여","30대","서울특별시","도봉구","방학동","중국집","5"
"20180110","수","여","30대","서울특별시","도봉구","쌍문동","중국집","5"
"20180110","수","여","40대","서울특별시","도봉구","방학동","중국집","5"
"20180110","수","여","40대","서울특별시","도봉구","쌍문동","중국집","5"
"20180110","수","여","50대","서울특별시","도봉구","도봉동","중국집","5"
"20180110","수","여","50대","서울특별시","도봉구","방학동","중국집","5"
"20180110","수","여","60대이상","서울특별시","도봉구","도봉동","중국집","5"
"20180110","수","여","60대이상","서울특별시","도봉구","방학동","중국집","5"
"20180110","수","여","20대","서울특별시","도봉구","쌍문동","중국집","5"
"20180110","수","남","10대","서울특별시","동대문구","장안동","중국집","17"
"20180110","수","남","20대","서울특별시","동대문구","답십리동","중국집","5"
"20180110","수","남","10대","서울특별시","동대문구","제기동","중국집","11"
"20180110","수","남","20대","서울특별시","동대문구","전농동","중국집","5"
"20180110","수","남","20대","서울특별시","동대문구","제기동","중국집","43"
"20180110","수","남","30대","서울특별시","동대문구","제기동","중국집","52"
"20180110","수","남","30대","서울특별시","동대문구","휘경동","중국집","5"
"20180110","수","남","40대","서울특별시","동대문구","장안동","중국집","41"
"20180110","수","남","40대","서울특별시","동대문구","전농동","중국집","6"
"20180110","수","남","40대","서울특별시","동대문구","제기동","중국집","54"
"20180110","수","남","50대","서울특별시","동대문구","답십리동","중국집","5"
"20180110","수","남","50대","서울특별시","동대문구","장안동","중국집","30"
"20180110","수","남","50대","서울특별시","동대문구","제기동","중국집","35"
"20180110","수","남","60대이상","서울특별시","동대문구","장안동","중국집","21"
"20180110","수","남","60대이상","서울특별시","동대문구","제기동","중국집","31"
"20180110","수","여","10대","서울특별시","동대문구","전농동","중국집","5"
"20180110","수","여","20대","서울특별시","동대문구","용두동","중국집","5"
"20180110","수","여","20대","서울특별시","동대문구","장안동","중국집","13"
"20180110","수","여","20대","서울특별시","동대문구","전농동","중국집","5"
"20180110","수","여","20대","서울특별시","동대문구","제기동","중국집","16"
"20180110","수","여","30대","서울특별시","동대문구","답십리동","중국집","5"
"20180110","수","남","60대이상","서울특별시","동대문구","전농동","중국집","5"
"20180110","수","여","30대","서울특별시","동대문구","장안동","중국집","40"
"20180110","수","여","10대","서울특별시","동대문구","제기동","중국집","6"
"20180110","수","여","10대","서울특별시","동대문구","장안동","중국집","5"
"20180110","수","여","30대","서울특별시","동대문구","전농동","중국집","5"
"20180110","수","여","40대","서울특별시","동대문구","장안동","중국집","37"
"20180110","수","여","40대","서울특별시","동대문구","전농동","중국집","5"
"20180110","수","남","30대","서울특별시","동대문구","전농동","중국집","5"
"20180110","수","여","40대","서울특별시","동대문구","답십리동","중국집","5"
"20180110","수","여","40대","서울특별시","동대문구","제기동","중국집","32"
"20180110","수","여","50대","서울특별시","동대문구","장안동","중국집","17"
"20180110","수","남","30대","서울특별시","동대문구","장안동","중국집","46"
"20180110","수","여","50대","서울특별시","동대문구","전농동","중국집","5"
"20180110","수","여","30대","서울특별시","동대문구","제기동","중국집","15"
"20180110","수","남","20대","서울특별시","동대문구","장안동","중국집","26"
"20180110","수","여","50대","서울특별시","동대문구","제기동","중국집","22"
"20180110","수","여","60대이상","서울특별시","동대문구","장안동","중국집","12"
"20180110","수","남","10대","서울특별시","동대문구","전농동","중국집","5"
"20180110","수","여","60대이상","서울특별시","동대문구","제기동","중국집","13"
"20180110","수","남","10대","서울특별시","동작구","본동","중국집","5"
"20180110","수","남","10대","서울특별시","동작구","신대방동","중국집","18"
"20180110","수","남","20대","서울특별시","동작구","본동","중국집","5"
"20180110","수","남","20대","서울특별시","동작구","상도동","중국집","5"
"20180110","수","남","20대","서울특별시","동작구","신대방동","중국집","82"
"20180110","수","남","10대","서울특별시","동작구","상도동","중국집","5"
"20180110","수","남","30대","서울특별시","동작구","본동","중국집","5"
"20180110","수","남","30대","서울특별시","동작구","사당동","중국집","5"
"20180110","수","남","30대","서울특별시","동작구","상도동","중국집","5"
"20180110","수","남","30대","서울특별시","동작구","신대방동","중국집","123"
"20180110","수","남","40대","서울특별시","동작구","본동","중국집","5"
"20180110","수","남","40대","서울특별시","동작구","상도동","중국집","5"
"20180110","수","남","40대","서울특별시","동작구","신대방동","중국집","77"
"20180110","수","남","50대","서울특별시","동작구","노량진동","중국집","5"
"20180110","수","남","50대","서울특별시","동작구","상도동","중국집","5"
"20180110","수","남","30대","서울특별시","동작구","노량진동","중국집","5"
"20180110","수","남","50대","서울특별시","동작구","신대방동","중국집","74"
"20180110","수","남","60대이상","서울특별시","동작구","본동","중국집","5"
"20180110","수","남","60대이상","서울특별시","동작구","사당동","중국집","5"
"20180110","수","남","60대이상","서울특별시","동작구","신대방동","중국집","24"
"20180110","수","남","60대이상","서울특별시","동작구","흑석동","중국집","5"
"20180110","수","여","10대","서울특별시","동작구","본동","중국집","5"
"20180110","수","남","30대","서울특별시","동작구","대방동","중국집","5"
"20180110","수","여","10대","서울특별시","동작구","상도동","중국집","5"
"20180110","수","여","10대","서울특별시","동작구","신대방동","중국집","5"
"20180110","수","여","20대","서울특별시","동작구","노량진동","중국집","5"
"20180110","수","남","40대","서울특별시","동작구","노량진동","중국집","5"
"20180110","수","여","20대","서울특별시","동작구","본동","중국집","5"
"20180110","수","여","20대","서울특별시","동작구","사당동","중국집","5"
"20180110","수","여","30대","서울특별시","동작구","본동","중국집","5"
"20180110","수","여","30대","서울특별시","동작구","사당동","중국집","5"
"20180110","수","남","50대","서울특별시","동작구","본동","중국집","5"
"20180110","수","남","40대","서울특별시","동작구","사당동","중국집","5"
"20180110","수","여","30대","서울특별시","동작구","상도동","중국집","5"
"20180110","수","여","30대","서울특별시","동작구","노량진동","중국집","5"
"20180110","수","여","30대","서울특별시","동작구","신대방동","중국집","60"
"20180110","수","여","40대","서울특별시","동작구","노량진동","중국집","5"
"20180110","수","여","20대","서울특별시","동작구","신대방동","중국집","22"
"20180110","수","여","40대","서울특별시","동작구","본동","중국집","5"
"20180110","수","여","40대","서울특별시","동작구","사당동","중국집","5"
"20180110","수","여","40대","서울특별시","동작구","상도동","중국집","5"
"20180110","수","여","40대","서울특별시","동작구","신대방동","중국집","110"
"20180110","수","남","20대","서울특별시","동작구","노량진동","중국집","5"
"20180110","수","여","50대","서울특별시","동작구","노량진동","중국집","5"
"20180110","수","여","50대","서울특별시","동작구","대방동","중국집","5"
"20180110","수","여","50대","서울특별시","동작구","본동","중국집","5"
"20180110","수","여","50대","서울특별시","동작구","사당동","중국집","5"
"20180110","수","여","50대","서울특별시","동작구","상도동","중국집","5"
"20180110","수","여","50대","서울특별시","동작구","신대방동","중국집","57"
"20180110","수","여","60대이상","서울특별시","동작구","본동","중국집","5"
"20180110","수","남","50대","서울특별시","동작구","사당동","중국집","5"
"20180110","수","여","20대","서울특별시","동작구","상도동","중국집","5"
"20180110","수","여","60대이상","서울특별시","동작구","사당동","중국집","5"
"20180110","수","남","60대이상","서울특별시","동작구","상도동","중국집","5"
"20180110","수","여","60대이상","서울특별시","동작구","신대방동","중국집","37"
"20180110","수","여","60대이상","서울특별시","동작구","흑석동","중국집","5"
"20180110","수","남","10대","서울특별시","마포구","마포동","중국집","5"
"20180110","수","남","20대","서울특별시","마포구","창전동","중국집","5"
"20180110","수","남","30대","서울특별시","마포구","망원동","중국집","5"
"20180110","수","남","30대","서울특별시","마포구","신공덕동","중국집","5"
"20180110","수","남","30대","서울특별시","마포구","합정동","중국집","20"
"20180110","수","남","20대","서울특별시","마포구","상암동","중국집","8"
"20180110","수","남","40대","서울특별시","마포구","상암동","중국집","32"
"20180110","수","남","40대","서울특별시","마포구","염리동","중국집","5"
"20180110","수","남","50대","서울특별시","마포구","대흥동","중국집","5"
"20180110","수","남","50대","서울특별시","마포구","신공덕동","중국집","5"
"20180110","수","남","50대","서울특별시","마포구","합정동","중국집","5"
"20180110","수","남","60대이상","서울특별시","마포구","상암동","중국집","8"
"20180110","수","남","60대이상","서울특별시","마포구","신공덕동","중국집","5"
"20180110","수","남","30대","서울특별시","마포구","염리동","중국집","5"
"20180110","수","남","40대","서울특별시","마포구","창전동","중국집","5"
"20180110","수","여","10대","서울특별시","마포구","상암동","중국집","5"
"20180110","수","남","40대","서울특별시","마포구","대흥동","중국집","5"
"20180110","수","남","20대","서울특별시","마포구","신수동","중국집","5"
"20180110","수","여","10대","서울특별시","마포구","염리동","중국집","5"
"20180110","수","여","20대","서울특별시","마포구","상암동","중국집","5"
"20180110","수","여","20대","서울특별시","마포구","염리동","중국집","5"
"20180110","수","남","50대","서울특별시","마포구","상암동","중국집","19"
"20180110","수","여","20대","서울특별시","마포구","합정동","중국집","6"
"20180110","수","남","10대","서울특별시","마포구","대흥동","중국집","5"
"20180110","수","남","50대","서울특별시","마포구","아현동","중국집","5"
"20180110","수","여","30대","서울특별시","마포구","대흥동","중국집","5"
"20180110","수","여","30대","서울특별시","마포구","상암동","중국집","11"
"20180110","수","남","30대","서울특별시","마포구","신수동","중국집","5"
"20180110","수","남","50대","서울특별시","마포구","염리동","중국집","5"
"20180110","수","여","20대","서울특별시","마포구","대흥동","중국집","5"
"20180110","수","여","30대","서울특별시","마포구","신공덕동","중국집","5"
"20180110","수","남","20대","서울특별시","마포구","합정동","중국집","15"
"20180110","수","여","30대","서울특별시","마포구","아현동","중국집","5"
"20180110","수","남","20대","서울특별시","마포구","망원동","중국집","5"
"20180110","수","남","40대","서울특별시","마포구","서교동","중국집","5"
"20180110","수","여","30대","서울특별시","마포구","공덕동","중국집","5"
"20180110","수","남","50대","서울특별시","마포구","공덕동","중국집","5"
"20180110","수","여","30대","서울특별시","마포구","합정동","중국집","9"
"20180110","수","남","60대이상","서울특별시","마포구","염리동","중국집","5"
"20180110","수","여","30대","서울특별시","마포구","창전동","중국집","5"
"20180110","수","남","60대이상","서울특별시","마포구","합정동","중국집","5"
"20180110","수","여","40대","서울특별시","마포구","대흥동","중국집","5"
"20180110","수","여","40대","서울특별시","마포구","마포동","중국집","5"
"20180110","수","여","40대","서울특별시","마포구","상암동","중국집","44"
"20180110","수","여","40대","서울특별시","마포구","공덕동","중국집","5"
"20180110","수","남","40대","서울특별시","마포구","합정동","중국집","19"
"20180110","수","여","40대","서울특별시","마포구","서교동","중국집","5"
"20180110","수","여","40대","서울특별시","마포구","아현동","중국집","5"
"20180110","수","여","40대","서울특별시","마포구","창전동","중국집","5"
"20180110","수","남","50대","서울특별시","마포구","신수동","중국집","5"
"20180110","수","남","30대","서울특별시","마포구","대흥동","중국집","5"
"20180110","수","여","40대","서울특별시","마포구","합정동","중국집","7"
"20180110","수","여","50대","서울특별시","마포구","공덕동","중국집","5"
"20180110","수","여","30대","서울특별시","마포구","마포동","중국집","5"
"20180110","수","여","50대","서울특별시","마포구","마포동","중국집","5"
"20180110","수","여","40대","서울특별시","마포구","신수동","중국집","5"
"20180110","수","여","50대","서울특별시","마포구","상암동","중국집","14"
"20180110","수","여","50대","서울특별시","마포구","염리동","중국집","5"
"20180110","수","여","50대","서울특별시","마포구","합정동","중국집","5"
"20180110","수","여","60대이상","서울특별시","마포구","공덕동","중국집","5"
"20180110","수","여","60대이상","서울특별시","마포구","망원동","중국집","5"
"20180110","수","여","60대이상","서울특별시","마포구","상암동","중국집","13"
"20180110","수","여","40대","서울특별시","마포구","망원동","중국집","5"
"20180110","수","여","60대이상","서울특별시","마포구","신공덕동","중국집","5"
"20180110","수","여","20대","서울특별시","마포구","망원동","중국집","5"
"20180110","수","남","20대","서울특별시","마포구","염리동","중국집","5"
"20180110","수","남","10대","서울특별시","마포구","상암동","중국집","7"
"20180110","수","여","60대이상","서울특별시","마포구","신수동","중국집","5"
"20180110","수","여","20대","서울특별시","마포구","신공덕동","중국집","5"
"20180110","수","남","30대","서울특별시","마포구","마포동","중국집","5"
"20180110","수","여","60대이상","서울특별시","마포구","합정동","중국집","5"
"20180110","수","남","20대","서울특별시","마포구","마포동","중국집","5"
"20180110","수","남","30대","서울특별시","마포구","상암동","중국집","14"
"20180110","수","남","50대","서울특별시","마포구","망원동","중국집","5"
"20180110","수","남","40대","서울특별시","마포구","아현동","중국집","5"
"20180110","수","남","10대","서울특별시","서대문구","연희동","중국집","5"
"20180110","수","남","10대","서울특별시","서대문구","창천동","중국집","5"
"20180110","수","남","10대","서울특별시","서대문구","홍제동","중국집","7"
"20180110","수","남","20대","서울특별시","서대문구","연희동","중국집","32"
"20180110","수","남","20대","서울특별시","서대문구","충정로3가","중국집","5"
"20180110","수","남","20대","서울특별시","서대문구","홍은동","중국집","5"
"20180110","수","남","20대","서울특별시","서대문구","홍제동","중국집","25"
"20180110","수","남","30대","서울특별시","서대문구","연희동","중국집","46"
"20180110","수","남","30대","서울특별시","서대문구","창천동","중국집","26"
"20180110","수","남","30대","서울특별시","서대문구","충정로3가","중국집","5"
"20180110","수","남","30대","서울특별시","서대문구","홍은동","중국집","5"
"20180110","수","남","30대","서울특별시","서대문구","홍제동","중국집","33"
"20180110","수","남","40대","서울특별시","서대문구","창천동","중국집","37"
"20180110","수","남","10대","서울특별시","서대문구","홍은동","중국집","5"
"20180110","수","남","40대","서울특별시","서대문구","홍제동","중국집","27"
"20180110","수","남","50대","서울특별시","서대문구","남가좌동","중국집","5"
"20180110","수","남","20대","서울특별시","서대문구","창천동","중국집","13"
"20180110","수","남","50대","서울특별시","서대문구","연희동","중국집","34"
"20180110","수","남","30대","서울특별시","서대문구","북가좌동","중국집","5"
"20180110","수","남","50대","서울특별시","서대문구","창천동","중국집","20"
"20180110","수","남","50대","서울특별시","서대문구","홍제동","중국집","18"
"20180110","수","남","60대이상","서울특별시","서대문구","남가좌동","중국집","5"
"20180110","수","남","60대이상","서울특별시","서대문구","연희동","중국집","19"
"20180110","수","남","60대이상","서울특별시","서대문구","홍제동","중국집","17"
"20180110","수","여","10대","서울특별시","서대문구","연희동","중국집","5"
"20180110","수","여","10대","서울특별시","서대문구","창천동","중국집","5"
"20180110","수","여","10대","서울특별시","서대문구","홍제동","중국집","5"
"20180110","수","여","20대","서울특별시","서대문구","연희동","중국집","28"
"20180110","수","남","40대","서울특별시","서대문구","연희동","중국집","59"
"20180110","수","여","20대","서울특별시","서대문구","창천동","중국집","5"
"20180110","수","여","30대","서울특별시","서대문구","창천동","중국집","19"
"20180110","수","여","30대","서울특별시","서대문구","충정로3가","중국집","5"
"20180110","수","여","40대","서울특별시","서대문구","남가좌동","중국집","5"
"20180110","수","여","40대","서울특별시","서대문구","북아현동","중국집","5"
"20180110","수","여","40대","서울특별시","서대문구","연희동","중국집","45"
"20180110","수","여","40대","서울특별시","서대문구","창천동","중국집","39"
"20180110","수","남","10대","서울특별시","서대문구","북가좌동","중국집","5"
"20180110","수","여","30대","서울특별시","서대문구","홍제동","중국집","26"
"20180110","수","여","40대","서울특별시","서대문구","충정로3가","중국집","5"
"20180110","수","여","40대","서울특별시","서대문구","홍은동","중국집","5"
"20180110","수","남","60대이상","서울특별시","서대문구","창천동","중국집","13"
"20180110","수","여","40대","서울특별시","서대문구","홍제동","중국집","28"
"20180110","수","여","50대","서울특별시","서대문구","연희동","중국집","26"
"20180110","수","여","20대","서울특별시","서대문구","홍제동","중국집","9"
"20180110","수","남","20대","서울특별시","서대문구","남가좌동","중국집","5"
"20180110","수","여","50대","서울특별시","서대문구","홍제동","중국집","14"
"20180110","수","여","60대이상","서울특별시","서대문구","북가좌동","중국집","5"
"20180110","수","여","30대","서울특별시","서대문구","연희동","중국집","27"
"20180110","수","남","50대","서울특별시","서대문구","홍은동","중국집","5"
"20180110","수","여","50대","서울특별시","서대문구","창천동","중국집","19"
"20180110","수","여","60대이상","서울특별시","서대문구","북아현동","중국집","5"
"20180110","수","여","60대이상","서울특별시","서대문구","연희동","중국집","11"
"20180110","수","여","60대이상","서울특별시","서대문구","창천동","중국집","15"
"20180110","수","여","60대이상","서울특별시","서대문구","홍제동","중국집","14"
"20180110","수","남","10대","서울특별시","서초구","내곡동","중국집","5"
"20180110","수","남","10대","서울특별시","서초구","반포동","중국집","5"
"20180110","수","남","10대","서울특별시","서초구","양재동","중국집","5"
"20180110","수","남","20대","서울특별시","서초구","반포동","중국집","7"
"20180110","수","남","30대","서울특별시","서초구","방배동","중국집","64"
"20180110","수","남","40대","서울특별시","서초구","서초동","중국집","10"
"20180110","수","남","50대","서울특별시","서초구","내곡동","중국집","5"
"20180110","수","남","40대","서울특별시","서초구","양재동","중국집","29"
"20180110","수","남","50대","서울특별시","서초구","반포동","중국집","11"
"20180110","수","남","50대","서울특별시","서초구","방배동","중국집","48"
"20180110","수","남","50대","서울특별시","서초구","서초동","중국집","5"
"20180110","수","남","50대","서울특별시","서초구","양재동","중국집","25"
"20180110","수","남","10대","서울특별시","서초구","방배동","중국집","8"
"20180110","수","남","60대이상","서울특별시","서초구","내곡동","중국집","5"
"20180110","수","남","60대이상","서울특별시","서초구","반포동","중국집","8"
"20180110","수","남","60대이상","서울특별시","서초구","방배동","중국집","28"
"20180110","수","남","60대이상","서울특별시","서초구","양재동","중국집","22"
"20180110","수","남","20대","서울특별시","서초구","양재동","중국집","35"
"20180110","수","남","40대","서울특별시","서초구","반포동","중국집","15"
"20180110","수","여","10대","서울특별시","서초구","반포동","중국집","5"
"20180110","수","여","10대","서울특별시","서초구","방배동","중국집","5"
"20180110","수","남","60대이상","서울특별시","서초구","서초동","중국집","5"
"20180110","수","여","10대","서울특별시","서초구","양재동","중국집","5"
"20180110","수","남","20대","서울특별시","서초구","방배동","중국집","32"
"20180110","수","여","20대","서울특별시","서초구","반포동","중국집","5"
"20180110","수","여","20대","서울특별시","서초구","방배동","중국집","18"
"20180110","수","여","20대","서울특별시","서초구","서초동","중국집","5"
"20180110","수","여","20대","서울특별시","서초구","양재동","중국집","14"
"20180110","수","여","30대","서울특별시","서초구","내곡동","중국집","5"
"20180110","수","남","10대","서울특별시","서초구","서초동","중국집","5"
"20180110","수","여","30대","서울특별시","서초구","반포동","중국집","8"
"20180110","수","여","30대","서울특별시","서초구","방배동","중국집","47"
"20180110","수","남","30대","서울특별시","서초구","양재동","중국집","46"
"20180110","수","여","30대","서울특별시","서초구","서초동","중국집","12"
"20180110","수","여","30대","서울특별시","서초구","양재동","중국집","34"
"20180110","수","여","40대","서울특별시","서초구","반포동","중국집","28"
"20180110","수","여","40대","서울특별시","서초구","방배동","중국집","68"
"20180110","수","여","10대","서울특별시","서초구","서초동","중국집","5"
"20180110","수","여","40대","서울특별시","서초구","서초동","중국집","14"
"20180110","수","여","40대","서울특별시","서초구","양재동","중국집","31"
"20180110","수","여","40대","서울특별시","서초구","잠원동","중국집","5"
"20180110","수","여","50대","서울특별시","서초구","내곡동","중국집","5"
"20180110","수","여","50대","서울특별시","서초구","반포동","중국집","16"
"20180110","수","남","20대","서울특별시","서초구","서초동","중국집","8"
"20180110","수","남","30대","서울특별시","서초구","내곡동","중국집","6"
"20180110","수","남","40대","서울특별시","서초구","내곡동","중국집","5"
"20180110","수","남","40대","서울특별시","서초구","방배동","중국집","63"
"20180110","수","여","50대","서울특별시","서초구","방배동","중국집","33"
"20180110","수","남","30대","서울특별시","서초구","잠원동","중국집","5"
"20180110","수","여","50대","서울특별시","서초구","서초동","중국집","8"
"20180110","수","여","60대이상","서울특별시","서초구","반포동","중국집","9"
"20180110","수","여","60대이상","서울특별시","서초구","방배동","중국집","35"
"20180110","수","남","30대","서울특별시","서초구","서초동","중국집","22"
"20180110","수","여","60대이상","서울특별시","서초구","서초동","중국집","8"
"20180110","수","여","60대이상","서울특별시","서초구","양재동","중국집","10"
"20180110","수","남","30대","서울특별시","서초구","반포동","중국집","14"
"20180110","수","여","50대","서울특별시","서초구","양재동","중국집","19"
"20180110","수","남","20대","서울특별시","성동구","옥수동","중국집","16"
"20180110","수","남","30대","서울특별시","성동구","성수동2가","중국집","90"
"20180110","수","남","10대","서울특별시","성동구","성수동2가","중국집","9"
"20180110","수","남","30대","서울특별시","성동구","옥수동","중국집","19"
"20180110","수","남","40대","서울특별시","성동구","성수동2가","중국집","97"
"20180110","수","남","40대","서울특별시","성동구","옥수동","중국집","25"
"20180110","수","남","40대","서울특별시","성동구","행당동","중국집","5"
"20180110","수","남","50대","서울특별시","성동구","성수동2가","중국집","65"
"20180110","수","남","50대","서울특별시","성동구","옥수동","중국집","20"
"20180110","수","남","60대이상","서울특별시","성동구","마장동","중국집","5"
"20180110","수","남","60대이상","서울특별시","성동구","성수동2가","중국집","34"
"20180110","수","남","60대이상","서울특별시","성동구","옥수동","중국집","13"
"20180110","수","여","10대","서울특별시","성동구","성수동2가","중국집","7"
"20180110","수","여","20대","서울특별시","성동구","성수동2가","중국집","25"
"20180110","수","여","20대","서울특별시","성동구","옥수동","중국집","5"
"20180110","수","여","30대","서울특별시","성동구","성수동2가","중국집","65"
"20180110","수","남","10대","서울특별시","성동구","옥수동","중국집","5"
"20180110","수","남","20대","서울특별시","성동구","성수동2가","중국집","49"
"20180110","수","여","30대","서울특별시","성동구","옥수동","중국집","5"
"20180110","수","여","40대","서울특별시","성동구","옥수동","중국집","16"
"20180110","수","여","50대","서울특별시","성동구","성수동2가","중국집","48"
"20180110","수","여","50대","서울특별시","성동구","옥수동","중국집","10"
"20180110","수","여","50대","서울특별시","성동구","행당동","중국집","5"
"20180110","수","여","60대이상","서울특별시","성동구","성수동2가","중국집","24"
"20180110","수","여","60대이상","서울특별시","성동구","옥수동","중국집","13"
"20180110","수","여","40대","서울특별시","성동구","성수동2가","중국집","65"
"20180110","수","남","10대","서울특별시","성북구","정릉동","중국집","5"
"20180110","수","남","20대","서울특별시","성북구","동선동2가","중국집","24"
"20180110","수","남","20대","서울특별시","성북구","삼선동5가","중국집","5"
"20180110","수","남","20대","서울특별시","성북구","상월곡동","중국집","5"
"20180110","수","남","30대","서울특별시","성북구","길음동","중국집","5"
"20180110","수","남","30대","서울특별시","성북구","동선동2가","중국집","57"
"20180110","수","남","30대","서울특별시","성북구","종암동","중국집","5"
"20180110","수","남","10대","서울특별시","성북구","동선동2가","중국집","6"
"20180110","수","남","40대","서울특별시","성북구","삼선동5가","중국집","5"
"20180110","수","남","40대","서울특별시","성북구","하월곡동","중국집","5"
"20180110","수","남","50대","서울특별시","성북구","성북동","중국집","5"
"20180110","수","남","50대","서울특별시","성북구","정릉동","중국집","5"
"20180110","수","남","60대이상","서울특별시","성북구","동선동2가","중국집","30"
"20180110","수","남","60대이상","서울특별시","성북구","정릉동","중국집","5"
"20180110","수","여","10대","서울특별시","성북구","동선동2가","중국집","5"
"20180110","수","여","10대","서울특별시","성북구","하월곡동","중국집","5"
"20180110","수","남","20대","서울특별시","성북구","정릉동","중국집","5"
"20180110","수","여","20대","서울특별시","성북구","동선동2가","중국집","20"
"20180110","수","여","20대","서울특별시","성북구","삼선동5가","중국집","5"
"20180110","수","여","20대","서울특별시","성북구","안암동5가","중국집","5"
"20180110","수","남","40대","서울특별시","성북구","동선동2가","중국집","59"
"20180110","수","여","20대","서울특별시","성북구","장위동","중국집","5"
"20180110","수","여","20대","서울특별시","성북구","정릉동","중국집","5"
"20180110","수","여","20대","서울특별시","성북구","종암동","중국집","5"
"20180110","수","여","30대","서울특별시","성북구","동선동2가","중국집","38"
"20180110","수","남","50대","서울특별시","성북구","동선동3가","중국집","5"
"20180110","수","여","30대","서울특별시","성북구","삼선동5가","중국집","5"
"20180110","수","여","30대","서울특별시","성북구","하월곡동","중국집","5"
"20180110","수","여","40대","서울특별시","성북구","길음동","중국집","5"
"20180110","수","여","40대","서울특별시","성북구","동선동2가","중국집","50"
"20180110","수","여","40대","서울특별시","성북구","정릉동","중국집","5"
"20180110","수","남","30대","서울특별시","성북구","정릉동","중국집","5"
"20180110","수","여","40대","서울특별시","성북구","하월곡동","중국집","5"
"20180110","수","여","50대","서울특별시","성북구","동선동2가","중국집","37"
"20180110","수","여","50대","서울특별시","성북구","정릉동","중국집","5"
"20180110","수","여","50대","서울특별시","성북구","종암동","중국집","5"
"20180110","수","여","50대","서울특별시","성북구","하월곡동","중국집","5"
"20180110","수","남","50대","서울특별시","성북구","삼선동5가","중국집","5"
"20180110","수","여","40대","서울특별시","성북구","장위동","중국집","5"
"20180110","수","여","60대이상","서울특별시","성북구","동선동2가","중국집","13"
"20180110","수","남","40대","서울특별시","성북구","정릉동","중국집","5"
"20180110","수","여","60대이상","서울특별시","성북구","삼선동5가","중국집","5"
"20180110","수","남","50대","서울특별시","성북구","동선동2가","중국집","56"
"20180110","수","여","60대이상","서울특별시","성북구","성북동","중국집","5"
"20180110","수","여","30대","서울특별시","성북구","길음동","중국집","5"
"20180110","수","여","60대이상","서울특별시","성북구","정릉동","중국집","5"
"20180110","수","여","60대이상","서울특별시","성북구","종암동","중국집","5"
"20180110","수","남","10대","서울특별시","송파구","송파동","중국집","17"
"20180110","수","남","30대","서울특별시","송파구","가락동","중국집","10"
"20180110","수","남","30대","서울특별시","송파구","마천동","중국집","5"
"20180110","수","남","30대","서울특별시","송파구","송파동","중국집","86"
"20180110","수","남","30대","서울특별시","송파구","풍납동","중국집","5"
"20180110","수","남","40대","서울특별시","송파구","가락동","중국집","15"
"20180110","수","남","40대","서울특별시","송파구","마천동","중국집","5"
"20180110","수","남","10대","서울특별시","송파구","가락동","중국집","5"
"20180110","수","남","50대","서울특별시","송파구","마천동","중국집","5"
"20180110","수","남","20대","서울특별시","송파구","가락동","중국집","6"
"20180110","수","남","50대","서울특별시","송파구","송파동","중국집","57"
"20180110","수","남","50대","서울특별시","송파구","풍납동","중국집","5"
"20180110","수","남","20대","서울특별시","송파구","풍납동","중국집","5"
"20180110","수","남","40대","서울특별시","송파구","방이동","중국집","5"
"20180110","수","남","60대이상","서울특별시","송파구","가락동","중국집","7"
"20180110","수","남","60대이상","서울특별시","송파구","방이동","중국집","5"
"20180110","수","남","60대이상","서울특별시","송파구","송파동","중국집","42"
"20180110","수","남","40대","서울특별시","송파구","송파동","중국집","88"
"20180110","수","남","60대이상","서울특별시","송파구","풍납동","중국집","5"
"20180110","수","남","50대","서울특별시","송파구","가락동","중국집","8"
"20180110","수","남","10대","서울특별시","송파구","마천동","중국집","5"
"20180110","수","여","10대","서울특별시","송파구","가락동","중국집","5"
"20180110","수","여","20대","서울특별시","송파구","가락동","중국집","5"
"20180110","수","여","20대","서울특별시","송파구","송파동","중국집","32"
"20180110","수","남","30대","서울특별시","송파구","방이동","중국집","5"
"20180110","수","여","30대","서울특별시","송파구","송파동","중국집","41"
"20180110","수","여","30대","서울특별시","송파구","풍납동","중국집","5"
"20180110","수","여","40대","서울특별시","송파구","가락동","중국집","12"
"20180110","수","여","40대","서울특별시","송파구","송파동","중국집","85"
"20180110","수","여","50대","서울특별시","송파구","가락동","중국집","5"
"20180110","수","여","50대","서울특별시","송파구","마천동","중국집","5"
"20180110","수","여","50대","서울특별시","송파구","송파동","중국집","66"
"20180110","수","여","50대","서울특별시","송파구","풍납동","중국집","5"
"20180110","수","여","10대","서울특별시","송파구","송파동","중국집","8"
"20180110","수","여","60대이상","서울특별시","송파구","가락동","중국집","5"
"20180110","수","여","60대이상","서울특별시","송파구","마천동","중국집","5"
"20180110","수","여","60대이상","서울특별시","송파구","송파동","중국집","22"
"20180110","수","여","30대","서울특별시","송파구","가락동","중국집","9"
"20180110","수","여","20대","서울특별시","송파구","풍납동","중국집","5"
"20180110","수","남","20대","서울특별시","송파구","송파동","중국집","46"
"20180110","수","여","40대","서울특별시","송파구","풍납동","중국집","5"
"20180110","수","남","20대","서울특별시","양천구","신월동","중국집","5"
"20180110","수","남","20대","서울특별시","양천구","신정동","중국집","11"
"20180110","수","남","30대","서울특별시","양천구","목동","중국집","5"
"20180110","수","남","20대","서울특별시","양천구","목동","중국집","5"
"20180110","수","남","30대","서울특별시","양천구","신월동","중국집","5"
"20180110","수","남","30대","서울특별시","양천구","신정동","중국집","10"
"20180110","수","남","40대","서울특별시","양천구","신월동","중국집","5"
"20180110","수","남","40대","서울특별시","양천구","신정동","중국집","12"
"20180110","수","남","50대","서울특별시","양천구","신월동","중국집","5"
"20180110","수","남","50대","서울특별시","양천구","신정동","중국집","9"
"20180110","수","남","60대이상","서울특별시","양천구","신정동","중국집","5"
"20180110","수","여","10대","서울특별시","양천구","신정동","중국집","5"
"20180110","수","여","20대","서울특별시","양천구","목동","중국집","5"
"20180110","수","여","30대","서울특별시","양천구","목동","중국집","5"
"20180110","수","여","10대","서울특별시","양천구","신월동","중국집","5"
"20180110","수","여","30대","서울특별시","양천구","신정동","중국집","6"
"20180110","수","여","40대","서울특별시","양천구","목동","중국집","5"
"20180110","수","남","60대이상","서울특별시","양천구","신월동","중국집","6"
"20180110","수","여","40대","서울특별시","양천구","신월동","중국집","5"
"20180110","수","여","50대","서울특별시","양천구","신월동","중국집","5"
"20180110","수","여","20대","서울특별시","양천구","신정동","중국집","5"
"20180110","수","여","50대","서울특별시","양천구","신정동","중국집","5"
"20180110","수","여","40대","서울특별시","양천구","신정동","중국집","25"
"20180110","수","여","60대이상","서울특별시","양천구","신월동","중국집","5"
"20180110","수","남","10대","서울특별시","양천구","신정동","중국집","5"
"20180110","수","여","60대이상","서울특별시","양천구","신정동","중국집","5"
"20180110","수","남","10대","서울특별시","영등포구","문래동2가","중국집","5"
"20180110","수","남","10대","서울특별시","영등포구","신길동","중국집","5"
"20180110","수","남","20대","서울특별시","영등포구","문래동2가","중국집","11"
"20180110","수","남","20대","서울특별시","영등포구","여의도동","중국집","16"
"20180110","수","남","20대","서울특별시","영등포구","영등포동7가","중국집","5"
"20180110","수","남","30대","서울특별시","영등포구","문래동3가","중국집","28"
"20180110","수","남","30대","서울특별시","영등포구","영등포동1가","중국집","6"
"20180110","수","남","40대","서울특별시","영등포구","당산동3가","중국집","5"
"20180110","수","남","40대","서울특별시","영등포구","문래동2가","중국집","18"
"20180110","수","남","40대","서울특별시","영등포구","신길동","중국집","5"
"20180110","수","남","40대","서울특별시","영등포구","영등포동1가","중국집","5"
"20180110","수","남","50대","서울특별시","영등포구","대림동","중국집","5"
"20180110","수","남","50대","서울특별시","영등포구","문래동2가","중국집","13"
"20180110","수","남","50대","서울특별시","영등포구","문래동3가","중국집","27"
"20180110","수","남","50대","서울특별시","영등포구","신길동","중국집","5"
"20180110","수","남","20대","서울특별시","영등포구","문래동3가","중국집","20"
"20180110","수","남","50대","서울특별시","영등포구","여의도동","중국집","21"
"20180110","수","남","60대이상","서울특별시","영등포구","대림동","중국집","5"
"20180110","수","남","60대이상","서울특별시","영등포구","문래동3가","중국집","14"
"20180110","수","남","60대이상","서울특별시","영등포구","신길동","중국집","5"
"20180110","수","남","60대이상","서울특별시","영등포구","여의도동","중국집","12"
"20180110","수","남","40대","서울특별시","영등포구","여의도동","중국집","36"
"20180110","수","여","10대","서울특별시","영등포구","문래동3가","중국집","5"
"20180110","수","여","20대","서울특별시","영등포구","문래동2가","중국집","5"
"20180110","수","남","30대","서울특별시","영등포구","여의도동","중국집","34"
"20180110","수","여","20대","서울특별시","영등포구","문래동3가","중국집","5"
"20180110","수","여","20대","서울특별시","영등포구","여의도동","중국집","5"
"20180110","수","여","30대","서울특별시","영등포구","대림동","중국집","5"
"20180110","수","여","30대","서울특별시","영등포구","문래동2가","중국집","13"
"20180110","수","여","30대","서울특별시","영등포구","문래동3가","중국집","21"
"20180110","수","여","30대","서울특별시","영등포구","신길동","중국집","5"
"20180110","수","남","10대","서울특별시","영등포구","문래동3가","중국집","5"
"20180110","수","여","30대","서울특별시","영등포구","영등포동1가","중국집","5"
"20180110","수","남","20대","서울특별시","영등포구","대림동","중국집","5"
"20180110","수","여","40대","서울특별시","영등포구","당산동6가","중국집","5"
"20180110","수","남","60대이상","서울특별시","영등포구","문래동2가","중국집","9"
"20180110","수","여","40대","서울특별시","영등포구","문래동2가","중국집","25"
"20180110","수","여","40대","서울특별시","영등포구","신길동","중국집","5"
"20180110","수","남","30대","서울특별시","영등포구","문래동2가","중국집","16"
"20180110","수","여","40대","서울특별시","영등포구","대림동","중국집","5"
"20180110","수","여","40대","서울특별시","영등포구","여의도동","중국집","16"
"20180110","수","여","40대","서울특별시","영등포구","영등포동1가","중국집","5"
"20180110","수","여","50대","서울특별시","영등포구","문래동2가","중국집","8"
"20180110","수","여","30대","서울특별시","영등포구","여의도동","중국집","18"
"20180110","수","여","50대","서울특별시","영등포구","문래동3가","중국집","11"
"20180110","수","여","50대","서울특별시","영등포구","여의도동","중국집","10"
"20180110","수","남","50대","서울특별시","영등포구","영등포동1가","중국집","5"
"20180110","수","여","40대","서울특별시","영등포구","문래동3가","중국집","23"
"20180110","수","남","20대","서울특별시","영등포구","당산동6가","중국집","5"
"20180110","수","남","20대","서울특별시","영등포구","영등포동1가","중국집","5"
"20180110","수","여","50대","서울특별시","영등포구","영등포동1가","중국집","5"
"20180110","수","여","60대이상","서울특별시","영등포구","문래동2가","중국집","9"
"20180110","수","여","20대","서울특별시","영등포구","영등포동1가","중국집","7"
"20180110","수","여","60대이상","서울특별시","영등포구","문래동3가","중국집","8"
"20180110","수","남","40대","서울특별시","영등포구","문래동3가","중국집","28"
"20180110","수","여","60대이상","서울특별시","영등포구","여의도동","중국집","5"
"20180110","수","남","20대","서울특별시","용산구","보광동","중국집","6"
"20180110","수","남","20대","서울특별시","용산구","이촌동","중국집","5"
"20180110","수","남","20대","서울특별시","용산구","이태원동","중국집","5"
"20180110","수","남","20대","서울특별시","용산구","한강로3가","중국집","15"
"20180110","수","남","10대","서울특별시","용산구","한강로3가","중국집","6"
"20180110","수","남","10대","서울특별시","용산구","후암동","중국집","5"
"20180110","수","남","30대","서울특별시","용산구","도원동","중국집","5"
"20180110","수","남","30대","서울특별시","용산구","동자동","중국집","5"
"20180110","수","남","30대","서울특별시","용산구","보광동","중국집","5"
"20180110","수","남","30대","서울특별시","용산구","이태원동","중국집","5"
"20180110","수","남","30대","서울특별시","용산구","후암동","중국집","36"
"20180110","수","남","40대","서울특별시","용산구","원효로4가","중국집","5"
"20180110","수","남","40대","서울특별시","용산구","보광동","중국집","5"
"20180110","수","남","40대","서울특별시","용산구","한남동","중국집","5"
"20180110","수","남","50대","서울특별시","용산구","동자동","중국집","5"
"20180110","수","남","40대","서울특별시","용산구","이태원동","중국집","5"
"20180110","수","남","50대","서울특별시","용산구","한강로3가","중국집","19"
"20180110","수","남","50대","서울특별시","용산구","한남동","중국집","5"
"20180110","수","남","50대","서울특별시","용산구","이태원동","중국집","5"
"20180110","수","남","50대","서울특별시","용산구","후암동","중국집","33"
"20180110","수","남","60대이상","서울특별시","용산구","동자동","중국집","5"
"20180110","수","남","60대이상","서울특별시","용산구","후암동","중국집","15"
"20180110","수","여","10대","서울특별시","용산구","도원동","중국집","5"
"20180110","수","여","10대","서울특별시","용산구","한강로3가","중국집","5"
"20180110","수","남","30대","서울특별시","용산구","한강로3가","중국집","35"
"20180110","수","여","20대","서울특별시","용산구","원효로4가","중국집","5"
"20180110","수","여","20대","서울특별시","용산구","이태원동","중국집","5"
"20180110","수","남","10대","서울특별시","용산구","원효로4가","중국집","5"
"20180110","수","남","10대","서울특별시","용산구","이태원동","중국집","5"
"20180110","수","여","20대","서울특별시","용산구","한강로3가","중국집","6"
"20180110","수","남","40대","서울특별시","용산구","후암동","중국집","37"
"20180110","수","여","20대","서울특별시","용산구","후암동","중국집","9"
"20180110","수","남","40대","서울특별시","용산구","동자동","중국집","5"
"20180110","수","여","30대","서울특별시","용산구","보광동","중국집","5"
"20180110","수","여","30대","서울특별시","용산구","신계동","중국집","5"
"20180110","수","남","30대","서울특별시","용산구","원효로4가","중국집","5"
"20180110","수","남","40대","서울특별시","용산구","신계동","중국집","5"
"20180110","수","남","50대","서울특별시","용산구","신계동","중국집","5"
"20180110","수","여","30대","서울특별시","용산구","원효로4가","중국집","5"
"20180110","수","여","30대","서울특별시","용산구","이촌동","중국집","5"
"20180110","수","여","30대","서울특별시","용산구","동자동","중국집","5"
"20180110","수","여","30대","서울특별시","용산구","이태원동","중국집","5"
"20180110","수","여","30대","서울특별시","용산구","한강로3가","중국집","13"
"20180110","수","여","30대","서울특별시","용산구","한남동","중국집","5"
"20180110","수","남","60대이상","서울특별시","용산구","도원동","중국집","5"
"20180110","수","남","20대","서울특별시","용산구","후암동","중국집","18"
"20180110","수","여","40대","서울특별시","용산구","도원동","중국집","5"
"20180110","수","여","10대","서울특별시","용산구","후암동","중국집","5"
"20180110","수","남","20대","서울특별시","용산구","한남동","중국집","5"
"20180110","수","여","30대","서울특별시","용산구","후암동","중국집","25"
"20180110","수","여","40대","서울특별시","용산구","보광동","중국집","5"
"20180110","수","여","40대","서울특별시","용산구","동자동","중국집","5"
"20180110","수","여","40대","서울특별시","용산구","이촌동","중국집","5"
"20180110","수","여","40대","서울특별시","용산구","한강로3가","중국집","27"
"20180110","수","여","40대","서울특별시","용산구","후암동","중국집","34"
"20180110","수","여","40대","서울특별시","용산구","한남동","중국집","5"
"20180110","수","남","60대이상","서울특별시","용산구","신계동","중국집","5"
"20180110","수","남","50대","서울특별시","용산구","이촌동","중국집","5"
"20180110","수","여","50대","서울특별시","용산구","보광동","중국집","5"
"20180110","수","여","50대","서울특별시","용산구","이태원동","중국집","5"
"20180110","수","남","50대","서울특별시","용산구","보광동","중국집","5"
"20180110","수","남","40대","서울특별시","용산구","이촌동","중국집","5"
"20180110","수","여","50대","서울특별시","용산구","한강로3가","중국집","25"
"20180110","수","남","40대","서울특별시","용산구","한강로3가","중국집","39"
"20180110","수","여","50대","서울특별시","용산구","한남동","중국집","5"
"20180110","수","여","50대","서울특별시","용산구","후암동","중국집","16"
"20180110","수","여","40대","서울특별시","용산구","신계동","중국집","5"
"20180110","수","여","60대이상","서울특별시","용산구","동자동","중국집","5"
"20180110","수","여","60대이상","서울특별시","용산구","보광동","중국집","5"
"20180110","수","여","20대","서울특별시","용산구","보광동","중국집","5"
"20180110","수","여","40대","서울특별시","용산구","원효로4가","중국집","5"
"20180110","수","남","20대","서울특별시","용산구","원효로4가","중국집","5"
"20180110","수","남","60대이상","서울특별시","용산구","이태원동","중국집","5"
"20180110","수","여","60대이상","서울특별시","용산구","원효로4가","중국집","5"
"20180110","수","여","50대","서울특별시","용산구","이촌동","중국집","5"
"20180110","수","여","60대이상","서울특별시","용산구","이촌동","중국집","5"
"20180110","수","남","30대","서울특별시","용산구","이촌동","중국집","5"
"20180110","수","여","60대이상","서울특별시","용산구","신계동","중국집","5"
"20180110","수","여","60대이상","서울특별시","용산구","이태원동","중국집","5"
"20180110","수","남","60대이상","서울특별시","용산구","보광동","중국집","5"
"20180110","수","남","30대","서울특별시","용산구","한남동","중국집","5"
"20180110","수","여","60대이상","서울특별시","용산구","한강로1가","중국집","5"
"20180110","수","남","60대이상","서울특별시","용산구","한강로3가","중국집","19"
"20180110","수","여","60대이상","서울특별시","용산구","한강로3가","중국집","11"
"20180110","수","여","60대이상","서울특별시","용산구","후암동","중국집","10"
"20180110","수","남","10대","서울특별시","은평구","구산동","중국집","5"
"20180110","수","남","20대","서울특별시","은평구","증산동","중국집","5"
"20180110","수","남","20대","서울특별시","은평구","구산동","중국집","5"
"20180110","수","남","30대","서울특별시","은평구","불광동","중국집","26"
"20180110","수","남","10대","서울특별시","은평구","불광동","중국집","5"
"20180110","수","남","30대","서울특별시","은평구","증산동","중국집","5"
"20180110","수","남","40대","서울특별시","은평구","구산동","중국집","5"
"20180110","수","남","40대","서울특별시","은평구","수색동","중국집","5"
"20180110","수","남","40대","서울특별시","은평구","증산동","중국집","5"
"20180110","수","남","50대","서울특별시","은평구","구산동","중국집","5"
"20180110","수","남","50대","서울특별시","은평구","불광동","중국집","29"
"20180110","수","남","50대","서울특별시","은평구","증산동","중국집","5"
"20180110","수","남","60대이상","서울특별시","은평구","구산동","중국집","5"
"20180110","수","남","60대이상","서울특별시","은평구","불광동","중국집","18"
"20180110","수","남","60대이상","서울특별시","은평구","수색동","중국집","5"
"20180110","수","여","10대","서울특별시","은평구","구산동","중국집","5"
"20180110","수","여","10대","서울특별시","은평구","증산동","중국집","5"
"20180110","수","여","20대","서울특별시","은평구","불광동","중국집","7"
"20180110","수","여","20대","서울특별시","은평구","증산동","중국집","5"
"20180110","수","여","30대","서울특별시","은평구","구산동","중국집","5"
"20180110","수","남","10대","서울특별시","은평구","증산동","중국집","5"
"20180110","수","여","30대","서울특별시","은평구","증산동","중국집","5"
"20180110","수","여","30대","서울특별시","은평구","불광동","중국집","22"
"20180110","수","여","40대","서울특별시","은평구","구산동","중국집","5"
"20180110","수","여","40대","서울특별시","은평구","불광동","중국집","45"
"20180110","수","여","50대","서울특별시","은평구","불광동","중국집","20"
"20180110","수","여","50대","서울특별시","은평구","수색동","중국집","5"
"20180110","수","남","40대","서울특별시","은평구","불광동","중국집","36"
"20180110","수","남","20대","서울특별시","은평구","불광동","중국집","20"
"20180110","수","남","30대","서울특별시","은평구","구산동","중국집","5"
"20180110","수","여","50대","서울특별시","은평구","증산동","중국집","5"
"20180110","수","여","60대이상","서울특별시","은평구","불광동","중국집","18"
"20180110","수","여","10대","서울특별시","은평구","불광동","중국집","5"
"20180110","수","여","60대이상","서울특별시","은평구","수색동","중국집","5"
"20180110","수","여","60대이상","서울특별시","은평구","증산동","중국집","5"
"20180110","수","남","10대","서울특별시","종로구","평창동","중국집","5"
"20180110","수","남","20대","서울특별시","종로구","경운동","중국집","5"
"20180110","수","남","20대","서울특별시","종로구","동숭동","중국집","5"
"20180110","수","남","20대","서울특별시","종로구","명륜1가","중국집","5"
"20180110","수","남","20대","서울특별시","종로구","종로3가","중국집","5"
"20180110","수","남","20대","서울특별시","종로구","창성동","중국집","5"
"20180110","수","남","20대","서울특별시","종로구","평창동","중국집","5"
"20180110","수","남","30대","서울특별시","종로구","신문로2가","중국집","5"
"20180110","수","남","20대","서울특별시","종로구","교남동","중국집","5"
"20180110","수","남","30대","서울특별시","종로구","창성동","중국집","5"
"20180110","수","남","30대","서울특별시","종로구","청진동","중국집","5"
"20180110","수","남","40대","서울특별시","종로구","관수동","중국집","5"
"20180110","수","남","40대","서울특별시","종로구","낙원동","중국집","5"
"20180110","수","남","40대","서울특별시","종로구","명륜1가","중국집","5"
"20180110","수","남","40대","서울특별시","종로구","숭인동","중국집","5"
"20180110","수","남","40대","서울특별시","종로구","신문로2가","중국집","5"
"20180110","수","남","40대","서울특별시","종로구","옥인동","중국집","5"
"20180110","수","남","40대","서울특별시","종로구","원서동","중국집","5"
"20180110","수","남","40대","서울특별시","종로구","창성동","중국집","5"
"20180110","수","남","40대","서울특별시","종로구","교남동","중국집","5"
"20180110","수","남","40대","서울특별시","종로구","창신동","중국집","5"
"20180110","수","남","10대","서울특별시","종로구","교남동","중국집","5"
"20180110","수","남","40대","서울특별시","종로구","평창동","중국집","5"
"20180110","수","남","50대","서울특별시","종로구","원서동","중국집","6"
"20180110","수","남","10대","서울특별시","종로구","동숭동","중국집","5"
"20180110","수","남","50대","서울특별시","종로구","창성동","중국집","5"
"20180110","수","남","30대","서울특별시","종로구","낙원동","중국집","5"
"20180110","수","남","50대","서울특별시","종로구","청진동","중국집","5"
"20180110","수","남","60대이상","서울특별시","종로구","낙원동","중국집","5"
"20180110","수","여","20대","서울특별시","종로구","숭인동","중국집","5"
"20180110","수","여","20대","서울특별시","종로구","신문로2가","중국집","5"
"20180110","수","여","20대","서울특별시","종로구","원서동","중국집","5"
"20180110","수","여","20대","서울특별시","종로구","평창동","중국집","5"
"20180110","수","여","30대","서울특별시","종로구","관수동","중국집","5"
"20180110","수","남","50대","서울특별시","종로구","숭인동","중국집","5"
"20180110","수","여","30대","서울특별시","종로구","교남동","중국집","5"
"20180110","수","남","30대","서울특별시","종로구","동숭동","중국집","5"
"20180110","수","여","20대","서울특별시","종로구","동숭동","중국집","5"
"20180110","수","여","30대","서울특별시","종로구","낙원동","중국집","5"
"20180110","수","남","60대이상","서울특별시","종로구","종로6가","중국집","5"
"20180110","수","남","30대","서울특별시","종로구","교남동","중국집","5"
"20180110","수","여","20대","서울특별시","종로구","창신동","중국집","5"
"20180110","수","여","20대","서울특별시","종로구","창성동","중국집","5"
"20180110","수","여","30대","서울특별시","종로구","동숭동","중국집","5"
"20180110","수","남","50대","서울특별시","종로구","낙원동","중국집","5"
"20180110","수","남","30대","서울특별시","종로구","서린동","중국집","5"
"20180110","수","여","30대","서울특별시","종로구","서린동","중국집","5"
"20180110","수","여","30대","서울특별시","종로구","신문로2가","중국집","5"
"20180110","수","남","20대","서울특별시","종로구","숭인동","중국집","5"
"20180110","수","여","20대","서울특별시","종로구","서린동","중국집","5"
"20180110","수","여","30대","서울특별시","종로구","창성동","중국집","5"
"20180110","수","여","40대","서울특별시","종로구","교남동","중국집","5"
"20180110","수","여","40대","서울특별시","종로구","신문로2가","중국집","5"
"20180110","수","남","20대","서울특별시","종로구","원서동","중국집","5"
"20180110","수","여","40대","서울특별시","종로구","안국동","중국집","5"
"20180110","수","여","40대","서울특별시","종로구","옥인동","중국집","5"
"20180110","수","남","50대","서울특별시","종로구","경운동","중국집","5"
"20180110","수","여","40대","서울특별시","종로구","종로6가","중국집","5"
"20180110","수","여","40대","서울특별시","종로구","경운동","중국집","5"
"20180110","수","남","20대","서울특별시","종로구","관수동","중국집","5"
"20180110","수","남","40대","서울특별시","종로구","동숭동","중국집","6"
"20180110","수","남","30대","서울특별시","종로구","원서동","중국집","5"
"20180110","수","여","40대","서울특별시","종로구","평창동","중국집","5"
"20180110","수","여","50대","서울특별시","종로구","교남동","중국집","5"
"20180110","수","남","20대","서울특별시","종로구","낙원동","중국집","5"
"20180110","수","남","50대","서울특별시","종로구","종로6가","중국집","5"
"20180110","수","남","60대이상","서울특별시","종로구","창성동","중국집","5"
"20180110","수","여","30대","서울특별시","종로구","원서동","중국집","5"
"20180110","수","여","50대","서울특별시","종로구","동숭동","중국집","5"
"20180110","수","여","20대","서울특별시","종로구","낙원동","중국집","5"
"20180110","수","여","40대","서울특별시","종로구","원서동","중국집","5"
"20180110","수","여","50대","서울특별시","종로구","신문로2가","중국집","5"
"20180110","수","여","50대","서울특별시","종로구","원서동","중국집","5"
"20180110","수","여","50대","서울특별시","종로구","평창동","중국집","5"
"20180110","수","여","60대이상","서울특별시","종로구","관수동","중국집","5"
"20180110","수","여","30대","서울특별시","종로구","청진동","중국집","5"
"20180110","수","여","60대이상","서울특별시","종로구","종로3가","중국집","5"
"20180110","수","여","60대이상","서울특별시","종로구","종로5가","중국집","5"
"20180110","수","남","30대","서울특별시","종로구","숭인동","중국집","5"
"20180110","수","여","60대이상","서울특별시","종로구","평창동","중국집","5"
"20180110","수","여","40대","서울특별시","종로구","관수동","중국집","5"
"20180110","수","남","30대","서울특별시","종로구","평창동","중국집","5"
"20180110","수","여","30대","서울특별시","종로구","숭인동","중국집","5"
"20180110","수","여","60대이상","서울특별시","종로구","명륜1가","중국집","5"
"20180110","수","남","20대","서울특별시","종로구","종로6가","중국집","5"
"20180110","수","남","10대","서울특별시","중구","충무로1가","중국집","5"
"20180110","수","남","20대","서울특별시","중구","수하동","중국집","35"
"20180110","수","남","20대","서울특별시","중구","신당동","중국집","46"
"20180110","수","남","20대","서울특별시","중구","을지로6가","중국집","5"
"20180110","수","남","20대","서울특별시","중구","충무로1가","중국집","5"
"20180110","수","남","20대","서울특별시","중구","필동2가","중국집","5"
"20180110","수","남","30대","서울특별시","중구","명동1가","중국집","5"
"20180110","수","남","30대","서울특별시","중구","수표동","중국집","5"
"20180110","수","남","30대","서울특별시","중구","수하동","중국집","70"
"20180110","수","남","30대","서울특별시","중구","신당동","중국집","67"
"20180110","수","남","30대","서울특별시","중구","을지로6가","중국집","5"
"20180110","수","남","30대","서울특별시","중구","을지로3가","중국집","5"
"20180110","수","남","30대","서울특별시","중구","충무로1가","중국집","5"
"20180110","수","남","40대","서울특별시","중구","을지로3가","중국집","5"
"20180110","수","남","40대","서울특별시","중구","을지로6가","중국집","5"
"20180110","수","남","50대","서울특별시","중구","명동1가","중국집","5"
"20180110","수","남","40대","서울특별시","중구","정동","중국집","5"
"20180110","수","남","50대","서울특별시","중구","신당동","중국집","53"
"20180110","수","남","50대","서울특별시","중구","을지로3가","중국집","5"
"20180110","수","남","50대","서울특별시","중구","정동","중국집","5"
"20180110","수","남","60대이상","서울특별시","중구","수하동","중국집","25"
"20180110","수","남","50대","서울특별시","중구","필동2가","중국집","5"
"20180110","수","남","60대이상","서울특별시","중구","을지로1가","중국집","5"
"20180110","수","남","60대이상","서울특별시","중구","을지로3가","중국집","5"
"20180110","수","남","60대이상","서울특별시","중구","충무로1가","중국집","5"
"20180110","수","남","60대이상","서울특별시","중구","필동2가","중국집","5"
"20180110","수","남","60대이상","서울특별시","중구","을지로6가","중국집","5"
"20180110","수","남","10대","서울특별시","중구","수하동","중국집","5"
"20180110","수","여","10대","서울특별시","중구","신당동","중국집","5"
"20180110","수","남","50대","서울특별시","중구","수하동","중국집","59"
"20180110","수","여","20대","서울특별시","중구","수하동","중국집","11"
"20180110","수","여","20대","서울특별시","중구","신당동","중국집","22"
"20180110","수","여","20대","서울특별시","중구","을지로6가","중국집","5"
"20180110","수","여","20대","서울특별시","중구","정동","중국집","5"
"20180110","수","남","60대이상","서울특별시","중구","신당동","중국집","41"
"20180110","수","여","20대","서울특별시","중구","충무로1가","중국집","5"
"20180110","수","남","60대이상","서울특별시","중구","주교동","중국집","5"
"20180110","수","여","30대","서울특별시","중구","명동1가","중국집","5"
"20180110","수","여","30대","서울특별시","중구","수하동","중국집","33"
"20180110","수","여","30대","서울특별시","중구","신당동","중국집","40"
"20180110","수","여","30대","서울특별시","중구","을지로6가","중국집","5"
"20180110","수","여","30대","서울특별시","중구","필동2가","중국집","5"
"20180110","수","여","40대","서울특별시","중구","무교동","중국집","5"
"20180110","수","여","40대","서울특별시","중구","수하동","중국집","32"
"20180110","수","여","10대","서울특별시","중구","수하동","중국집","5"
"20180110","수","여","30대","서울특별시","중구","정동","중국집","5"
"20180110","수","여","40대","서울특별시","중구","신당동","중국집","60"
"20180110","수","여","50대","서울특별시","중구","수하동","중국집","20"
"20180110","수","여","50대","서울특별시","중구","신당동","중국집","39"
"20180110","수","여","20대","서울특별시","중구","필동2가","중국집","6"
"20180110","수","여","50대","서울특별시","중구","을지로3가","중국집","5"
"20180110","수","남","40대","서울특별시","중구","신당동","중국집","56"
"20180110","수","남","40대","서울특별시","중구","수하동","중국집","92"
"20180110","수","여","50대","서울특별시","중구","필동2가","중국집","5"
"20180110","수","남","20대","서울특별시","중구","정동","중국집","5"
"20180110","수","남","60대이상","서울특별시","중구","정동","중국집","5"
"20180110","수","여","60대이상","서울특별시","중구","명동1가","중국집","5"
"20180110","수","여","20대","서울특별시","중구","무교동","중국집","5"
"20180110","수","남","40대","서울특별시","중구","충무로1가","중국집","5"
"20180110","수","여","60대이상","서울특별시","중구","수하동","중국집","25"
"20180110","수","남","10대","서울특별시","중구","신당동","중국집","8"
"20180110","수","여","60대이상","서울특별시","중구","신당동","중국집","21"
"20180110","수","남","10대","서울특별시","중랑구","망우동","중국집","5"
"20180110","수","남","10대","서울특별시","중랑구","면목동","중국집","5"
"20180110","수","남","10대","서울특별시","중랑구","상봉동","중국집","5"
"20180110","수","남","20대","서울특별시","중랑구","신내동","중국집","5"
"20180110","수","남","30대","서울특별시","중랑구","망우동","중국집","5"
"20180110","수","남","30대","서울특별시","중랑구","면목동","중국집","31"
"20180110","수","남","30대","서울특별시","중랑구","신내동","중국집","5"
"20180110","수","남","30대","서울특별시","중랑구","중화동","중국집","5"
"20180110","수","남","20대","서울특별시","중랑구","망우동","중국집","5"
"20180110","수","남","40대","서울특별시","중랑구","면목동","중국집","46"
"20180110","수","남","20대","서울특별시","중랑구","중화동","중국집","5"
"20180110","수","남","40대","서울특별시","중랑구","묵동","중국집","5"
"20180110","수","남","50대","서울특별시","중랑구","신내동","중국집","5"
"20180110","수","남","60대이상","서울특별시","중랑구","면목동","중국집","15"
"20180110","수","여","10대","서울특별시","중랑구","망우동","중국집","5"
"20180110","수","남","50대","서울특별시","중랑구","망우동","중국집","5"
"20180110","수","여","10대","서울특별시","중랑구","면목동","중국집","5"
"20180110","수","여","10대","서울특별시","중랑구","묵동","중국집","5"
"20180110","수","여","20대","서울특별시","중랑구","면목동","중국집","12"
"20180110","수","여","20대","서울특별시","중랑구","상봉동","중국집","5"
"20180110","수","여","20대","서울특별시","중랑구","신내동","중국집","5"
"20180110","수","여","30대","서울특별시","중랑구","면목동","중국집","34"
"20180110","수","여","30대","서울특별시","중랑구","신내동","중국집","5"
"20180110","수","여","40대","서울특별시","중랑구","면목동","중국집","36"
"20180110","수","여","40대","서울특별시","중랑구","묵동","중국집","5"
"20180110","수","남","20대","서울특별시","중랑구","면목동","중국집","30"
"20180110","수","여","30대","서울특별시","중랑구","묵동","중국집","5"
"20180110","수","여","40대","서울특별시","중랑구","신내동","중국집","5"
"20180110","수","남","40대","서울특별시","중랑구","신내동","중국집","5"
"20180110","수","여","50대","서울특별시","중랑구","망우동","중국집","5"
"20180110","수","여","50대","서울특별시","중랑구","면목동","중국집","22"
"20180110","수","여","30대","서울특별시","중랑구","망우동","중국집","5"
"20180110","수","여","50대","서울특별시","중랑구","묵동","중국집","5"
"20180110","수","여","50대","서울특별시","중랑구","신내동","중국집","5"
"20180110","수","남","50대","서울특별시","중랑구","면목동","중국집","38"
"20180110","수","여","60대이상","서울특별시","중랑구","망우동","중국집","5"
"20180110","수","여","60대이상","서울특별시","중랑구","면목동","중국집","15"
"20180111","목","남","10대","서울특별시","강남구","논현동","중국집","5"
"20180111","목","남","10대","서울특별시","강남구","삼성동","중국집","6"
"20180111","목","남","20대","서울특별시","강남구","삼성동","중국집","41"
"20180111","목","남","30대","서울특별시","강남구","논현동","중국집","54"
"20180111","목","남","30대","서울특별시","강남구","도곡동","중국집","5"
"20180111","목","남","30대","서울특별시","강남구","삼성동","중국집","86"
"20180111","목","남","30대","서울특별시","강남구","역삼동","중국집","79"
"20180111","목","남","30대","서울특별시","강남구","일원동","중국집","5"
"20180111","목","남","40대","서울특별시","강남구","세곡동","중국집","14"
"20180111","목","남","30대","서울특별시","강남구","수서동","중국집","8"
"20180111","목","남","40대","서울특별시","강남구","수서동","중국집","5"
"20180111","목","남","50대","서울특별시","강남구","개포동","중국집","5"
"20180111","목","남","50대","서울특별시","강남구","논현동","중국집","22"
"20180111","목","남","50대","서울특별시","강남구","도곡동","중국집","5"
"20180111","목","남","20대","서울특별시","강남구","세곡동","중국집","5"
"20180111","목","남","50대","서울특별시","강남구","세곡동","중국집","5"
"20180111","목","남","50대","서울특별시","강남구","수서동","중국집","5"
"20180111","목","남","50대","서울특별시","강남구","역삼동","중국집","46"
"20180111","목","남","60대이상","서울특별시","강남구","논현동","중국집","15"
"20180111","목","남","60대이상","서울특별시","강남구","도곡동","중국집","5"
"20180111","목","남","60대이상","서울특별시","강남구","삼성동","중국집","28"
"20180111","목","남","50대","서울특별시","강남구","삼성동","중국집","43"
"20180111","목","남","20대","서울특별시","강남구","수서동","중국집","5"
"20180111","목","남","60대이상","서울특별시","강남구","역삼동","중국집","26"
"20180111","목","남","60대이상","서울특별시","강남구","일원동","중국집","5"
"20180111","목","남","20대","서울특별시","강남구","논현동","중국집","35"
"20180111","목","여","10대","서울특별시","강남구","삼성동","중국집","5"
"20180111","목","여","10대","서울특별시","강남구","일원동","중국집","5"
"20180111","목","여","20대","서울특별시","강남구","대치동","중국집","5"
"20180111","목","여","20대","서울특별시","강남구","압구정동","중국집","5"
"20180111","목","여","30대","서울특별시","강남구","논현동","중국집","46"
"20180111","목","여","30대","서울특별시","강남구","대치동","중국집","5"
"20180111","목","여","20대","서울특별시","강남구","논현동","중국집","29"
"20180111","목","여","30대","서울특별시","강남구","도곡동","중국집","7"
"20180111","목","여","30대","서울특별시","강남구","삼성동","중국집","49"
"20180111","목","남","40대","서울특별시","강남구","논현동","중국집","45"
"20180111","목","여","30대","서울특별시","강남구","수서동","중국집","5"
"20180111","목","여","20대","서울특별시","강남구","삼성동","중국집","19"
"20180111","목","여","30대","서울특별시","강남구","압구정동","중국집","5"
"20180111","목","남","40대","서울특별시","강남구","삼성동","중국집","115"
"20180111","목","여","30대","서울특별시","강남구","일원동","중국집","5"
"20180111","목","남","30대","서울특별시","강남구","개포동","중국집","6"
"20180111","목","여","40대","서울특별시","강남구","논현동","중국집","52"
"20180111","목","여","20대","서울특별시","강남구","세곡동","중국집","5"
"20180111","목","여","30대","서울특별시","강남구","역삼동","중국집","57"
"20180111","목","여","40대","서울특별시","강남구","삼성동","중국집","114"
"20180111","목","남","20대","서울특별시","강남구","도곡동","중국집","5"
"20180111","목","여","40대","서울특별시","강남구","세곡동","중국집","12"
"20180111","목","여","40대","서울특별시","강남구","압구정동","중국집","5"
"20180111","목","여","40대","서울특별시","강남구","역삼동","중국집","52"
"20180111","목","남","60대이상","서울특별시","강남구","수서동","중국집","5"
"20180111","목","여","10대","서울특별시","강남구","도곡동","중국집","5"
"20180111","목","남","10대","서울특별시","강남구","대치동","중국집","5"
"20180111","목","여","40대","서울특별시","강남구","일원동","중국집","5"
"20180111","목","남","40대","서울특별시","강남구","역삼동","중국집","76"
"20180111","목","여","50대","서울특별시","강남구","개포동","중국집","5"
"20180111","목","여","50대","서울특별시","강남구","논현동","중국집","36"
"20180111","목","남","20대","서울특별시","강남구","역삼동","중국집","42"
"20180111","목","여","50대","서울특별시","강남구","대치동","중국집","5"
"20180111","목","여","50대","서울특별시","강남구","삼성동","중국집","50"
"20180111","목","남","40대","서울특별시","강남구","압구정동","중국집","5"
"20180111","목","여","50대","서울특별시","강남구","세곡동","중국집","5"
"20180111","목","남","50대","서울특별시","강남구","압구정동","중국집","5"
"20180111","목","여","50대","서울특별시","강남구","수서동","중국집","5"
"20180111","목","여","50대","서울특별시","강남구","압구정동","중국집","5"
"20180111","목","여","10대","서울특별시","강남구","논현동","중국집","6"
"20180111","목","여","20대","서울특별시","강남구","도곡동","중국집","5"
"20180111","목","남","20대","서울특별시","강남구","대치동","중국집","5"
"20180111","목","남","40대","서울특별시","강남구","도곡동","중국집","5"
"20180111","목","여","50대","서울특별시","강남구","역삼동","중국집","30"
"20180111","목","여","50대","서울특별시","강남구","일원동","중국집","5"
"20180111","목","여","10대","서울특별시","강남구","세곡동","중국집","5"
"20180111","목","여","20대","서울특별시","강남구","역삼동","중국집","39"
"20180111","목","남","60대이상","서울특별시","강남구","대치동","중국집","5"
"20180111","목","남","40대","서울특별시","강남구","개포동","중국집","5"
"20180111","목","여","60대이상","서울특별시","강남구","개포동","중국집","5"
"20180111","목","여","60대이상","서울특별시","강남구","논현동","중국집","18"
"20180111","목","남","10대","서울특별시","강남구","역삼동","중국집","5"
"20180111","목","여","60대이상","서울특별시","강남구","대치동","중국집","5"
"20180111","목","여","10대","서울특별시","강남구","역삼동","중국집","5"
"20180111","목","여","60대이상","서울특별시","강남구","도곡동","중국집","5"
"20180111","목","여","60대이상","서울특별시","강남구","삼성동","중국집","19"
"20180111","목","남","30대","서울특별시","강남구","세곡동","중국집","11"
"20180111","목","남","30대","서울특별시","강남구","대치동","중국집","5"
"20180111","목","여","50대","서울특별시","강남구","도곡동","중국집","8"
"20180111","목","남","60대이상","서울특별시","강남구","세곡동","중국집","5"
"20180111","목","남","20대","서울특별시","강남구","압구정동","중국집","5"
"20180111","목","여","60대이상","서울특별시","강남구","세곡동","중국집","5"
"20180111","목","여","30대","서울특별시","강남구","세곡동","중국집","12"
"20180111","목","여","60대이상","서울특별시","강남구","수서동","중국집","5"
"20180111","목","여","40대","서울특별시","강남구","도곡동","중국집","7"
"20180111","목","여","60대이상","서울특별시","강남구","역삼동","중국집","30"
"20180111","목","여","40대","서울특별시","강남구","개포동","중국집","5"
"20180111","목","남","20대","서울특별시","강동구","길동","중국집","30"
"20180111","목","남","20대","서울특별시","강동구","둔촌동","중국집","5"
"20180111","목","남","20대","서울특별시","강동구","상일동","중국집","5"
"20180111","목","남","20대","서울특별시","강동구","성내동","중국집","7"
"20180111","목","남","20대","서울특별시","강동구","명일동","중국집","5"
"20180111","목","남","20대","서울특별시","강동구","암사동","중국집","5"
"20180111","목","남","20대","서울특별시","강동구","천호동","중국집","5"
"20180111","목","남","30대","서울특별시","강동구","길동","중국집","67"
"20180111","목","남","30대","서울특별시","강동구","상일동","중국집","5"
"20180111","목","남","30대","서울특별시","강동구","성내동","중국집","11"
"20180111","목","남","30대","서울특별시","강동구","암사동","중국집","5"
"20180111","목","남","40대","서울특별시","강동구","길동","중국집","69"
"20180111","목","남","40대","서울특별시","강동구","명일동","중국집","5"
"20180111","목","남","40대","서울특별시","강동구","천호동","중국집","5"
"20180111","목","남","60대이상","서울특별시","강동구","성내동","중국집","5"
"20180111","목","여","10대","서울특별시","강동구","길동","중국집","5"
"20180111","목","여","10대","서울특별시","강동구","성내동","중국집","5"
"20180111","목","여","10대","서울특별시","강동구","암사동","중국집","5"
"20180111","목","여","20대","서울특별시","강동구","명일동","중국집","5"
"20180111","목","남","10대","서울특별시","강동구","성내동","중국집","5"
"20180111","목","여","20대","서울특별시","강동구","성내동","중국집","8"
"20180111","목","여","30대","서울특별시","강동구","길동","중국집","65"
"20180111","목","여","30대","서울특별시","강동구","둔촌동","중국집","5"
"20180111","목","여","30대","서울특별시","강동구","명일동","중국집","5"
"20180111","목","여","30대","서울특별시","강동구","성내동","중국집","8"
"20180111","목","남","60대이상","서울특별시","강동구","암사동","중국집","5"
"20180111","목","여","20대","서울특별시","강동구","길동","중국집","13"
"20180111","목","여","30대","서울특별시","강동구","천호동","중국집","5"
"20180111","목","남","60대이상","서울특별시","강동구","길동","중국집","34"
"20180111","목","여","40대","서울특별시","강동구","명일동","중국집","5"
"20180111","목","여","40대","서울특별시","강동구","성내동","중국집","6"
"20180111","목","남","60대이상","서울특별시","강동구","명일동","중국집","5"
"20180111","목","여","40대","서울특별시","강동구","암사동","중국집","5"
"20180111","목","여","50대","서울특별시","강동구","명일동","중국집","5"
"20180111","목","여","50대","서울특별시","강동구","천호동","중국집","5"
"20180111","목","남","50대","서울특별시","강동구","성내동","중국집","5"
"20180111","목","여","50대","서울특별시","강동구","성내동","중국집","7"
"20180111","목","여","50대","서울특별시","강동구","길동","중국집","52"
"20180111","목","여","60대이상","서울특별시","강동구","길동","중국집","24"
"20180111","목","여","60대이상","서울특별시","강동구","명일동","중국집","5"
"20180111","목","여","40대","서울특별시","강동구","천호동","중국집","5"
"20180111","목","남","50대","서울특별시","강동구","길동","중국집","51"
"20180111","목","여","60대이상","서울특별시","강동구","상일동","중국집","5"
"20180111","목","여","60대이상","서울특별시","강동구","성내동","중국집","5"
"20180111","목","남","40대","서울특별시","강동구","성내동","중국집","5"
"20180111","목","남","10대","서울특별시","강동구","길동","중국집","14"
"20180111","목","여","30대","서울특별시","강동구","암사동","중국집","5"
"20180111","목","여","60대이상","서울특별시","강동구","암사동","중국집","5"
"20180111","목","여","40대","서울특별시","강동구","길동","중국집","68"
"20180111","목","남","10대","서울특별시","강북구","미아동","중국집","6"
"20180111","목","남","10대","서울특별시","강북구","번동","중국집","5"
"20180111","목","남","10대","서울특별시","강북구","수유동","중국집","5"
"20180111","목","남","20대","서울특별시","강북구","번동","중국집","12"
"20180111","목","남","30대","서울특별시","강북구","미아동","중국집","58"
"20180111","목","남","30대","서울특별시","강북구","번동","중국집","18"
"20180111","목","남","30대","서울특별시","강북구","우이동","중국집","5"
"20180111","목","남","40대","서울특별시","강북구","미아동","중국집","82"
"20180111","목","남","40대","서울특별시","강북구","번동","중국집","13"
"20180111","목","남","60대이상","서울특별시","강북구","미아동","중국집","37"
"20180111","목","남","50대","서울특별시","강북구","번동","중국집","15"
"20180111","목","남","60대이상","서울특별시","강북구","번동","중국집","5"
"20180111","목","여","10대","서울특별시","강북구","미아동","중국집","5"
"20180111","목","여","10대","서울특별시","강북구","번동","중국집","5"
"20180111","목","남","20대","서울특별시","강북구","미아동","중국집","42"
"20180111","목","남","60대이상","서울특별시","강북구","우이동","중국집","5"
"20180111","목","여","20대","서울특별시","강북구","미아동","중국집","15"
"20180111","목","여","20대","서울특별시","강북구","번동","중국집","5"
"20180111","목","여","30대","서울특별시","강북구","미아동","중국집","52"
"20180111","목","여","30대","서울특별시","강북구","우이동","중국집","5"
"20180111","목","여","30대","서울특별시","강북구","번동","중국집","18"
"20180111","목","여","40대","서울특별시","강북구","미아동","중국집","82"
"20180111","목","여","40대","서울특별시","강북구","번동","중국집","23"
"20180111","목","여","50대","서울특별시","강북구","미아동","중국집","59"
"20180111","목","여","50대","서울특별시","강북구","번동","중국집","15"
"20180111","목","여","50대","서울특별시","강북구","우이동","중국집","5"
"20180111","목","남","40대","서울특별시","강북구","우이동","중국집","5"
"20180111","목","여","60대이상","서울특별시","강북구","미아동","중국집","37"
"20180111","목","남","50대","서울특별시","강북구","미아동","중국집","58"
"20180111","목","여","60대이상","서울특별시","강북구","번동","중국집","10"
"20180111","목","여","60대이상","서울특별시","강북구","우이동","중국집","5"
"20180111","목","남","10대","서울특별시","강서구","가양동","중국집","5"
"20180111","목","남","10대","서울특별시","강서구","마곡동","중국집","5"
"20180111","목","남","20대","서울특별시","강서구","내발산동","중국집","24"
"20180111","목","남","30대","서울특별시","강서구","가양동","중국집","36"
"20180111","목","남","20대","서울특별시","강서구","마곡동","중국집","5"
"20180111","목","남","30대","서울특별시","강서구","마곡동","중국집","5"
"20180111","목","남","30대","서울특별시","강서구","외발산동","중국집","5"
"20180111","목","남","40대","서울특별시","강서구","가양동","중국집","29"
"20180111","목","남","40대","서울특별시","강서구","내발산동","중국집","54"
"20180111","목","남","40대","서울특별시","강서구","마곡동","중국집","5"
"20180111","목","남","40대","서울특별시","강서구","화곡동","중국집","42"
"20180111","목","남","50대","서울특별시","강서구","가양동","중국집","18"
"20180111","목","남","50대","서울특별시","강서구","내발산동","중국집","31"
"20180111","목","남","50대","서울특별시","강서구","마곡동","중국집","5"
"20180111","목","남","40대","서울특별시","강서구","방화동","중국집","5"
"20180111","목","남","50대","서울특별시","강서구","방화동","중국집","5"
"20180111","목","남","50대","서울특별시","강서구","화곡동","중국집","31"
"20180111","목","남","60대이상","서울특별시","강서구","가양동","중국집","23"
"20180111","목","남","60대이상","서울특별시","강서구","등촌동","중국집","9"
"20180111","목","남","60대이상","서울특별시","강서구","화곡동","중국집","32"
"20180111","목","남","20대","서울특별시","강서구","외발산동","중국집","5"
"20180111","목","여","10대","서울특별시","강서구","등촌동","중국집","5"
"20180111","목","여","20대","서울특별시","강서구","등촌동","중국집","8"
"20180111","목","여","20대","서울특별시","강서구","마곡동","중국집","5"
"20180111","목","여","20대","서울특별시","강서구","방화동","중국집","5"
"20180111","목","남","50대","서울특별시","강서구","등촌동","중국집","12"
"20180111","목","여","20대","서울특별시","강서구","가양동","중국집","5"
"20180111","목","여","20대","서울특별시","강서구","외발산동","중국집","5"
"20180111","목","여","20대","서울특별시","강서구","화곡동","중국집","5"
"20180111","목","남","30대","서울특별시","강서구","화곡동","중국집","34"
"20180111","목","남","20대","서울특별시","강서구","화곡동","중국집","23"
"20180111","목","여","30대","서울특별시","강서구","가양동","중국집","21"
"20180111","목","여","30대","서울특별시","강서구","내발산동","중국집","36"
"20180111","목","여","30대","서울특별시","강서구","등촌동","중국집","25"
"20180111","목","남","20대","서울특별시","강서구","방화동","중국집","5"
"20180111","목","남","30대","서울특별시","강서구","등촌동","중국집","16"
"20180111","목","여","30대","서울특별시","강서구","마곡동","중국집","5"
"20180111","목","여","30대","서울특별시","강서구","방화동","중국집","5"
"20180111","목","남","60대이상","서울특별시","강서구","내발산동","중국집","12"
"20180111","목","남","10대","서울특별시","강서구","내발산동","중국집","10"
"20180111","목","여","30대","서울특별시","강서구","화곡동","중국집","32"
"20180111","목","여","40대","서울특별시","강서구","가양동","중국집","12"
"20180111","목","여","40대","서울특별시","강서구","내발산동","중국집","54"
"20180111","목","여","40대","서울특별시","강서구","등촌동","중국집","30"
"20180111","목","여","40대","서울특별시","강서구","마곡동","중국집","5"
"20180111","목","남","10대","서울특별시","강서구","화곡동","중국집","7"
"20180111","목","여","40대","서울특별시","강서구","방화동","중국집","5"
"20180111","목","여","40대","서울특별시","강서구","외발산동","중국집","5"
"20180111","목","남","40대","서울특별시","강서구","등촌동","중국집","19"
"20180111","목","여","10대","서울특별시","강서구","내발산동","중국집","5"
"20180111","목","여","40대","서울특별시","강서구","화곡동","중국집","92"
"20180111","목","여","20대","서울특별시","강서구","내발산동","중국집","15"
"20180111","목","남","30대","서울특별시","강서구","내발산동","중국집","50"
"20180111","목","여","50대","서울특별시","강서구","가양동","중국집","25"
"20180111","목","여","50대","서울특별시","강서구","내발산동","중국집","30"
"20180111","목","여","50대","서울특별시","강서구","화곡동","중국집","37"
"20180111","목","여","50대","서울특별시","강서구","등촌동","중국집","9"
"20180111","목","여","60대이상","서울특별시","강서구","가양동","중국집","11"
"20180111","목","남","20대","서울특별시","강서구","가양동","중국집","18"
"20180111","목","여","60대이상","서울특별시","강서구","내발산동","중국집","19"
"20180111","목","여","60대이상","서울특별시","강서구","등촌동","중국집","14"
"20180111","목","여","60대이상","서울특별시","강서구","방화동","중국집","5"
"20180111","목","남","40대","서울특별시","강서구","외발산동","중국집","5"
"20180111","목","여","60대이상","서울특별시","강서구","외발산동","중국집","5"
"20180111","목","남","20대","서울특별시","강서구","등촌동","중국집","13"
"20180111","목","여","10대","서울특별시","강서구","화곡동","중국집","5"
"20180111","목","여","30대","서울특별시","강서구","외발산동","중국집","5"
"20180111","목","여","60대이상","서울특별시","강서구","화곡동","중국집","15"
"20180111","목","남","10대","서울특별시","강서구","등촌동","중국집","5"
"20180111","목","남","10대","서울특별시","관악구","신림동","중국집","5"
"20180111","목","남","20대","서울특별시","관악구","봉천동","중국집","5"
"20180111","목","남","30대","서울특별시","관악구","봉천동","중국집","6"
"20180111","목","남","30대","서울특별시","관악구","신림동","중국집","13"
"20180111","목","남","40대","서울특별시","관악구","봉천동","중국집","5"
"20180111","목","남","40대","서울특별시","관악구","신림동","중국집","5"
"20180111","목","남","50대","서울특별시","관악구","봉천동","중국집","5"
"20180111","목","남","50대","서울특별시","관악구","신림동","중국집","5"
"20180111","목","남","60대이상","서울특별시","관악구","봉천동","중국집","5"
"20180111","목","남","20대","서울특별시","관악구","신림동","중국집","19"
"20180111","목","남","60대이상","서울특별시","관악구","신림동","중국집","5"
"20180111","목","여","20대","서울특별시","관악구","봉천동","중국집","5"
"20180111","목","여","20대","서울특별시","관악구","신림동","중국집","14"
"20180111","목","여","30대","서울특별시","관악구","봉천동","중국집","6"
"20180111","목","여","30대","서울특별시","관악구","신림동","중국집","6"
"20180111","목","여","40대","서울특별시","관악구","봉천동","중국집","8"
"20180111","목","여","40대","서울특별시","관악구","신림동","중국집","7"
"20180111","목","여","50대","서울특별시","관악구","봉천동","중국집","5"
"20180111","목","여","50대","서울특별시","관악구","신림동","중국집","5"
"20180111","목","여","60대이상","서울특별시","관악구","봉천동","중국집","5"
"20180111","목","여","60대이상","서울특별시","관악구","신림동","중국집","5"
"20180111","목","남","10대","서울특별시","광진구","광장동","중국집","5"
"20180111","목","남","20대","서울특별시","광진구","능동","중국집","5"
"20180111","목","남","20대","서울특별시","광진구","자양동","중국집","15"
"20180111","목","남","30대","서울특별시","광진구","광장동","중국집","5"
"20180111","목","남","30대","서울특별시","광진구","능동","중국집","5"
"20180111","목","남","30대","서울특별시","광진구","자양동","중국집","7"
"20180111","목","남","40대","서울특별시","광진구","광장동","중국집","5"
"20180111","목","남","40대","서울특별시","광진구","화양동","중국집","5"
"20180111","목","남","50대","서울특별시","광진구","능동","중국집","5"
"20180111","목","남","40대","서울특별시","광진구","중곡동","중국집","5"
"20180111","목","남","10대","서울특별시","광진구","자양동","중국집","6"
"20180111","목","남","50대","서울특별시","광진구","자양동","중국집","5"
"20180111","목","남","40대","서울특별시","광진구","자양동","중국집","6"
"20180111","목","남","60대이상","서울특별시","광진구","자양동","중국집","5"
"20180111","목","여","10대","서울특별시","광진구","능동","중국집","5"
"20180111","목","여","10대","서울특별시","광진구","자양동","중국집","5"
"20180111","목","여","20대","서울특별시","광진구","자양동","중국집","5"
"20180111","목","여","30대","서울특별시","광진구","능동","중국집","5"
"20180111","목","여","30대","서울특별시","광진구","자양동","중국집","5"
"20180111","목","여","30대","서울특별시","광진구","중곡동","중국집","5"
"20180111","목","여","30대","서울특별시","광진구","화양동","중국집","5"
"20180111","목","여","40대","서울특별시","광진구","광장동","중국집","5"
"20180111","목","남","30대","서울특별시","광진구","화양동","중국집","5"
"20180111","목","여","40대","서울특별시","광진구","자양동","중국집","13"
"20180111","목","여","40대","서울특별시","광진구","화양동","중국집","5"
"20180111","목","여","50대","서울특별시","광진구","자양동","중국집","5"
"20180111","목","여","60대이상","서울특별시","광진구","자양동","중국집","5"
"20180111","목","남","10대","서울특별시","구로구","궁동","중국집","5"
"20180111","목","남","20대","서울특별시","구로구","개봉동","중국집","21"
"20180111","목","남","30대","서울특별시","구로구","개봉동","중국집","23"
"20180111","목","남","30대","서울특별시","구로구","궁동","중국집","5"
"20180111","목","남","30대","서울특별시","구로구","신도림동","중국집","5"
"20180111","목","남","20대","서울특별시","구로구","신도림동","중국집","5"
"20180111","목","남","40대","서울특별시","구로구","구로동","중국집","5"
"20180111","목","남","40대","서울특별시","구로구","궁동","중국집","5"
"20180111","목","남","50대","서울특별시","구로구","구로동","중국집","5"
"20180111","목","남","60대이상","서울특별시","구로구","개봉동","중국집","20"
"20180111","목","남","60대이상","서울특별시","구로구","궁동","중국집","5"
"20180111","목","남","10대","서울특별시","구로구","개봉동","중국집","10"
"20180111","목","남","20대","서울특별시","구로구","구로동","중국집","6"
"20180111","목","여","10대","서울특별시","구로구","개봉동","중국집","5"
"20180111","목","여","20대","서울특별시","구로구","개봉동","중국집","8"
"20180111","목","여","30대","서울특별시","구로구","개봉동","중국집","31"
"20180111","목","여","30대","서울특별시","구로구","구로동","중국집","5"
"20180111","목","여","30대","서울특별시","구로구","궁동","중국집","5"
"20180111","목","남","20대","서울특별시","구로구","궁동","중국집","5"
"20180111","목","여","40대","서울특별시","구로구","궁동","중국집","5"
"20180111","목","남","50대","서울특별시","구로구","개봉동","중국집","21"
"20180111","목","여","40대","서울특별시","구로구","개봉동","중국집","59"
"20180111","목","여","50대","서울특별시","구로구","개봉동","중국집","18"
"20180111","목","남","40대","서울특별시","구로구","개봉동","중국집","38"
"20180111","목","여","50대","서울특별시","구로구","천왕동","중국집","5"
"20180111","목","여","50대","서울특별시","구로구","구로동","중국집","5"
"20180111","목","여","60대이상","서울특별시","구로구","개봉동","중국집","8"
"20180111","목","여","60대이상","서울특별시","구로구","구로동","중국집","5"
"20180111","목","여","60대이상","서울특별시","구로구","궁동","중국집","5"
"20180111","목","여","50대","서울특별시","구로구","궁동","중국집","5"
"20180111","목","여","40대","서울특별시","구로구","구로동","중국집","5"
"20180111","목","남","30대","서울특별시","구로구","구로동","중국집","5"
"20180111","목","여","60대이상","서울특별시","구로구","신도림동","중국집","5"
"20180111","목","남","10대","서울특별시","금천구","시흥동","중국집","5"
"20180111","목","남","20대","서울특별시","금천구","독산동","중국집","6"
"20180111","목","남","20대","서울특별시","금천구","시흥동","중국집","5"
"20180111","목","남","30대","서울특별시","금천구","가산동","중국집","21"
"20180111","목","남","30대","서울특별시","금천구","독산동","중국집","5"
"20180111","목","남","30대","서울특별시","금천구","시흥동","중국집","5"
"20180111","목","남","40대","서울특별시","금천구","가산동","중국집","17"
"20180111","목","남","40대","서울특별시","금천구","독산동","중국집","5"
"20180111","목","남","50대","서울특별시","금천구","가산동","중국집","10"
"20180111","목","남","10대","서울특별시","금천구","가산동","중국집","5"
"20180111","목","남","60대이상","서울특별시","금천구","가산동","중국집","10"
"20180111","목","남","60대이상","서울특별시","금천구","독산동","중국집","5"
"20180111","목","남","50대","서울특별시","금천구","시흥동","중국집","5"
"20180111","목","여","10대","서울특별시","금천구","가산동","중국집","5"
"20180111","목","여","10대","서울특별시","금천구","시흥동","중국집","5"
"20180111","목","여","20대","서울특별시","금천구","가산동","중국집","5"
"20180111","목","여","20대","서울특별시","금천구","독산동","중국집","5"
"20180111","목","여","20대","서울특별시","금천구","시흥동","중국집","5"
"20180111","목","여","30대","서울특별시","금천구","가산동","중국집","17"
"20180111","목","남","40대","서울특별시","금천구","시흥동","중국집","5"
"20180111","목","여","30대","서울특별시","금천구","독산동","중국집","5"
"20180111","목","남","60대이상","서울특별시","금천구","시흥동","중국집","5"
"20180111","목","여","30대","서울특별시","금천구","시흥동","중국집","5"
"20180111","목","여","40대","서울특별시","금천구","가산동","중국집","9"
"20180111","목","남","20대","서울특별시","금천구","가산동","중국집","14"
"20180111","목","여","50대","서울특별시","금천구","가산동","중국집","6"
"20180111","목","여","50대","서울특별시","금천구","독산동","중국집","5"
"20180111","목","여","50대","서울특별시","금천구","시흥동","중국집","5"
"20180111","목","여","60대이상","서울특별시","금천구","가산동","중국집","7"
"20180111","목","여","60대이상","서울특별시","금천구","독산동","중국집","5"
"20180111","목","여","40대","서울특별시","금천구","시흥동","중국집","8"
"20180111","목","남","10대","서울특별시","노원구","공릉동","중국집","5"
"20180111","목","남","10대","서울특별시","노원구","상계동","중국집","7"
"20180111","목","남","10대","서울특별시","노원구","중계동","중국집","5"
"20180111","목","남","20대","서울특별시","노원구","상계동","중국집","40"
"20180111","목","남","20대","서울특별시","노원구","월계동","중국집","5"
"20180111","목","남","20대","서울특별시","노원구","중계동","중국집","5"
"20180111","목","남","40대","서울특별시","노원구","공릉동","중국집","5"
"20180111","목","남","40대","서울특별시","노원구","상계동","중국집","62"
"20180111","목","남","50대","서울특별시","노원구","상계동","중국집","29"
"20180111","목","남","50대","서울특별시","노원구","월계동","중국집","5"
"20180111","목","남","60대이상","서울특별시","노원구","공릉동","중국집","5"
"20180111","목","남","60대이상","서울특별시","노원구","상계동","중국집","18"
"20180111","목","여","10대","서울특별시","노원구","상계동","중국집","8"
"20180111","목","여","20대","서울특별시","노원구","공릉동","중국집","5"
"20180111","목","여","20대","서울특별시","노원구","중계동","중국집","5"
"20180111","목","여","30대","서울특별시","노원구","상계동","중국집","35"
"20180111","목","남","30대","서울특별시","노원구","공릉동","중국집","5"
"20180111","목","여","30대","서울특별시","노원구","월계동","중국집","5"
"20180111","목","여","30대","서울특별시","노원구","중계동","중국집","5"
"20180111","목","여","30대","서울특별시","노원구","공릉동","중국집","5"
"20180111","목","여","40대","서울특별시","노원구","공릉동","중국집","5"
"20180111","목","여","10대","서울특별시","노원구","중계동","중국집","5"
"20180111","목","여","40대","서울특별시","노원구","월계동","중국집","5"
"20180111","목","여","40대","서울특별시","노원구","중계동","중국집","5"
"20180111","목","여","50대","서울특별시","노원구","상계동","중국집","48"
"20180111","목","남","30대","서울특별시","노원구","하계동","중국집","5"
"20180111","목","여","50대","서울특별시","노원구","하계동","중국집","5"
"20180111","목","여","60대이상","서울특별시","노원구","공릉동","중국집","5"
"20180111","목","여","60대이상","서울특별시","노원구","상계동","중국집","25"
"20180111","목","여","20대","서울특별시","노원구","상계동","중국집","15"
"20180111","목","남","30대","서울특별시","노원구","상계동","중국집","43"
"20180111","목","여","60대이상","서울특별시","노원구","월계동","중국집","5"
"20180111","목","남","30대","서울특별시","노원구","월계동","중국집","5"
"20180111","목","남","40대","서울특별시","노원구","중계동","중국집","5"
"20180111","목","남","20대","서울특별시","노원구","공릉동","중국집","5"
"20180111","목","여","40대","서울특별시","노원구","상계동","중국집","85"
"20180111","목","여","60대이상","서울특별시","노원구","중계동","중국집","5"
"20180111","목","남","50대","서울특별시","노원구","공릉동","중국집","5"
"20180111","목","남","10대","서울특별시","도봉구","쌍문동","중국집","5"
"20180111","목","남","20대","서울특별시","도봉구","도봉동","중국집","5"
"20180111","목","남","20대","서울특별시","도봉구","쌍문동","중국집","5"
"20180111","목","남","30대","서울특별시","도봉구","도봉동","중국집","5"
"20180111","목","남","30대","서울특별시","도봉구","방학동","중국집","5"
"20180111","목","남","30대","서울특별시","도봉구","쌍문동","중국집","5"
"20180111","목","남","40대","서울특별시","도봉구","방학동","중국집","5"
"20180111","목","남","40대","서울특별시","도봉구","쌍문동","중국집","5"
"20180111","목","남","50대","서울특별시","도봉구","쌍문동","중국집","5"
"20180111","목","여","10대","서울특별시","도봉구","쌍문동","중국집","5"
"20180111","목","여","30대","서울특별시","도봉구","도봉동","중국집","5"
"20180111","목","여","30대","서울특별시","도봉구","방학동","중국집","5"
"20180111","목","여","20대","서울특별시","도봉구","쌍문동","중국집","5"
"20180111","목","여","40대","서울특별시","도봉구","방학동","중국집","5"
"20180111","목","남","60대이상","서울특별시","도봉구","쌍문동","중국집","5"
"20180111","목","여","40대","서울특별시","도봉구","쌍문동","중국집","5"
"20180111","목","여","50대","서울특별시","도봉구","방학동","중국집","5"
"20180111","목","남","60대이상","서울특별시","도봉구","방학동","중국집","5"
"20180111","목","여","50대","서울특별시","도봉구","쌍문동","중국집","5"
"20180111","목","여","60대이상","서울특별시","도봉구","방학동","중국집","5"
"20180111","목","여","20대","서울특별시","도봉구","도봉동","중국집","5"
"20180111","목","여","60대이상","서울특별시","도봉구","쌍문동","중국집","5"
"20180111","목","여","30대","서울특별시","도봉구","쌍문동","중국집","5"
"20180111","목","남","10대","서울특별시","동대문구","장안동","중국집","5"
"20180111","목","남","10대","서울특별시","동대문구","휘경동","중국집","5"
"20180111","목","남","20대","서울특별시","동대문구","제기동","중국집","51"
"20180111","목","남","30대","서울특별시","동대문구","제기동","중국집","56"
"20180111","목","남","40대","서울특별시","동대문구","장안동","중국집","57"
"20180111","목","남","40대","서울특별시","동대문구","전농동","중국집","5"
"20180111","목","남","40대","서울특별시","동대문구","제기동","중국집","70"
"20180111","목","남","50대","서울특별시","동대문구","장안동","중국집","35"
"20180111","목","남","50대","서울특별시","동대문구","전농동","중국집","5"
"20180111","목","남","60대이상","서울특별시","동대문구","장안동","중국집","17"
"20180111","목","남","60대이상","서울특별시","동대문구","전농동","중국집","5"
"20180111","목","여","10대","서울특별시","동대문구","장안동","중국집","5"
"20180111","목","여","10대","서울특별시","동대문구","전농동","중국집","5"
"20180111","목","여","10대","서울특별시","동대문구","제기동","중국집","5"
"20180111","목","여","20대","서울특별시","동대문구","장안동","중국집","13"
"20180111","목","여","20대","서울특별시","동대문구","제기동","중국집","9"
"20180111","목","여","30대","서울특별시","동대문구","답십리동","중국집","5"
"20180111","목","남","60대이상","서울특별시","동대문구","제기동","중국집","22"
"20180111","목","남","10대","서울특별시","동대문구","제기동","중국집","7"
"20180111","목","여","30대","서울특별시","동대문구","장안동","중국집","52"
"20180111","목","남","30대","서울특별시","동대문구","전농동","중국집","5"
"20180111","목","남","40대","서울특별시","동대문구","답십리동","중국집","5"
"20180111","목","여","30대","서울특별시","동대문구","전농동","중국집","5"
"20180111","목","여","30대","서울특별시","동대문구","제기동","중국집","24"
"20180111","목","여","40대","서울특별시","동대문구","장안동","중국집","80"
"20180111","목","여","40대","서울특별시","동대문구","전농동","중국집","5"
"20180111","목","여","20대","서울특별시","동대문구","답십리동","중국집","5"
"20180111","목","남","30대","서울특별시","동대문구","장안동","중국집","44"
"20180111","목","여","40대","서울특별시","동대문구","제기동","중국집","30"
"20180111","목","남","30대","서울특별시","동대문구","답십리동","중국집","5"
"20180111","목","여","50대","서울특별시","동대문구","답십리동","중국집","5"
"20180111","목","여","50대","서울특별시","동대문구","전농동","중국집","5"
"20180111","목","여","50대","서울특별시","동대문구","제기동","중국집","42"
"20180111","목","여","60대이상","서울특별시","동대문구","답십리동","중국집","5"
"20180111","목","여","60대이상","서울특별시","동대문구","장안동","중국집","11"
"20180111","목","여","60대이상","서울특별시","동대문구","전농동","중국집","5"
"20180111","목","남","50대","서울특별시","동대문구","제기동","중국집","34"
"20180111","목","여","60대이상","서울특별시","동대문구","제기동","중국집","18"
"20180111","목","남","20대","서울특별시","동대문구","장안동","중국집","18"
"20180111","목","여","50대","서울특별시","동대문구","장안동","중국집","19"
"20180111","목","남","10대","서울특별시","동작구","신대방동","중국집","13"
"20180111","목","남","20대","서울특별시","동작구","본동","중국집","5"
"20180111","목","남","20대","서울특별시","동작구","신대방동","중국집","70"
"20180111","목","남","30대","서울특별시","동작구","노량진동","중국집","5"
"20180111","목","남","30대","서울특별시","동작구","사당동","중국집","5"
"20180111","목","남","30대","서울특별시","동작구","상도동","중국집","5"
"20180111","목","남","30대","서울특별시","동작구","본동","중국집","5"
"20180111","목","남","30대","서울특별시","동작구","흑석동","중국집","5"
"20180111","목","남","40대","서울특별시","동작구","사당동","중국집","5"
"20180111","목","남","50대","서울특별시","동작구","노량진동","중국집","5"
"20180111","목","남","30대","서울특별시","동작구","신대방동","중국집","126"
"20180111","목","남","50대","서울특별시","동작구","사당동","중국집","5"
"20180111","목","남","50대","서울특별시","동작구","신대방동","중국집","59"
"20180111","목","남","60대이상","서울특별시","동작구","사당동","중국집","5"
"20180111","목","남","60대이상","서울특별시","동작구","신대방동","중국집","40"
"20180111","목","남","60대이상","서울특별시","동작구","흑석동","중국집","5"
"20180111","목","남","60대이상","서울특별시","동작구","대방동","중국집","5"
"20180111","목","여","20대","서울특별시","동작구","사당동","중국집","5"
"20180111","목","여","20대","서울특별시","동작구","상도동","중국집","5"
"20180111","목","여","20대","서울특별시","동작구","신대방동","중국집","27"
"20180111","목","여","30대","서울특별시","동작구","노량진동","중국집","5"
"20180111","목","여","30대","서울특별시","동작구","본동","중국집","5"
"20180111","목","남","50대","서울특별시","동작구","본동","중국집","5"
"20180111","목","여","30대","서울특별시","동작구","사당동","중국집","5"
"20180111","목","여","30대","서울특별시","동작구","신대방동","중국집","67"
"20180111","목","남","20대","서울특별시","동작구","사당동","중국집","5"
"20180111","목","여","30대","서울특별시","동작구","흑석동","중국집","5"
"20180111","목","여","20대","서울특별시","동작구","본동","중국집","5"
"20180111","목","남","40대","서울특별시","동작구","신대방동","중국집","88"
"20180111","목","여","40대","서울특별시","동작구","대방동","중국집","5"
"20180111","목","여","40대","서울특별시","동작구","사당동","중국집","5"
"20180111","목","여","10대","서울특별시","동작구","신대방동","중국집","10"
"20180111","목","여","40대","서울특별시","동작구","상도동","중국집","5"
"20180111","목","여","30대","서울특별시","동작구","상도동","중국집","5"
"20180111","목","여","40대","서울특별시","동작구","신대방동","중국집","107"
"20180111","목","여","50대","서울특별시","동작구","대방동","중국집","5"
"20180111","목","남","40대","서울특별시","동작구","본동","중국집","6"
"20180111","목","여","50대","서울특별시","동작구","본동","중국집","5"
"20180111","목","남","20대","서울특별시","동작구","노량진동","중국집","5"
"20180111","목","남","20대","서울특별시","동작구","상도동","중국집","5"
"20180111","목","여","10대","서울특별시","동작구","대방동","중국집","5"
"20180111","목","여","50대","서울특별시","동작구","사당동","중국집","5"
"20180111","목","여","60대이상","서울특별시","동작구","노량진동","중국집","5"
"20180111","목","남","10대","서울특별시","동작구","상도동","중국집","5"
"20180111","목","여","60대이상","서울특별시","동작구","본동","중국집","5"
"20180111","목","여","50대","서울특별시","동작구","신대방동","중국집","50"
"20180111","목","여","60대이상","서울특별시","동작구","상도동","중국집","5"
"20180111","목","여","50대","서울특별시","동작구","상도동","중국집","5"
"20180111","목","여","60대이상","서울특별시","동작구","신대방동","중국집","49"
"20180111","목","여","40대","서울특별시","동작구","노량진동","중국집","5"
"20180111","목","남","40대","서울특별시","동작구","상도동","중국집","5"
"20180111","목","남","10대","서울특별시","마포구","상암동","중국집","5"
"20180111","목","남","20대","서울특별시","마포구","대흥동","중국집","5"
"20180111","목","남","20대","서울특별시","마포구","상암동","중국집","17"
"20180111","목","남","20대","서울특별시","마포구","서교동","중국집","5"
"20180111","목","남","20대","서울특별시","마포구","합정동","중국집","12"
"20180111","목","남","30대","서울특별시","마포구","마포동","중국집","5"
"20180111","목","남","30대","서울특별시","마포구","신공덕동","중국집","5"
"20180111","목","남","30대","서울특별시","마포구","신수동","중국집","5"
"20180111","목","남","30대","서울특별시","마포구","망원동","중국집","5"
"20180111","목","남","30대","서울특별시","마포구","창전동","중국집","5"
"20180111","목","남","40대","서울특별시","마포구","마포동","중국집","5"
"20180111","목","남","30대","서울특별시","마포구","대흥동","중국집","5"
"20180111","목","남","40대","서울특별시","마포구","신공덕동","중국집","5"
"20180111","목","남","40대","서울특별시","마포구","신수동","중국집","5"
"20180111","목","남","40대","서울특별시","마포구","염리동","중국집","5"
"20180111","목","남","40대","서울특별시","마포구","창전동","중국집","5"
"20180111","목","남","40대","서울특별시","마포구","합정동","중국집","16"
"20180111","목","남","50대","서울특별시","마포구","신공덕동","중국집","5"
"20180111","목","남","50대","서울특별시","마포구","합정동","중국집","8"
"20180111","목","남","50대","서울특별시","마포구","마포동","중국집","5"
"20180111","목","남","60대이상","서울특별시","마포구","대흥동","중국집","5"
"20180111","목","남","60대이상","서울특별시","마포구","망원동","중국집","5"
"20180111","목","남","60대이상","서울특별시","마포구","합정동","중국집","5"
"20180111","목","여","20대","서울특별시","마포구","공덕동","중국집","5"
"20180111","목","여","20대","서울특별시","마포구","대흥동","중국집","5"
"20180111","목","여","20대","서울특별시","마포구","상암동","중국집","7"
"20180111","목","남","30대","서울특별시","마포구","아현동","중국집","5"
"20180111","목","여","20대","서울특별시","마포구","신공덕동","중국집","5"
"20180111","목","여","20대","서울특별시","마포구","염리동","중국집","5"
"20180111","목","남","50대","서울특별시","마포구","신수동","중국집","5"
"20180111","목","남","60대이상","서울특별시","마포구","창전동","중국집","5"
"20180111","목","여","30대","서울특별시","마포구","공덕동","중국집","5"
"20180111","목","여","10대","서울특별시","마포구","합정동","중국집","5"
"20180111","목","여","30대","서울특별시","마포구","대흥동","중국집","5"
"20180111","목","남","50대","서울특별시","마포구","상암동","중국집","13"
"20180111","목","여","30대","서울특별시","마포구","상암동","중국집","24"
"20180111","목","여","30대","서울특별시","마포구","신공덕동","중국집","5"
"20180111","목","남","20대","서울특별시","마포구","망원동","중국집","5"
"20180111","목","여","30대","서울특별시","마포구","아현동","중국집","5"
"20180111","목","남","30대","서울특별시","마포구","상암동","중국집","17"
"20180111","목","남","60대이상","서울특별시","마포구","염리동","중국집","5"
"20180111","목","여","30대","서울특별시","마포구","합정동","중국집","7"
"20180111","목","남","60대이상","서울특별시","마포구","상암동","중국집","9"
"20180111","목","여","30대","서울특별시","마포구","염리동","중국집","5"
"20180111","목","남","50대","서울특별시","마포구","공덕동","중국집","5"
"20180111","목","남","50대","서울특별시","마포구","창전동","중국집","5"
"20180111","목","여","40대","서울특별시","마포구","공덕동","중국집","5"
"20180111","목","여","40대","서울특별시","마포구","대흥동","중국집","5"
"20180111","목","여","40대","서울특별시","마포구","마포동","중국집","5"
"20180111","목","남","20대","서울특별시","마포구","신공덕동","중국집","5"
"20180111","목","여","40대","서울특별시","마포구","상수동","중국집","5"
"20180111","목","여","40대","서울특별시","마포구","상암동","중국집","28"
"20180111","목","여","40대","서울특별시","마포구","신공덕동","중국집","5"
"20180111","목","여","40대","서울특별시","마포구","염리동","중국집","5"
"20180111","목","남","30대","서울특별시","마포구","합정동","중국집","30"
"20180111","목","여","40대","서울특별시","마포구","창전동","중국집","5"
"20180111","목","여","40대","서울특별시","마포구","합정동","중국집","19"
"20180111","목","여","50대","서울특별시","마포구","대흥동","중국집","5"
"20180111","목","여","30대","서울특별시","마포구","신수동","중국집","5"
"20180111","목","여","50대","서울특별시","마포구","마포동","중국집","5"
"20180111","목","여","50대","서울특별시","마포구","망원동","중국집","5"
"20180111","목","여","30대","서울특별시","마포구","마포동","중국집","5"
"20180111","목","남","10대","서울특별시","마포구","합정동","중국집","5"
"20180111","목","여","50대","서울특별시","마포구","상암동","중국집","18"
"20180111","목","여","10대","서울특별시","마포구","신공덕동","중국집","5"
"20180111","목","여","10대","서울특별시","마포구","상암동","중국집","5"
"20180111","목","여","50대","서울특별시","마포구","신수동","중국집","5"
"20180111","목","남","50대","서울특별시","마포구","염리동","중국집","5"
"20180111","목","여","50대","서울특별시","마포구","합정동","중국집","11"
"20180111","목","여","20대","서울특별시","마포구","합정동","중국집","8"
"20180111","목","여","60대이상","서울특별시","마포구","망원동","중국집","5"
"20180111","목","남","10대","서울특별시","마포구","대흥동","중국집","5"
"20180111","목","남","40대","서울특별시","마포구","상암동","중국집","28"
"20180111","목","여","20대","서울특별시","마포구","창전동","중국집","5"
"20180111","목","여","60대이상","서울특별시","마포구","상암동","중국집","8"
"20180111","목","여","60대이상","서울특별시","마포구","합정동","중국집","5"
"20180111","목","남","10대","서울특별시","서대문구","창천동","중국집","5"
"20180111","목","남","10대","서울특별시","서대문구","홍은동","중국집","5"
"20180111","목","남","20대","서울특별시","서대문구","연희동","중국집","31"
"20180111","목","남","20대","서울특별시","서대문구","홍은동","중국집","5"
"20180111","목","남","20대","서울특별시","서대문구","홍제동","중국집","12"
"20180111","목","남","30대","서울특별시","서대문구","북아현동","중국집","5"
"20180111","목","남","30대","서울특별시","서대문구","연희동","중국집","53"
"20180111","목","남","30대","서울특별시","서대문구","충정로3가","중국집","5"
"20180111","목","남","30대","서울특별시","서대문구","창천동","중국집","26"
"20180111","목","남","20대","서울특별시","서대문구","창천동","중국집","21"
"20180111","목","남","30대","서울특별시","서대문구","홍은동","중국집","5"
"20180111","목","남","40대","서울특별시","서대문구","남가좌동","중국집","5"
"20180111","목","남","10대","서울특별시","서대문구","홍제동","중국집","5"
"20180111","목","남","40대","서울특별시","서대문구","북가좌동","중국집","5"
"20180111","목","남","40대","서울특별시","서대문구","창천동","중국집","34"
"20180111","목","남","50대","서울특별시","서대문구","연희동","중국집","31"
"20180111","목","남","50대","서울특별시","서대문구","홍제동","중국집","23"
"20180111","목","남","60대이상","서울특별시","서대문구","연희동","중국집","20"
"20180111","목","남","50대","서울특별시","서대문구","북가좌동","중국집","5"
"20180111","목","남","60대이상","서울특별시","서대문구","홍제동","중국집","13"
"20180111","목","여","10대","서울특별시","서대문구","창천동","중국집","5"
"20180111","목","남","10대","서울특별시","서대문구","연희동","중국집","6"
"20180111","목","여","20대","서울특별시","서대문구","연희동","중국집","36"
"20180111","목","여","20대","서울특별시","서대문구","충정로3가","중국집","5"
"20180111","목","여","20대","서울특별시","서대문구","홍제동","중국집","16"
"20180111","목","여","10대","서울특별시","서대문구","연희동","중국집","6"
"20180111","목","여","30대","서울특별시","서대문구","남가좌동","중국집","5"
"20180111","목","여","30대","서울특별시","서대문구","북가좌동","중국집","5"
"20180111","목","여","30대","서울특별시","서대문구","연희동","중국집","37"
"20180111","목","남","30대","서울특별시","서대문구","홍제동","중국집","28"
"20180111","목","남","50대","서울특별시","서대문구","남가좌동","중국집","5"
"20180111","목","여","30대","서울특별시","서대문구","충정로3가","중국집","5"
"20180111","목","여","20대","서울특별시","서대문구","남가좌동","중국집","5"
"20180111","목","남","40대","서울특별시","서대문구","홍제동","중국집","29"
"20180111","목","여","30대","서울특별시","서대문구","홍제동","중국집","25"
"20180111","목","여","40대","서울특별시","서대문구","북가좌동","중국집","5"
"20180111","목","여","40대","서울특별시","서대문구","창천동","중국집","41"
"20180111","목","남","50대","서울특별시","서대문구","창천동","중국집","25"
"20180111","목","여","40대","서울특별시","서대문구","홍제동","중국집","31"
"20180111","목","여","20대","서울특별시","서대문구","북아현동","중국집","5"
"20180111","목","여","50대","서울특별시","서대문구","남가좌동","중국집","5"
"20180111","목","여","50대","서울특별시","서대문구","북아현동","중국집","5"
"20180111","목","남","60대이상","서울특별시","서대문구","창천동","중국집","12"
"20180111","목","여","30대","서울특별시","서대문구","창천동","중국집","17"
"20180111","목","여","50대","서울특별시","서대문구","연희동","중국집","21"
"20180111","목","여","30대","서울특별시","서대문구","홍은동","중국집","5"
"20180111","목","여","40대","서울특별시","서대문구","충정로3가","중국집","5"
"20180111","목","여","50대","서울특별시","서대문구","창천동","중국집","25"
"20180111","목","여","50대","서울특별시","서대문구","홍제동","중국집","14"
"20180111","목","여","60대이상","서울특별시","서대문구","남가좌동","중국집","5"
"20180111","목","여","40대","서울특별시","서대문구","연희동","중국집","33"
"20180111","목","여","60대이상","서울특별시","서대문구","연희동","중국집","19"
"20180111","목","여","60대이상","서울특별시","서대문구","창천동","중국집","5"
"20180111","목","남","40대","서울특별시","서대문구","연희동","중국집","41"
"20180111","목","여","20대","서울특별시","서대문구","창천동","중국집","7"
"20180111","목","여","60대이상","서울특별시","서대문구","홍제동","중국집","12"
"20180111","목","남","10대","서울특별시","서초구","방배동","중국집","8"
"20180111","목","남","10대","서울특별시","서초구","서초동","중국집","5"
"20180111","목","남","10대","서울특별시","서초구","양재동","중국집","5"
"20180111","목","남","20대","서울특별시","서초구","반포동","중국집","5"
"20180111","목","남","20대","서울특별시","서초구","방배동","중국집","35"
"20180111","목","남","20대","서울특별시","서초구","서초동","중국집","8"
"20180111","목","남","20대","서울특별시","서초구","양재동","중국집","37"
"20180111","목","남","20대","서울특별시","서초구","내곡동","중국집","5"
"20180111","목","남","30대","서울특별시","서초구","양재동","중국집","49"
"20180111","목","남","30대","서울특별시","서초구","내곡동","중국집","5"
"20180111","목","남","40대","서울특별시","서초구","반포동","중국집","19"
"20180111","목","남","40대","서울특별시","서초구","방배동","중국집","82"
"20180111","목","남","40대","서울특별시","서초구","서초동","중국집","15"
"20180111","목","남","40대","서울특별시","서초구","양재동","중국집","50"
"20180111","목","남","50대","서울특별시","서초구","반포동","중국집","9"
"20180111","목","남","50대","서울특별시","서초구","서초동","중국집","5"
"20180111","목","남","50대","서울특별시","서초구","양재동","중국집","22"
"20180111","목","남","50대","서울특별시","서초구","잠원동","중국집","5"
"20180111","목","남","60대이상","서울특별시","서초구","내곡동","중국집","5"
"20180111","목","남","10대","서울특별시","서초구","반포동","중국집","5"
"20180111","목","남","60대이상","서울특별시","서초구","반포동","중국집","7"
"20180111","목","여","10대","서울특별시","서초구","반포동","중국집","5"
"20180111","목","여","10대","서울특별시","서초구","방배동","중국집","5"
"20180111","목","여","10대","서울특별시","서초구","서초동","중국집","5"
"20180111","목","여","10대","서울특별시","서초구","양재동","중국집","5"
"20180111","목","남","60대이상","서울특별시","서초구","서초동","중국집","7"
"20180111","목","여","20대","서울특별시","서초구","내곡동","중국집","5"
"20180111","목","여","20대","서울특별시","서초구","반포동","중국집","6"
"20180111","목","여","20대","서울특별시","서초구","방배동","중국집","16"
"20180111","목","여","20대","서울특별시","서초구","잠원동","중국집","5"
"20180111","목","남","30대","서울특별시","서초구","서초동","중국집","17"
"20180111","목","여","30대","서울특별시","서초구","반포동","중국집","11"
"20180111","목","여","30대","서울특별시","서초구","방배동","중국집","45"
"20180111","목","남","40대","서울특별시","서초구","내곡동","중국집","5"
"20180111","목","여","30대","서울특별시","서초구","서초동","중국집","9"
"20180111","목","여","40대","서울특별시","서초구","내곡동","중국집","5"
"20180111","목","남","50대","서울특별시","서초구","방배동","중국집","37"
"20180111","목","남","30대","서울특별시","서초구","반포동","중국집","10"
"20180111","목","여","40대","서울특별시","서초구","반포동","중국집","29"
"20180111","목","여","20대","서울특별시","서초구","서초동","중국집","7"
"20180111","목","여","20대","서울특별시","서초구","양재동","중국집","20"
"20180111","목","여","40대","서울특별시","서초구","방배동","중국집","85"
"20180111","목","남","60대이상","서울특별시","서초구","방배동","중국집","42"
"20180111","목","여","40대","서울특별시","서초구","서초동","중국집","22"
"20180111","목","남","30대","서울특별시","서초구","방배동","중국집","64"
"20180111","목","여","40대","서울특별시","서초구","양재동","중국집","38"
"20180111","목","남","60대이상","서울특별시","서초구","양재동","중국집","19"
"20180111","목","여","30대","서울특별시","서초구","내곡동","중국집","5"
"20180111","목","여","50대","서울특별시","서초구","방배동","중국집","53"
"20180111","목","여","30대","서울특별시","서초구","양재동","중국집","31"
"20180111","목","여","50대","서울특별시","서초구","서초동","중국집","9"
"20180111","목","여","50대","서울특별시","서초구","양재동","중국집","18"
"20180111","목","여","50대","서울특별시","서초구","내곡동","중국집","5"
"20180111","목","여","60대이상","서울특별시","서초구","반포동","중국집","10"
"20180111","목","여","60대이상","서울특별시","서초구","방배동","중국집","43"
"20180111","목","여","50대","서울특별시","서초구","반포동","중국집","10"
"20180111","목","여","60대이상","서울특별시","서초구","서초동","중국집","6"
"20180111","목","여","60대이상","서울특별시","서초구","양재동","중국집","10"
"20180111","목","남","50대","서울특별시","서초구","내곡동","중국집","5"
"20180111","목","남","10대","서울특별시","성동구","성수동2가","중국집","19"
"20180111","목","남","20대","서울특별시","성동구","성수동2가","중국집","69"
"20180111","목","남","20대","서울특별시","성동구","옥수동","중국집","8"
"20180111","목","남","30대","서울특별시","성동구","성수동2가","중국집","92"
"20180111","목","남","40대","서울특별시","성동구","옥수동","중국집","16"
"20180111","목","남","50대","서울특별시","성동구","옥수동","중국집","17"
"20180111","목","남","60대이상","서울특별시","성동구","성수동2가","중국집","28"
"20180111","목","남","60대이상","서울특별시","성동구","옥수동","중국집","14"
"20180111","목","남","40대","서울특별시","성동구","성수동2가","중국집","80"
"20180111","목","여","10대","서울특별시","성동구","성수동2가","중국집","10"
"20180111","목","여","10대","서울특별시","성동구","옥수동","중국집","5"
"20180111","목","남","50대","서울특별시","성동구","성수동2가","중국집","60"
"20180111","목","여","20대","서울특별시","성동구","성수동2가","중국집","24"
"20180111","목","여","20대","서울특별시","성동구","행당동","중국집","5"
"20180111","목","여","30대","서울특별시","성동구","성수동2가","중국집","70"
"20180111","목","남","10대","서울특별시","성동구","옥수동","중국집","5"
"20180111","목","여","30대","서울특별시","성동구","옥수동","중국집","10"
"20180111","목","여","40대","서울특별시","성동구","성수동1가","중국집","5"
"20180111","목","여","40대","서울특별시","성동구","성수동2가","중국집","82"
"20180111","목","여","20대","서울특별시","성동구","옥수동","중국집","8"
"20180111","목","여","40대","서울특별시","성동구","옥수동","중국집","15"
"20180111","목","여","50대","서울특별시","성동구","옥수동","중국집","6"
"20180111","목","여","50대","서울특별시","성동구","성수동2가","중국집","49"
"20180111","목","여","60대이상","서울특별시","성동구","성수동2가","중국집","29"
"20180111","목","남","30대","서울특별시","성동구","옥수동","중국집","19"
"20180111","목","여","60대이상","서울특별시","성동구","옥수동","중국집","6"
"20180111","목","남","10대","서울특별시","성북구","동선동2가","중국집","8"
"20180111","목","남","10대","서울특별시","성북구","동선동3가","중국집","5"
"20180111","목","남","20대","서울특별시","성북구","길음동","중국집","5"
"20180111","목","남","20대","서울특별시","성북구","동선동2가","중국집","34"
"20180111","목","남","20대","서울특별시","성북구","삼선동5가","중국집","5"
"20180111","목","남","20대","서울특별시","성북구","정릉동","중국집","5"
"20180111","목","남","10대","서울특별시","성북구","정릉동","중국집","5"
"20180111","목","남","30대","서울특별시","성북구","동선동2가","중국집","42"
"20180111","목","남","30대","서울특별시","성북구","하월곡동","중국집","5"
"20180111","목","남","40대","서울특별시","성북구","동선동2가","중국집","43"
"20180111","목","남","50대","서울특별시","성북구","동선동3가","중국집","5"
"20180111","목","남","50대","서울특별시","성북구","삼선동5가","중국집","5"
"20180111","목","남","50대","서울특별시","성북구","정릉동","중국집","5"
"20180111","목","남","50대","서울특별시","성북구","하월곡동","중국집","5"
"20180111","목","남","60대이상","서울특별시","성북구","동선동2가","중국집","26"
"20180111","목","남","60대이상","서울특별시","성북구","삼선동5가","중국집","5"
"20180111","목","남","60대이상","서울특별시","성북구","정릉동","중국집","5"
"20180111","목","남","60대이상","서울특별시","성북구","종암동","중국집","5"
"20180111","목","남","60대이상","서울특별시","성북구","하월곡동","중국집","5"
"20180111","목","남","30대","서울특별시","성북구","정릉동","중국집","5"
"20180111","목","여","10대","서울특별시","성북구","동선동2가","중국집","5"
"20180111","목","남","30대","서울특별시","성북구","삼선동5가","중국집","5"
"20180111","목","여","10대","서울특별시","성북구","삼선동5가","중국집","5"
"20180111","목","여","10대","서울특별시","성북구","정릉동","중국집","5"
"20180111","목","여","20대","서울특별시","성북구","동선동3가","중국집","5"
"20180111","목","여","20대","서울특별시","성북구","동선동2가","중국집","18"
"20180111","목","여","20대","서울특별시","성북구","삼선동5가","중국집","5"
"20180111","목","여","20대","서울특별시","성북구","정릉동","중국집","5"
"20180111","목","남","50대","서울특별시","성북구","동선동2가","중국집","37"
"20180111","목","여","20대","서울특별시","성북구","하월곡동","중국집","5"
"20180111","목","남","40대","서울특별시","성북구","삼선동5가","중국집","5"
"20180111","목","여","30대","서울특별시","성북구","동선동2가","중국집","22"
"20180111","목","여","30대","서울특별시","성북구","동선동3가","중국집","5"
"20180111","목","여","30대","서울특별시","성북구","삼선동5가","중국집","5"
"20180111","목","여","30대","서울특별시","성북구","성북동","중국집","5"
"20180111","목","여","30대","서울특별시","성북구","안암동5가","중국집","5"
"20180111","목","여","30대","서울특별시","성북구","장위동","중국집","5"
"20180111","목","여","30대","서울특별시","성북구","종암동","중국집","5"
"20180111","목","여","40대","서울특별시","성북구","삼선동5가","중국집","5"
"20180111","목","여","30대","서울특별시","성북구","정릉동","중국집","5"
"20180111","목","여","40대","서울특별시","성북구","종암동","중국집","5"
"20180111","목","여","10대","서울특별시","성북구","하월곡동","중국집","5"
"20180111","목","여","40대","서울특별시","성북구","동선동2가","중국집","51"
"20180111","목","여","40대","서울특별시","성북구","성북동","중국집","5"
"20180111","목","여","40대","서울특별시","성북구","하월곡동","중국집","5"
"20180111","목","남","40대","서울특별시","성북구","하월곡동","중국집","5"
"20180111","목","여","50대","서울특별시","성북구","동선동2가","중국집","33"
"20180111","목","여","50대","서울특별시","성북구","삼선동5가","중국집","5"
"20180111","목","여","50대","서울특별시","성북구","정릉동","중국집","5"
"20180111","목","남","50대","서울특별시","성북구","성북동","중국집","5"
"20180111","목","여","60대이상","서울특별시","성북구","동선동2가","중국집","15"
"20180111","목","여","60대이상","서울특별시","성북구","성북동","중국집","5"
"20180111","목","남","30대","서울특별시","성북구","종암동","중국집","5"
"20180111","목","남","20대","서울특별시","송파구","가락동","중국집","6"
"20180111","목","남","20대","서울특별시","송파구","풍납동","중국집","5"
"20180111","목","남","30대","서울특별시","송파구","가락동","중국집","16"
"20180111","목","남","30대","서울특별시","송파구","신천동","중국집","5"
"20180111","목","남","40대","서울특별시","송파구","마천동","중국집","5"
"20180111","목","남","40대","서울특별시","송파구","송파동","중국집","75"
"20180111","목","남","40대","서울특별시","송파구","풍납동","중국집","5"
"20180111","목","남","50대","서울특별시","송파구","가락동","중국집","11"
"20180111","목","남","20대","서울특별시","송파구","방이동","중국집","5"
"20180111","목","남","50대","서울특별시","송파구","송파동","중국집","64"
"20180111","목","남","50대","서울특별시","송파구","풍납동","중국집","5"
"20180111","목","남","60대이상","서울특별시","송파구","가락동","중국집","5"
"20180111","목","남","60대이상","서울특별시","송파구","송파동","중국집","38"
"20180111","목","여","10대","서울특별시","송파구","송파동","중국집","8"
"20180111","목","여","10대","서울특별시","송파구","풍납동","중국집","5"
"20180111","목","여","20대","서울특별시","송파구","가락동","중국집","5"
"20180111","목","여","20대","서울특별시","송파구","방이동","중국집","5"
"20180111","목","여","10대","서울특별시","송파구","가락동","중국집","5"
"20180111","목","여","20대","서울특별시","송파구","송파동","중국집","22"
"20180111","목","여","20대","서울특별시","송파구","풍납동","중국집","5"
"20180111","목","남","20대","서울특별시","송파구","송파동","중국집","62"
"20180111","목","남","40대","서울특별시","송파구","가락동","중국집","17"
"20180111","목","여","30대","서울특별시","송파구","마천동","중국집","5"
"20180111","목","여","30대","서울특별시","송파구","송파동","중국집","64"
"20180111","목","남","30대","서울특별시","송파구","잠실동","중국집","5"
"20180111","목","여","30대","서울특별시","송파구","가락동","중국집","11"
"20180111","목","여","30대","서울특별시","송파구","잠실동","중국집","5"
"20180111","목","여","40대","서울특별시","송파구","가락동","중국집","17"
"20180111","목","남","30대","서울특별시","송파구","송파동","중국집","110"
"20180111","목","남","30대","서울특별시","송파구","풍납동","중국집","5"
"20180111","목","여","40대","서울특별시","송파구","마천동","중국집","5"
"20180111","목","여","40대","서울특별시","송파구","송파동","중국집","103"
"20180111","목","여","40대","서울특별시","송파구","풍납동","중국집","5"
"20180111","목","남","10대","서울특별시","송파구","마천동","중국집","5"
"20180111","목","여","30대","서울특별시","송파구","풍납동","중국집","5"
"20180111","목","여","50대","서울특별시","송파구","가락동","중국집","15"
"20180111","목","여","50대","서울특별시","송파구","마천동","중국집","5"
"20180111","목","여","50대","서울특별시","송파구","송파동","중국집","57"
"20180111","목","남","10대","서울특별시","송파구","가락동","중국집","5"
"20180111","목","여","60대이상","서울특별시","송파구","가락동","중국집","5"
"20180111","목","여","60대이상","서울특별시","송파구","마천동","중국집","5"
"20180111","목","여","60대이상","서울특별시","송파구","송파동","중국집","30"
"20180111","목","남","10대","서울특별시","송파구","송파동","중국집","10"
"20180111","목","여","60대이상","서울특별시","송파구","풍납동","중국집","5"
"20180111","목","남","10대","서울특별시","양천구","신정동","중국집","6"
"20180111","목","남","20대","서울특별시","양천구","신월동","중국집","5"
"20180111","목","남","20대","서울특별시","양천구","신정동","중국집","6"
"20180111","목","남","30대","서울특별시","양천구","신월동","중국집","5"
"20180111","목","남","30대","서울특별시","양천구","신정동","중국집","11"
"20180111","목","남","40대","서울특별시","양천구","목동","중국집","5"
"20180111","목","남","40대","서울특별시","양천구","신월동","중국집","5"
"20180111","목","남","40대","서울특별시","양천구","신정동","중국집","9"
"20180111","목","남","50대","서울특별시","양천구","신월동","중국집","5"
"20180111","목","남","50대","서울특별시","양천구","신정동","중국집","12"
"20180111","목","남","60대이상","서울특별시","양천구","목동","중국집","5"
"20180111","목","남","60대이상","서울특별시","양천구","신월동","중국집","6"
"20180111","목","남","60대이상","서울특별시","양천구","신정동","중국집","5"
"20180111","목","여","10대","서울특별시","양천구","신정동","중국집","5"
"20180111","목","여","20대","서울특별시","양천구","신정동","중국집","5"
"20180111","목","여","30대","서울특별시","양천구","목동","중국집","5"
"20180111","목","여","30대","서울특별시","양천구","신월동","중국집","5"
"20180111","목","남","20대","서울특별시","양천구","목동","중국집","5"
"20180111","목","여","30대","서울특별시","양천구","신정동","중국집","12"
"20180111","목","여","40대","서울특별시","양천구","신월동","중국집","5"
"20180111","목","여","40대","서울특별시","양천구","신정동","중국집","29"
"20180111","목","여","40대","서울특별시","양천구","목동","중국집","5"
"20180111","목","여","50대","서울특별시","양천구","신월동","중국집","5"
"20180111","목","여","50대","서울특별시","양천구","신정동","중국집","8"
"20180111","목","여","60대이상","서울특별시","양천구","신정동","중국집","6"
"20180111","목","남","20대","서울특별시","영등포구","영등포동1가","중국집","5"
"20180111","목","남","30대","서울특별시","영등포구","당산동6가","중국집","5"
"20180111","목","남","30대","서울특별시","영등포구","문래동3가","중국집","30"
"20180111","목","남","30대","서울특별시","영등포구","대림동","중국집","5"
"20180111","목","남","30대","서울특별시","영등포구","여의도동","중국집","35"
"20180111","목","남","30대","서울특별시","영등포구","영등포동1가","중국집","5"
"20180111","목","남","10대","서울특별시","영등포구","여의도동","중국집","5"
"20180111","목","남","40대","서울특별시","영등포구","문래동2가","중국집","15"
"20180111","목","남","10대","서울특별시","영등포구","문래동2가","중국집","5"
"20180111","목","남","40대","서울특별시","영등포구","문래동3가","중국집","19"
"20180111","목","남","40대","서울특별시","영등포구","여의도동","중국집","37"
"20180111","목","남","40대","서울특별시","영등포구","영등포동1가","중국집","5"
"20180111","목","남","50대","서울특별시","영등포구","대림동","중국집","5"
"20180111","목","남","50대","서울특별시","영등포구","문래동2가","중국집","11"
"20180111","목","남","20대","서울특별시","영등포구","문래동2가","중국집","11"
"20180111","목","남","50대","서울특별시","영등포구","문래동3가","중국집","20"
"20180111","목","남","20대","서울특별시","영등포구","문래동3가","중국집","16"
"20180111","목","남","50대","서울특별시","영등포구","여의도동","중국집","27"
"20180111","목","남","50대","서울특별시","영등포구","영등포동7가","중국집","5"
"20180111","목","남","60대이상","서울특별시","영등포구","대림동","중국집","5"
"20180111","목","남","60대이상","서울특별시","영등포구","문래동2가","중국집","18"
"20180111","목","남","60대이상","서울특별시","영등포구","문래동3가","중국집","5"
"20180111","목","남","20대","서울특별시","영등포구","신길동","중국집","5"
"20180111","목","남","40대","서울특별시","영등포구","대림동","중국집","5"
"20180111","목","남","60대이상","서울특별시","영등포구","여의도동","중국집","12"
"20180111","목","남","20대","서울특별시","영등포구","영등포동7가","중국집","5"
"20180111","목","남","60대이상","서울특별시","영등포구","영등포동1가","중국집","5"
"20180111","목","여","10대","서울특별시","영등포구","문래동2가","중국집","5"
"20180111","목","여","10대","서울특별시","영등포구","여의도동","중국집","5"
"20180111","목","여","20대","서울특별시","영등포구","당산동6가","중국집","5"
"20180111","목","여","20대","서울특별시","영등포구","영등포동7가","중국집","5"
"20180111","목","여","30대","서울특별시","영등포구","대림동","중국집","5"
"20180111","목","여","20대","서울특별시","영등포구","문래동2가","중국집","5"
"20180111","목","여","30대","서울특별시","영등포구","문래동2가","중국집","5"
"20180111","목","남","20대","서울특별시","영등포구","여의도동","중국집","16"
"20180111","목","여","30대","서울특별시","영등포구","문래동3가","중국집","26"
"20180111","목","여","20대","서울특별시","영등포구","대림동","중국집","5"
"20180111","목","여","30대","서울특별시","영등포구","여의도동","중국집","18"
"20180111","목","여","30대","서울특별시","영등포구","영등포동1가","중국집","5"
"20180111","목","여","30대","서울특별시","영등포구","영등포동8가","중국집","5"
"20180111","목","남","30대","서울특별시","영등포구","신길동","중국집","5"
"20180111","목","남","50대","서울특별시","영등포구","신길동","중국집","5"
"20180111","목","여","40대","서울특별시","영등포구","대림동","중국집","5"
"20180111","목","남","10대","서울특별시","영등포구","문래동3가","중국집","5"
"20180111","목","여","40대","서울특별시","영등포구","문래동2가","중국집","16"
"20180111","목","남","50대","서울특별시","영등포구","영등포동1가","중국집","5"
"20180111","목","남","30대","서울특별시","영등포구","문래동2가","중국집","21"
"20180111","목","여","20대","서울특별시","영등포구","문래동3가","중국집","6"
"20180111","목","여","40대","서울특별시","영등포구","문래동3가","중국집","19"
"20180111","목","여","40대","서울특별시","영등포구","신길동","중국집","5"
"20180111","목","여","40대","서울특별시","영등포구","여의도동","중국집","22"
"20180111","목","여","50대","서울특별시","영등포구","문래동2가","중국집","5"
"20180111","목","여","50대","서울특별시","영등포구","문래동3가","중국집","11"
"20180111","목","여","50대","서울특별시","영등포구","신길동","중국집","5"
"20180111","목","여","50대","서울특별시","영등포구","여의도동","중국집","22"
"20180111","목","여","50대","서울특별시","영등포구","영등포동1가","중국집","5"
"20180111","목","여","60대이상","서울특별시","영등포구","문래동2가","중국집","8"
"20180111","목","여","20대","서울특별시","영등포구","여의도동","중국집","13"
"20180111","목","여","60대이상","서울특별시","영등포구","문래동3가","중국집","7"
"20180111","목","여","60대이상","서울특별시","영등포구","신길동","중국집","5"
"20180111","목","여","60대이상","서울특별시","영등포구","여의도동","중국집","9"
"20180111","목","남","10대","서울특별시","용산구","이태원동","중국집","5"
"20180111","목","남","10대","서울특별시","용산구","한강로3가","중국집","5"
"20180111","목","남","20대","서울특별시","용산구","원효로4가","중국집","5"
"20180111","목","남","20대","서울특별시","용산구","이촌동","중국집","5"
"20180111","목","남","20대","서울특별시","용산구","이태원동","중국집","5"
"20180111","목","남","30대","서울특별시","용산구","도원동","중국집","5"
"20180111","목","남","30대","서울특별시","용산구","보광동","중국집","9"
"20180111","목","남","30대","서울특별시","용산구","원효로4가","중국집","5"
"20180111","목","남","30대","서울특별시","용산구","한강로3가","중국집","41"
"20180111","목","남","30대","서울특별시","용산구","후암동","중국집","26"
"20180111","목","남","40대","서울특별시","용산구","후암동","중국집","31"
"20180111","목","남","50대","서울특별시","용산구","신계동","중국집","5"
"20180111","목","남","50대","서울특별시","용산구","원효로4가","중국집","5"
"20180111","목","남","50대","서울특별시","용산구","한강로3가","중국집","24"
"20180111","목","남","50대","서울특별시","용산구","후암동","중국집","32"
"20180111","목","남","30대","서울특별시","용산구","신계동","중국집","5"
"20180111","목","남","20대","서울특별시","용산구","보광동","중국집","5"
"20180111","목","남","60대이상","서울특별시","용산구","보광동","중국집","5"
"20180111","목","남","50대","서울특별시","용산구","동자동","중국집","5"
"20180111","목","남","60대이상","서울특별시","용산구","후암동","중국집","11"
"20180111","목","여","10대","서울특별시","용산구","보광동","중국집","5"
"20180111","목","남","50대","서울특별시","용산구","한남동","중국집","5"
"20180111","목","여","10대","서울특별시","용산구","후암동","중국집","5"
"20180111","목","남","10대","서울특별시","용산구","후암동","중국집","6"
"20180111","목","여","20대","서울특별시","용산구","갈월동","중국집","5"
"20180111","목","여","20대","서울특별시","용산구","도원동","중국집","5"
"20180111","목","남","60대이상","서울특별시","용산구","이태원동","중국집","5"
"20180111","목","여","20대","서울특별시","용산구","동자동","중국집","5"
"20180111","목","여","20대","서울특별시","용산구","보광동","중국집","5"
"20180111","목","여","20대","서울특별시","용산구","이촌동","중국집","5"
"20180111","목","남","50대","서울특별시","용산구","보광동","중국집","5"
"20180111","목","남","20대","서울특별시","용산구","도원동","중국집","5"
"20180111","목","여","20대","서울특별시","용산구","이태원동","중국집","5"
"20180111","목","여","20대","서울특별시","용산구","한강로3가","중국집","14"
"20180111","목","여","20대","서울특별시","용산구","한남동","중국집","5"
"20180111","목","남","40대","서울특별시","용산구","동자동","중국집","5"
"20180111","목","여","30대","서울특별시","용산구","도원동","중국집","5"
"20180111","목","여","30대","서울특별시","용산구","보광동","중국집","5"
"20180111","목","남","20대","서울특별시","용산구","신계동","중국집","5"
"20180111","목","여","30대","서울특별시","용산구","원효로4가","중국집","5"
"20180111","목","여","30대","서울특별시","용산구","이촌동","중국집","5"
"20180111","목","남","40대","서울특별시","용산구","신계동","중국집","5"
"20180111","목","여","30대","서울특별시","용산구","이태원동","중국집","5"
"20180111","목","여","30대","서울특별시","용산구","한강로3가","중국집","24"
"20180111","목","여","30대","서울특별시","용산구","후암동","중국집","29"
"20180111","목","여","40대","서울특별시","용산구","도원동","중국집","5"
"20180111","목","여","40대","서울특별시","용산구","동자동","중국집","5"
"20180111","목","여","40대","서울특별시","용산구","보광동","중국집","5"
"20180111","목","여","40대","서울특별시","용산구","신계동","중국집","5"
"20180111","목","여","20대","서울특별시","용산구","후암동","중국집","12"
"20180111","목","여","40대","서울특별시","용산구","원효로4가","중국집","5"
"20180111","목","남","60대이상","서울특별시","용산구","이촌동","중국집","5"
"20180111","목","여","40대","서울특별시","용산구","이촌동","중국집","5"
"20180111","목","남","10대","서울특별시","용산구","도원동","중국집","5"
"20180111","목","여","40대","서울특별시","용산구","이태원동","중국집","5"
"20180111","목","여","30대","서울특별시","용산구","신계동","중국집","5"
"20180111","목","남","50대","서울특별시","용산구","이태원동","중국집","5"
"20180111","목","여","40대","서울특별시","용산구","한남동","중국집","5"
"20180111","목","여","40대","서울특별시","용산구","후암동","중국집","32"
"20180111","목","남","40대","서울특별시","용산구","한강로3가","중국집","50"
"20180111","목","남","40대","서울특별시","용산구","한남동","중국집","5"
"20180111","목","남","60대이상","서울특별시","용산구","한강로3가","중국집","12"
"20180111","목","여","50대","서울특별시","용산구","동자동","중국집","5"
"20180111","목","여","50대","서울특별시","용산구","보광동","중국집","6"
"20180111","목","남","40대","서울특별시","용산구","원효로4가","중국집","5"
"20180111","목","여","50대","서울특별시","용산구","이촌동","중국집","5"
"20180111","목","여","50대","서울특별시","용산구","이태원동","중국집","5"
"20180111","목","남","40대","서울특별시","용산구","이촌동","중국집","5"
"20180111","목","남","30대","서울특별시","용산구","이태원동","중국집","5"
"20180111","목","여","50대","서울특별시","용산구","한강로3가","중국집","28"
"20180111","목","여","50대","서울특별시","용산구","한남동","중국집","5"
"20180111","목","여","50대","서울특별시","용산구","후암동","중국집","17"
"20180111","목","여","40대","서울특별시","용산구","한강로3가","중국집","34"
"20180111","목","남","20대","서울특별시","용산구","후암동","중국집","10"
"20180111","목","여","60대이상","서울특별시","용산구","신계동","중국집","5"
"20180111","목","여","60대이상","서울특별시","용산구","원효로4가","중국집","5"
"20180111","목","여","60대이상","서울특별시","용산구","이태원동","중국집","5"
"20180111","목","남","30대","서울특별시","용산구","한남동","중국집","5"
"20180111","목","남","40대","서울특별시","용산구","보광동","중국집","5"
"20180111","목","여","60대이상","서울특별시","용산구","도원동","중국집","5"
"20180111","목","여","60대이상","서울특별시","용산구","한강로3가","중국집","11"
"20180111","목","여","60대이상","서울특별시","용산구","후암동","중국집","10"
"20180111","목","여","10대","서울특별시","용산구","이촌동","중국집","5"
"20180111","목","남","20대","서울특별시","용산구","한강로3가","중국집","26"
"20180111","목","남","20대","서울특별시","은평구","구산동","중국집","5"
"20180111","목","남","20대","서울특별시","은평구","불광동","중국집","22"
"20180111","목","남","20대","서울특별시","은평구","수색동","중국집","5"
"20180111","목","남","20대","서울특별시","은평구","증산동","중국집","5"
"20180111","목","남","30대","서울특별시","은평구","불광동","중국집","34"
"20180111","목","남","30대","서울특별시","은평구","구산동","중국집","5"
"20180111","목","남","30대","서울특별시","은평구","수색동","중국집","5"
"20180111","목","남","30대","서울특별시","은평구","증산동","중국집","5"
"20180111","목","남","40대","서울특별시","은평구","구산동","중국집","5"
"20180111","목","남","10대","서울특별시","은평구","수색동","중국집","5"
"20180111","목","남","50대","서울특별시","은평구","구산동","중국집","5"
"20180111","목","남","50대","서울특별시","은평구","불광동","중국집","21"
"20180111","목","남","50대","서울특별시","은평구","증산동","중국집","5"
"20180111","목","남","40대","서울특별시","은평구","증산동","중국집","5"
"20180111","목","남","60대이상","서울특별시","은평구","구산동","중국집","5"
"20180111","목","남","60대이상","서울특별시","은평구","불광동","중국집","20"
"20180111","목","여","10대","서울특별시","은평구","불광동","중국집","7"
"20180111","목","여","20대","서울특별시","은평구","구산동","중국집","5"
"20180111","목","여","20대","서울특별시","은평구","증산동","중국집","5"
"20180111","목","남","10대","서울특별시","은평구","불광동","중국집","10"
"20180111","목","여","30대","서울특별시","은평구","구산동","중국집","5"
"20180111","목","여","20대","서울특별시","은평구","불광동","중국집","12"
"20180111","목","여","30대","서울특별시","은평구","불광동","중국집","31"
"20180111","목","여","30대","서울특별시","은평구","수색동","중국집","5"
"20180111","목","여","30대","서울특별시","은평구","증산동","중국집","5"
"20180111","목","여","10대","서울특별시","은평구","구산동","중국집","5"
"20180111","목","여","40대","서울특별시","은평구","구산동","중국집","5"
"20180111","목","여","40대","서울특별시","은평구","불광동","중국집","57"
"20180111","목","여","40대","서울특별시","은평구","증산동","중국집","5"
"20180111","목","여","50대","서울특별시","은평구","불광동","중국집","35"
"20180111","목","여","50대","서울특별시","은평구","수색동","중국집","5"
"20180111","목","여","60대이상","서울특별시","은평구","구산동","중국집","5"
"20180111","목","여","60대이상","서울특별시","은평구","불광동","중국집","22"
"20180111","목","여","60대이상","서울특별시","은평구","증산동","중국집","5"
"20180111","목","남","40대","서울특별시","은평구","불광동","중국집","44"
"20180111","목","남","20대","서울특별시","종로구","관수동","중국집","5"
"20180111","목","남","20대","서울특별시","종로구","명륜1가","중국집","5"
"20180111","목","남","30대","서울특별시","종로구","서린동","중국집","5"
"20180111","목","남","40대","서울특별시","종로구","낙원동","중국집","5"
"20180111","목","남","40대","서울특별시","종로구","동숭동","중국집","5"
"20180111","목","남","40대","서울특별시","종로구","원서동","중국집","5"
"20180111","목","남","50대","서울특별시","종로구","교남동","중국집","5"
"20180111","목","남","50대","서울특별시","종로구","낙원동","중국집","5"
"20180111","목","남","50대","서울특별시","종로구","동숭동","중국집","5"
"20180111","목","남","30대","서울특별시","종로구","명륜1가","중국집","5"
"20180111","목","남","30대","서울특별시","종로구","동숭동","중국집","5"
"20180111","목","남","50대","서울특별시","종로구","종로6가","중국집","5"
"20180111","목","남","20대","서울특별시","종로구","평창동","중국집","5"
"20180111","목","남","50대","서울특별시","종로구","원서동","중국집","5"
"20180111","목","남","20대","서울특별시","종로구","서린동","중국집","5"
"20180111","목","남","60대이상","서울특별시","종로구","관수동","중국집","5"
"20180111","목","남","60대이상","서울특별시","종로구","숭인동","중국집","5"
"20180111","목","남","60대이상","서울특별시","종로구","원서동","중국집","5"
"20180111","목","남","60대이상","서울특별시","종로구","종로6가","중국집","5"
"20180111","목","남","60대이상","서울특별시","종로구","신문로2가","중국집","5"
"20180111","목","남","30대","서울특별시","종로구","숭인동","중국집","5"
"20180111","목","여","10대","서울특별시","종로구","평창동","중국집","5"
"20180111","목","여","20대","서울특별시","종로구","교남동","중국집","5"
"20180111","목","남","60대이상","서울특별시","종로구","교남동","중국집","5"
"20180111","목","여","20대","서울특별시","종로구","명륜1가","중국집","5"
"20180111","목","여","20대","서울특별시","종로구","원서동","중국집","5"
"20180111","목","남","40대","서울특별시","종로구","관수동","중국집","5"
"20180111","목","여","20대","서울특별시","종로구","종로6가","중국집","5"
"20180111","목","남","40대","서울특별시","종로구","신문로2가","중국집","5"
"20180111","목","여","20대","서울특별시","종로구","창성동","중국집","5"
"20180111","목","남","30대","서울특별시","종로구","원서동","중국집","5"
"20180111","목","남","30대","서울특별시","종로구","경운동","중국집","5"
"20180111","목","여","20대","서울특별시","종로구","평창동","중국집","5"
"20180111","목","남","60대이상","서울특별시","종로구","청진동","중국집","5"
"20180111","목","여","30대","서울특별시","종로구","경운동","중국집","5"
"20180111","목","남","60대이상","서울특별시","종로구","동숭동","중국집","5"
"20180111","목","여","30대","서울특별시","종로구","교남동","중국집","5"
"20180111","목","남","30대","서울특별시","종로구","낙원동","중국집","6"
"20180111","목","여","30대","서울특별시","종로구","관수동","중국집","5"
"20180111","목","여","30대","서울특별시","종로구","동숭동","중국집","5"
"20180111","목","여","30대","서울특별시","종로구","숭인동","중국집","5"
"20180111","목","남","30대","서울특별시","종로구","평창동","중국집","5"
"20180111","목","남","30대","서울특별시","종로구","창성동","중국집","10"
"20180111","목","여","30대","서울특별시","종로구","신문로2가","중국집","5"
"20180111","목","여","30대","서울특별시","종로구","옥인동","중국집","5"
"20180111","목","여","30대","서울특별시","종로구","원서동","중국집","5"
"20180111","목","남","40대","서울특별시","종로구","창성동","중국집","6"
"20180111","목","여","30대","서울특별시","종로구","종로6가","중국집","5"
"20180111","목","남","20대","서울특별시","종로구","종로5가","중국집","5"
"20180111","목","남","20대","서울특별시","종로구","동숭동","중국집","5"
"20180111","목","여","30대","서울특별시","종로구","창성동","중국집","9"
"20180111","목","여","30대","서울특별시","종로구","청진동","중국집","5"
"20180111","목","여","10대","서울특별시","종로구","교남동","중국집","5"
"20180111","목","여","40대","서울특별시","종로구","경운동","중국집","5"
"20180111","목","여","40대","서울특별시","종로구","교남동","중국집","5"
"20180111","목","남","40대","서울특별시","종로구","평창동","중국집","5"
"20180111","목","여","40대","서울특별시","종로구","동숭동","중국집","5"
"20180111","목","여","30대","서울특별시","종로구","평창동","중국집","5"
"20180111","목","여","40대","서울특별시","종로구","서린동","중국집","5"
"20180111","목","남","50대","서울특별시","종로구","신문로2가","중국집","5"
"20180111","목","여","20대","서울특별시","종로구","신문로2가","중국집","5"
"20180111","목","여","40대","서울특별시","종로구","숭인동","중국집","5"
"20180111","목","여","40대","서울특별시","종로구","창성동","중국집","5"
"20180111","목","여","40대","서울특별시","종로구","평창동","중국집","5"
"20180111","목","여","50대","서울특별시","종로구","숭인동","중국집","5"
"20180111","목","여","40대","서울특별시","종로구","관수동","중국집","5"
"20180111","목","여","20대","서울특별시","종로구","숭인동","중국집","5"
"20180111","목","여","50대","서울특별시","종로구","원서동","중국집","5"
"20180111","목","남","60대이상","서울특별시","종로구","종로3가","중국집","5"
"20180111","목","여","50대","서울특별시","종로구","종로6가","중국집","5"
"20180111","목","남","10대","서울특별시","종로구","평창동","중국집","5"
"20180111","목","남","40대","서울특별시","종로구","숭인동","중국집","5"
"20180111","목","여","50대","서울특별시","종로구","평창동","중국집","5"
"20180111","목","남","10대","서울특별시","종로구","창성동","중국집","5"
"20180111","목","여","40대","서울특별시","종로구","명륜1가","중국집","5"
"20180111","목","여","60대이상","서울특별시","종로구","관수동","중국집","5"
"20180111","목","남","50대","서울특별시","종로구","숭인동","중국집","5"
"20180111","목","남","30대","서울특별시","종로구","관수동","중국집","5"
"20180111","목","여","60대이상","서울특별시","종로구","낙원동","중국집","5"
"20180111","목","여","60대이상","서울특별시","종로구","창신동","중국집","5"
"20180111","목","남","30대","서울특별시","종로구","신문로2가","중국집","5"
"20180111","목","남","50대","서울특별시","종로구","경운동","중국집","5"
"20180111","목","여","30대","서울특별시","종로구","서린동","중국집","5"
"20180111","목","여","60대이상","서울특별시","종로구","평창동","중국집","5"
"20180111","목","남","10대","서울특별시","중구","수하동","중국집","7"
"20180111","목","남","10대","서울특별시","중구","신당동","중국집","5"
"20180111","목","남","20대","서울특별시","중구","무교동","중국집","5"
"20180111","목","남","20대","서울특별시","중구","신당동","중국집","47"
"20180111","목","남","20대","서울특별시","중구","을지로3가","중국집","5"
"20180111","목","남","20대","서울특별시","중구","을지로6가","중국집","5"
"20180111","목","남","20대","서울특별시","중구","장충동2가","중국집","5"
"20180111","목","남","20대","서울특별시","중구","충무로1가","중국집","5"
"20180111","목","남","20대","서울특별시","중구","필동2가","중국집","5"
"20180111","목","남","30대","서울특별시","중구","명동1가","중국집","5"
"20180111","목","남","30대","서울특별시","중구","을지로3가","중국집","5"
"20180111","목","남","40대","서울특별시","중구","수표동","중국집","5"
"20180111","목","남","40대","서울특별시","중구","을지로3가","중국집","5"
"20180111","목","남","40대","서울특별시","중구","회현동1가","중국집","5"
"20180111","목","남","50대","서울특별시","중구","수하동","중국집","73"
"20180111","목","남","20대","서울특별시","중구","수하동","중국집","37"
"20180111","목","남","50대","서울특별시","중구","신당동","중국집","50"
"20180111","목","남","50대","서울특별시","중구","을지로3가","중국집","5"
"20180111","목","남","50대","서울특별시","중구","을지로6가","중국집","5"
"20180111","목","남","50대","서울특별시","중구","필동2가","중국집","5"
"20180111","목","남","50대","서울특별시","중구","회현동1가","중국집","5"
"20180111","목","남","40대","서울특별시","중구","신당동","중국집","55"
"20180111","목","남","60대이상","서울특별시","중구","수하동","중국집","32"
"20180111","목","남","30대","서울특별시","중구","수하동","중국집","77"
"20180111","목","남","60대이상","서울특별시","중구","신당동","중국집","38"
"20180111","목","남","60대이상","서울특별시","중구","을지로1가","중국집","5"
"20180111","목","남","60대이상","서울특별시","중구","을지로3가","중국집","5"
"20180111","목","여","10대","서울특별시","중구","신당동","중국집","5"
"20180111","목","여","10대","서울특별시","중구","을지로6가","중국집","5"
"20180111","목","여","10대","서울특별시","중구","필동2가","중국집","5"
"20180111","목","여","20대","서울특별시","중구","수하동","중국집","24"
"20180111","목","남","60대이상","서울특별시","중구","충무로1가","중국집","5"
"20180111","목","여","20대","서울특별시","중구","필동2가","중국집","5"
"20180111","목","여","30대","서울특별시","중구","수하동","중국집","31"
"20180111","목","남","30대","서울특별시","중구","을지로6가","중국집","5"
"20180111","목","여","30대","서울특별시","중구","신당동","중국집","40"
"20180111","목","여","30대","서울특별시","중구","충무로1가","중국집","5"
"20180111","목","남","50대","서울특별시","중구","충무로1가","중국집","5"
"20180111","목","여","20대","서울특별시","중구","수표동","중국집","5"
"20180111","목","남","60대이상","서울특별시","중구","수표동","중국집","5"
"20180111","목","여","30대","서울특별시","중구","태평로1가","중국집","5"
"20180111","목","남","60대이상","서울특별시","중구","정동","중국집","5"
"20180111","목","여","40대","서울특별시","중구","명동1가","중국집","5"
"20180111","목","여","40대","서울특별시","중구","무교동","중국집","5"
"20180111","목","여","40대","서울특별시","중구","수하동","중국집","40"
"20180111","목","여","40대","서울특별시","중구","신당동","중국집","68"
"20180111","목","남","40대","서울특별시","중구","주교동","중국집","5"
"20180111","목","여","20대","서울특별시","중구","을지로6가","중국집","5"
"20180111","목","여","40대","서울특별시","중구","을지로3가","중국집","5"
"20180111","목","여","40대","서울특별시","중구","을지로6가","중국집","5"
"20180111","목","여","20대","서울특별시","중구","충무로1가","중국집","5"
"20180111","목","여","50대","서울특별시","중구","무교동","중국집","5"
"20180111","목","여","50대","서울특별시","중구","신당동","중국집","37"
"20180111","목","여","50대","서울특별시","중구","수하동","중국집","18"
"20180111","목","여","20대","서울특별시","중구","신당동","중국집","20"
"20180111","목","남","40대","서울특별시","중구","필동2가","중국집","5"
"20180111","목","여","50대","서울특별시","중구","을지로6가","중국집","5"
"20180111","목","남","40대","서울특별시","중구","충무로1가","중국집","5"
"20180111","목","여","50대","서울특별시","중구","필동2가","중국집","5"
"20180111","목","여","60대이상","서울특별시","중구","수하동","중국집","22"
"20180111","목","남","30대","서울특별시","중구","무교동","중국집","5"
"20180111","목","여","60대이상","서울특별시","중구","신당동","중국집","27"
"20180111","목","남","40대","서울특별시","중구","수하동","중국집","95"
"20180111","목","여","10대","서울특별시","중구","수하동","중국집","5"
"20180111","목","여","60대이상","서울특별시","중구","필동2가","중국집","5"
"20180111","목","남","30대","서울특별시","중구","필동2가","중국집","5"
"20180111","목","남","30대","서울특별시","중구","신당동","중국집","67"
"20180111","목","남","40대","서울특별시","중구","무교동","중국집","5"
"20180111","목","남","10대","서울특별시","중랑구","면목동","중국집","5"
"20180111","목","남","20대","서울특별시","중랑구","망우동","중국집","5"
"20180111","목","남","20대","서울특별시","중랑구","묵동","중국집","5"
"20180111","목","남","10대","서울특별시","중랑구","묵동","중국집","5"
"20180111","목","남","30대","서울특별시","중랑구","망우동","중국집","5"
"20180111","목","남","30대","서울특별시","중랑구","면목동","중국집","43"
"20180111","목","남","30대","서울특별시","중랑구","묵동","중국집","5"
"20180111","목","남","30대","서울특별시","중랑구","신내동","중국집","5"
"20180111","목","남","40대","서울특별시","중랑구","면목동","중국집","56"
"20180111","목","남","40대","서울특별시","중랑구","상봉동","중국집","5"
"20180111","목","남","40대","서울특별시","중랑구","신내동","중국집","5"
"20180111","목","남","40대","서울특별시","중랑구","망우동","중국집","5"
"20180111","목","남","50대","서울특별시","중랑구","망우동","중국집","5"
"20180111","목","남","50대","서울특별시","중랑구","면목동","중국집","30"
"20180111","목","남","50대","서울특별시","중랑구","묵동","중국집","5"
"20180111","목","남","50대","서울특별시","중랑구","신내동","중국집","5"
"20180111","목","남","60대이상","서울특별시","중랑구","면목동","중국집","30"
"20180111","목","남","60대이상","서울특별시","중랑구","묵동","중국집","5"
"20180111","목","남","60대이상","서울특별시","중랑구","신내동","중국집","5"
"20180111","목","여","10대","서울특별시","중랑구","망우동","중국집","5"
"20180111","목","여","10대","서울특별시","중랑구","묵동","중국집","5"
"20180111","목","여","20대","서울특별시","중랑구","망우동","중국집","5"
"20180111","목","여","20대","서울특별시","중랑구","면목동","중국집","20"
"20180111","목","여","30대","서울특별시","중랑구","망우동","중국집","5"
"20180111","목","남","20대","서울특별시","중랑구","신내동","중국집","5"
"20180111","목","여","30대","서울특별시","중랑구","면목동","중국집","39"
"20180111","목","여","30대","서울특별시","중랑구","신내동","중국집","5"
"20180111","목","남","20대","서울특별시","중랑구","면목동","중국집","13"
"20180111","목","여","40대","서울특별시","중랑구","망우동","중국집","5"
"20180111","목","여","40대","서울특별시","중랑구","면목동","중국집","51"
"20180111","목","여","30대","서울특별시","중랑구","묵동","중국집","5"
"20180111","목","여","40대","서울특별시","중랑구","묵동","중국집","5"
"20180111","목","여","40대","서울특별시","중랑구","신내동","중국집","5"
"20180111","목","여","20대","서울특별시","중랑구","묵동","중국집","5"
"20180111","목","여","40대","서울특별시","중랑구","중화동","중국집","5"
"20180111","목","여","50대","서울특별시","중랑구","망우동","중국집","5"
"20180111","목","여","50대","서울특별시","중랑구","면목동","중국집","28"
"20180111","목","남","10대","서울특별시","중랑구","망우동","중국집","5"
"20180111","목","여","60대이상","서울특별시","중랑구","면목동","중국집","16"
"20180111","목","여","60대이상","서울특별시","중랑구","묵동","중국집","5"
"20180111","목","남","10대","서울특별시","중랑구","신내동","중국집","5"
"20180111","목","남","20대","서울특별시","중랑구","상봉동","중국집","5"
"20180111","목","여","60대이상","서울특별시","중랑구","신내동","중국집","5"
"20180112","금","남","10대","서울특별시","강남구","대치동","중국집","5"
"20180112","금","남","10대","서울특별시","강남구","도곡동","중국집","5"
"20180112","금","남","20대","서울특별시","강남구","도곡동","중국집","5"
"20180112","금","남","20대","서울특별시","강남구","세곡동","중국집","5"
"20180112","금","남","30대","서울특별시","강남구","삼성동","중국집","133"
"20180112","금","남","30대","서울특별시","강남구","압구정동","중국집","5"
"20180112","금","남","20대","서울특별시","강남구","대치동","중국집","5"
"20180112","금","남","10대","서울특별시","강남구","개포동","중국집","5"
"20180112","금","남","30대","서울특별시","강남구","일원동","중국집","5"
"20180112","금","남","10대","서울특별시","강남구","삼성동","중국집","15"
"20180112","금","남","40대","서울특별시","강남구","논현동","중국집","47"
"20180112","금","남","40대","서울특별시","강남구","대치동","중국집","6"
"20180112","금","남","30대","서울특별시","강남구","수서동","중국집","6"
"20180112","금","남","40대","서울특별시","강남구","삼성동","중국집","94"
"20180112","금","남","40대","서울특별시","강남구","세곡동","중국집","5"
"20180112","금","남","40대","서울특별시","강남구","일원동","중국집","5"
"20180112","금","남","50대","서울특별시","강남구","도곡동","중국집","5"
"20180112","금","남","50대","서울특별시","강남구","삼성동","중국집","54"
"20180112","금","남","20대","서울특별시","강남구","삼성동","중국집","50"
"20180112","금","남","60대이상","서울특별시","강남구","대치동","중국집","5"
"20180112","금","남","40대","서울특별시","강남구","압구정동","중국집","5"
"20180112","금","남","60대이상","서울특별시","강남구","세곡동","중국집","5"
"20180112","금","남","60대이상","서울특별시","강남구","수서동","중국집","5"
"20180112","금","남","50대","서울특별시","강남구","논현동","중국집","26"
"20180112","금","여","10대","서울특별시","강남구","도곡동","중국집","5"
"20180112","금","남","50대","서울특별시","강남구","수서동","중국집","5"
"20180112","금","여","10대","서울특별시","강남구","삼성동","중국집","5"
"20180112","금","여","10대","서울특별시","강남구","역삼동","중국집","5"
"20180112","금","남","40대","서울특별시","강남구","수서동","중국집","5"
"20180112","금","남","30대","서울특별시","강남구","역삼동","중국집","84"
"20180112","금","여","20대","서울특별시","강남구","삼성동","중국집","34"
"20180112","금","여","20대","서울특별시","강남구","세곡동","중국집","5"
"20180112","금","여","20대","서울특별시","강남구","압구정동","중국집","5"
"20180112","금","남","30대","서울특별시","강남구","도곡동","중국집","5"
"20180112","금","여","30대","서울특별시","강남구","논현동","중국집","30"
"20180112","금","여","30대","서울특별시","강남구","대치동","중국집","5"
"20180112","금","남","50대","서울특별시","강남구","역삼동","중국집","50"
"20180112","금","남","60대이상","서울특별시","강남구","역삼동","중국집","25"
"20180112","금","남","30대","서울특별시","강남구","대치동","중국집","5"
"20180112","금","여","30대","서울특별시","강남구","도곡동","중국집","5"
"20180112","금","여","20대","서울특별시","강남구","논현동","중국집","31"
"20180112","금","남","10대","서울특별시","강남구","역삼동","중국집","8"
"20180112","금","여","30대","서울특별시","강남구","삼성동","중국집","68"
"20180112","금","여","30대","서울특별시","강남구","수서동","중국집","5"
"20180112","금","남","60대이상","서울특별시","강남구","삼성동","중국집","34"
"20180112","금","남","30대","서울특별시","강남구","세곡동","중국집","5"
"20180112","금","여","40대","서울특별시","강남구","대치동","중국집","7"
"20180112","금","남","40대","서울특별시","강남구","역삼동","중국집","79"
"20180112","금","여","40대","서울특별시","강남구","논현동","중국집","44"
"20180112","금","남","30대","서울특별시","강남구","논현동","중국집","61"
"20180112","금","남","20대","서울특별시","강남구","수서동","중국집","5"
"20180112","금","여","40대","서울특별시","강남구","도곡동","중국집","17"
"20180112","금","여","30대","서울특별시","강남구","역삼동","중국집","73"
"20180112","금","여","40대","서울특별시","강남구","삼성동","중국집","103"
"20180112","금","남","40대","서울특별시","강남구","도곡동","중국집","5"
"20180112","금","여","40대","서울특별시","강남구","세곡동","중국집","13"
"20180112","금","여","10대","서울특별시","강남구","수서동","중국집","5"
"20180112","금","여","40대","서울특별시","강남구","수서동","중국집","5"
"20180112","금","남","60대이상","서울특별시","강남구","도곡동","중국집","5"
"20180112","금","여","10대","서울특별시","강남구","압구정동","중국집","5"
"20180112","금","여","40대","서울특별시","강남구","압구정동","중국집","5"
"20180112","금","여","30대","서울특별시","강남구","세곡동","중국집","5"
"20180112","금","여","20대","서울특별시","강남구","대치동","중국집","5"
"20180112","금","여","20대","서울특별시","강남구","수서동","중국집","5"
"20180112","금","여","40대","서울특별시","강남구","역삼동","중국집","83"
"20180112","금","남","50대","서울특별시","강남구","개포동","중국집","5"
"20180112","금","여","40대","서울특별시","강남구","일원동","중국집","5"
"20180112","금","여","50대","서울특별시","강남구","논현동","중국집","24"
"20180112","금","남","60대이상","서울특별시","강남구","논현동","중국집","14"
"20180112","금","여","50대","서울특별시","강남구","대치동","중국집","5"
"20180112","금","남","50대","서울특별시","강남구","세곡동","중국집","5"
"20180112","금","여","50대","서울특별시","강남구","도곡동","중국집","8"
"20180112","금","여","50대","서울특별시","강남구","삼성동","중국집","43"
"20180112","금","남","10대","서울특별시","강남구","논현동","중국집","5"
"20180112","금","여","50대","서울특별시","강남구","세곡동","중국집","5"
"20180112","금","여","30대","서울특별시","강남구","일원동","중국집","5"
"20180112","금","여","50대","서울특별시","강남구","수서동","중국집","5"
"20180112","금","여","10대","서울특별시","강남구","세곡동","중국집","5"
"20180112","금","여","50대","서울특별시","강남구","역삼동","중국집","34"
"20180112","금","여","50대","서울특별시","강남구","일원동","중국집","5"
"20180112","금","여","60대이상","서울특별시","강남구","논현동","중국집","16"
"20180112","금","남","60대이상","서울특별시","강남구","압구정동","중국집","5"
"20180112","금","여","60대이상","서울특별시","강남구","삼성동","중국집","25"
"20180112","금","여","20대","서울특별시","강남구","도곡동","중국집","7"
"20180112","금","여","60대이상","서울특별시","강남구","수서동","중국집","5"
"20180112","금","남","20대","서울특별시","강남구","역삼동","중국집","40"
"20180112","금","남","20대","서울특별시","강남구","논현동","중국집","30"
"20180112","금","남","20대","서울특별시","강남구","압구정동","중국집","5"
"20180112","금","여","20대","서울특별시","강남구","역삼동","중국집","43"
"20180112","금","여","60대이상","서울특별시","강남구","역삼동","중국집","21"
"20180112","금","여","50대","서울특별시","강남구","압구정동","중국집","5"
"20180112","금","남","10대","서울특별시","강동구","성내동","중국집","5"
"20180112","금","남","20대","서울특별시","강동구","길동","중국집","30"
"20180112","금","남","20대","서울특별시","강동구","명일동","중국집","5"
"20180112","금","남","20대","서울특별시","강동구","암사동","중국집","5"
"20180112","금","남","10대","서울특별시","강동구","길동","중국집","16"
"20180112","금","남","30대","서울특별시","강동구","길동","중국집","77"
"20180112","금","남","30대","서울특별시","강동구","상일동","중국집","5"
"20180112","금","남","30대","서울특별시","강동구","암사동","중국집","5"
"20180112","금","남","40대","서울특별시","강동구","명일동","중국집","5"
"20180112","금","남","50대","서울특별시","강동구","길동","중국집","49"
"20180112","금","남","50대","서울특별시","강동구","성내동","중국집","5"
"20180112","금","남","30대","서울특별시","강동구","명일동","중국집","5"
"20180112","금","남","50대","서울특별시","강동구","암사동","중국집","5"
"20180112","금","남","50대","서울특별시","강동구","천호동","중국집","5"
"20180112","금","남","60대이상","서울특별시","강동구","성내동","중국집","5"
"20180112","금","남","60대이상","서울특별시","강동구","길동","중국집","27"
"20180112","금","남","20대","서울특별시","강동구","상일동","중국집","5"
"20180112","금","남","60대이상","서울특별시","강동구","암사동","중국집","5"
"20180112","금","여","10대","서울특별시","강동구","길동","중국집","5"
"20180112","금","여","10대","서울특별시","강동구","명일동","중국집","5"
"20180112","금","남","40대","서울특별시","강동구","길동","중국집","76"
"20180112","금","남","40대","서울특별시","강동구","성내동","중국집","7"
"20180112","금","여","10대","서울특별시","강동구","성내동","중국집","5"
"20180112","금","여","20대","서울특별시","강동구","둔촌동","중국집","5"
"20180112","금","여","20대","서울특별시","강동구","명일동","중국집","5"
"20180112","금","여","20대","서울특별시","강동구","상일동","중국집","5"
"20180112","금","여","30대","서울특별시","강동구","명일동","중국집","5"
"20180112","금","여","20대","서울특별시","강동구","길동","중국집","19"
"20180112","금","남","40대","서울특별시","강동구","둔촌동","중국집","5"
"20180112","금","여","30대","서울특별시","강동구","성내동","중국집","7"
"20180112","금","여","40대","서울특별시","강동구","명일동","중국집","7"
"20180112","금","여","40대","서울특별시","강동구","성내동","중국집","8"
"20180112","금","여","40대","서울특별시","강동구","천호동","중국집","5"
"20180112","금","여","50대","서울특별시","강동구","길동","중국집","55"
"20180112","금","여","20대","서울특별시","강동구","성내동","중국집","5"
"20180112","금","여","50대","서울특별시","강동구","명일동","중국집","5"
"20180112","금","남","30대","서울특별시","강동구","천호동","중국집","5"
"20180112","금","여","50대","서울특별시","강동구","천호동","중국집","5"
"20180112","금","여","60대이상","서울특별시","강동구","길동","중국집","30"
"20180112","금","남","40대","서울특별시","강동구","천호동","중국집","5"
"20180112","금","남","40대","서울특별시","강동구","상일동","중국집","5"
"20180112","금","여","40대","서울특별시","강동구","암사동","중국집","5"
"20180112","금","남","50대","서울특별시","강동구","명일동","중국집","5"
"20180112","금","여","30대","서울특별시","강동구","길동","중국집","56"
"20180112","금","여","60대이상","서울특별시","강동구","명일동","중국집","5"
"20180112","금","여","60대이상","서울특별시","강동구","성내동","중국집","5"
"20180112","금","남","30대","서울특별시","강동구","성내동","중국집","7"
"20180112","금","여","30대","서울특별시","강동구","암사동","중국집","5"
"20180112","금","여","50대","서울특별시","강동구","성내동","중국집","7"
"20180112","금","여","30대","서울특별시","강동구","천호동","중국집","5"
"20180112","금","여","40대","서울특별시","강동구","길동","중국집","83"
"20180112","금","여","50대","서울특별시","강동구","상일동","중국집","5"
"20180112","금","여","60대이상","서울특별시","강동구","암사동","중국집","5"
"20180112","금","남","40대","서울특별시","강동구","암사동","중국집","5"
"20180112","금","남","20대","서울특별시","강동구","성내동","중국집","5"
"20180112","금","남","20대","서울특별시","강북구","미아동","중국집","37"
"20180112","금","남","20대","서울특별시","강북구","우이동","중국집","5"
"20180112","금","남","30대","서울특별시","강북구","미아동","중국집","77"
"20180112","금","남","30대","서울특별시","강북구","우이동","중국집","5"
"20180112","금","남","40대","서울특별시","강북구","번동","중국집","20"
"20180112","금","남","30대","서울특별시","강북구","번동","중국집","13"
"20180112","금","남","40대","서울특별시","강북구","우이동","중국집","5"
"20180112","금","남","50대","서울특별시","강북구","미아동","중국집","56"
"20180112","금","남","50대","서울특별시","강북구","번동","중국집","13"
"20180112","금","남","60대이상","서울특별시","강북구","미아동","중국집","19"
"20180112","금","남","60대이상","서울특별시","강북구","번동","중국집","8"
"20180112","금","남","60대이상","서울특별시","강북구","우이동","중국집","5"
"20180112","금","여","10대","서울특별시","강북구","미아동","중국집","7"
"20180112","금","여","10대","서울특별시","강북구","번동","중국집","5"
"20180112","금","남","50대","서울특별시","강북구","우이동","중국집","5"
"20180112","금","남","10대","서울특별시","강북구","미아동","중국집","17"
"20180112","금","여","20대","서울특별시","강북구","미아동","중국집","17"
"20180112","금","여","20대","서울특별시","강북구","번동","중국집","6"
"20180112","금","여","20대","서울특별시","강북구","우이동","중국집","5"
"20180112","금","여","30대","서울특별시","강북구","미아동","중국집","48"
"20180112","금","여","30대","서울특별시","강북구","번동","중국집","14"
"20180112","금","남","10대","서울특별시","강북구","번동","중국집","5"
"20180112","금","여","30대","서울특별시","강북구","수유동","중국집","5"
"20180112","금","여","10대","서울특별시","강북구","우이동","중국집","5"
"20180112","금","여","30대","서울특별시","강북구","우이동","중국집","5"
"20180112","금","남","10대","서울특별시","강북구","우이동","중국집","5"
"20180112","금","여","40대","서울특별시","강북구","미아동","중국집","84"
"20180112","금","여","40대","서울특별시","강북구","번동","중국집","17"
"20180112","금","남","20대","서울특별시","강북구","번동","중국집","9"
"20180112","금","여","50대","서울특별시","강북구","미아동","중국집","64"
"20180112","금","여","50대","서울특별시","강북구","번동","중국집","14"
"20180112","금","여","40대","서울특별시","강북구","우이동","중국집","5"
"20180112","금","남","40대","서울특별시","강북구","미아동","중국집","68"
"20180112","금","여","60대이상","서울특별시","강북구","미아동","중국집","34"
"20180112","금","여","60대이상","서울특별시","강북구","번동","중국집","6"
"20180112","금","여","50대","서울특별시","강북구","우이동","중국집","5"
"20180112","금","남","10대","서울특별시","강서구","가양동","중국집","5"
"20180112","금","남","10대","서울특별시","강서구","내발산동","중국집","8"
"20180112","금","남","10대","서울특별시","강서구","마곡동","중국집","5"
"20180112","금","남","20대","서울특별시","강서구","방화동","중국집","5"
"20180112","금","남","20대","서울특별시","강서구","외발산동","중국집","5"
"20180112","금","남","30대","서울특별시","강서구","가양동","중국집","30"
"20180112","금","남","30대","서울특별시","강서구","외발산동","중국집","5"
"20180112","금","남","40대","서울특별시","강서구","등촌동","중국집","19"
"20180112","금","남","40대","서울특별시","강서구","마곡동","중국집","5"
"20180112","금","남","50대","서울특별시","강서구","가양동","중국집","16"
"20180112","금","남","50대","서울특별시","강서구","등촌동","중국집","16"
"20180112","금","남","50대","서울특별시","강서구","방화동","중국집","5"
"20180112","금","남","60대이상","서울특별시","강서구","등촌동","중국집","18"
"20180112","금","남","60대이상","서울특별시","강서구","마곡동","중국집","5"
"20180112","금","남","50대","서울특별시","강서구","내발산동","중국집","37"
"20180112","금","남","60대이상","서울특별시","강서구","방화동","중국집","5"
"20180112","금","남","40대","서울특별시","강서구","내발산동","중국집","77"
"20180112","금","남","60대이상","서울특별시","강서구","외발산동","중국집","5"
"20180112","금","남","60대이상","서울특별시","강서구","화곡동","중국집","27"
"20180112","금","남","20대","서울특별시","강서구","내발산동","중국집","25"
"20180112","금","남","40대","서울특별시","강서구","방화동","중국집","5"
"20180112","금","여","10대","서울특별시","강서구","내발산동","중국집","9"
"20180112","금","여","10대","서울특별시","강서구","화곡동","중국집","12"
"20180112","금","남","20대","서울특별시","강서구","마곡동","중국집","5"
"20180112","금","여","20대","서울특별시","강서구","가양동","중국집","7"
"20180112","금","남","20대","서울특별시","강서구","화곡동","중국집","21"
"20180112","금","남","60대이상","서울특별시","강서구","가양동","중국집","6"
"20180112","금","여","20대","서울특별시","강서구","내발산동","중국집","8"
"20180112","금","남","20대","서울특별시","강서구","등촌동","중국집","12"
"20180112","금","여","20대","서울특별시","강서구","등촌동","중국집","8"
"20180112","금","여","20대","서울특별시","강서구","마곡동","중국집","5"
"20180112","금","여","20대","서울특별시","강서구","화곡동","중국집","9"
"20180112","금","남","30대","서울특별시","강서구","화곡동","중국집","47"
"20180112","금","여","30대","서울특별시","강서구","가양동","중국집","20"
"20180112","금","여","10대","서울특별시","강서구","가양동","중국집","6"
"20180112","금","여","30대","서울특별시","강서구","내발산동","중국집","50"
"20180112","금","여","30대","서울특별시","강서구","등촌동","중국집","22"
"20180112","금","남","30대","서울특별시","강서구","등촌동","중국집","22"
"20180112","금","여","30대","서울특별시","강서구","방화동","중국집","5"
"20180112","금","여","30대","서울특별시","강서구","마곡동","중국집","5"
"20180112","금","여","30대","서울특별시","강서구","외발산동","중국집","5"
"20180112","금","남","60대이상","서울특별시","강서구","내발산동","중국집","24"
"20180112","금","여","30대","서울특별시","강서구","화곡동","중국집","46"
"20180112","금","여","40대","서울특별시","강서구","가양동","중국집","22"
"20180112","금","여","40대","서울특별시","강서구","내발산동","중국집","61"
"20180112","금","남","50대","서울특별시","강서구","화곡동","중국집","35"
"20180112","금","남","20대","서울특별시","강서구","가양동","중국집","13"
"20180112","금","여","10대","서울특별시","강서구","마곡동","중국집","5"
"20180112","금","여","40대","서울특별시","강서구","마곡동","중국집","5"
"20180112","금","여","40대","서울특별시","강서구","방화동","중국집","5"
"20180112","금","남","40대","서울특별시","강서구","화곡동","중국집","38"
"20180112","금","여","40대","서울특별시","강서구","화곡동","중국집","88"
"20180112","금","여","50대","서울특별시","강서구","가양동","중국집","20"
"20180112","금","남","10대","서울특별시","강서구","화곡동","중국집","5"
"20180112","금","여","50대","서울특별시","강서구","내발산동","중국집","48"
"20180112","금","남","40대","서울특별시","강서구","가양동","중국집","30"
"20180112","금","남","10대","서울특별시","강서구","등촌동","중국집","5"
"20180112","금","여","50대","서울특별시","강서구","등촌동","중국집","15"
"20180112","금","여","50대","서울특별시","강서구","외발산동","중국집","5"
"20180112","금","여","40대","서울특별시","강서구","등촌동","중국집","36"
"20180112","금","남","30대","서울특별시","강서구","내발산동","중국집","59"
"20180112","금","여","50대","서울특별시","강서구","화곡동","중국집","44"
"20180112","금","여","60대이상","서울특별시","강서구","가양동","중국집","14"
"20180112","금","여","60대이상","서울특별시","강서구","내발산동","중국집","15"
"20180112","금","여","60대이상","서울특별시","강서구","등촌동","중국집","8"
"20180112","금","남","30대","서울특별시","강서구","방화동","중국집","5"
"20180112","금","여","10대","서울특별시","강서구","등촌동","중국집","5"
"20180112","금","여","60대이상","서울특별시","강서구","외발산동","중국집","5"
"20180112","금","여","60대이상","서울특별시","강서구","화곡동","중국집","21"
"20180112","금","남","10대","서울특별시","관악구","신림동","중국집","5"
"20180112","금","남","20대","서울특별시","관악구","신림동","중국집","20"
"20180112","금","남","30대","서울특별시","관악구","봉천동","중국집","7"
"20180112","금","남","40대","서울특별시","관악구","봉천동","중국집","5"
"20180112","금","남","40대","서울특별시","관악구","신림동","중국집","10"
"20180112","금","남","50대","서울특별시","관악구","신림동","중국집","5"
"20180112","금","남","10대","서울특별시","관악구","봉천동","중국집","5"
"20180112","금","남","60대이상","서울특별시","관악구","봉천동","중국집","5"
"20180112","금","여","20대","서울특별시","관악구","봉천동","중국집","5"
"20180112","금","여","30대","서울특별시","관악구","봉천동","중국집","12"
"20180112","금","남","20대","서울특별시","관악구","봉천동","중국집","5"
"20180112","금","여","30대","서울특별시","관악구","신림동","중국집","10"
"20180112","금","여","40대","서울특별시","관악구","봉천동","중국집","5"
"20180112","금","여","40대","서울특별시","관악구","신림동","중국집","5"
"20180112","금","남","30대","서울특별시","관악구","신림동","중국집","13"
"20180112","금","여","50대","서울특별시","관악구","봉천동","중국집","5"
"20180112","금","여","20대","서울특별시","관악구","신림동","중국집","12"
"20180112","금","여","50대","서울특별시","관악구","신림동","중국집","5"
"20180112","금","여","60대이상","서울특별시","관악구","봉천동","중국집","5"
"20180112","금","여","60대이상","서울특별시","관악구","신림동","중국집","5"
"20180112","금","남","50대","서울특별시","관악구","봉천동","중국집","7"
"20180112","금","남","10대","서울특별시","광진구","능동","중국집","5"
"20180112","금","남","20대","서울특별시","광진구","자양동","중국집","12"
"20180112","금","남","20대","서울특별시","광진구","화양동","중국집","5"
"20180112","금","남","30대","서울특별시","광진구","광장동","중국집","5"
"20180112","금","남","30대","서울특별시","광진구","능동","중국집","5"
"20180112","금","남","40대","서울특별시","광진구","광장동","중국집","5"
"20180112","금","남","30대","서울특별시","광진구","자양동","중국집","9"
"20180112","금","남","50대","서울특별시","광진구","광장동","중국집","5"
"20180112","금","남","50대","서울특별시","광진구","자양동","중국집","6"
"20180112","금","남","20대","서울특별시","광진구","광장동","중국집","5"
"20180112","금","남","60대이상","서울특별시","광진구","광장동","중국집","5"
"20180112","금","남","60대이상","서울특별시","광진구","구의동","중국집","5"
"20180112","금","남","60대이상","서울특별시","광진구","화양동","중국집","5"
"20180112","금","여","10대","서울특별시","광진구","광장동","중국집","5"
"20180112","금","여","10대","서울특별시","광진구","자양동","중국집","5"
"20180112","금","여","20대","서울특별시","광진구","광장동","중국집","5"
"20180112","금","남","50대","서울특별시","광진구","능동","중국집","5"
"20180112","금","여","30대","서울특별시","광진구","광장동","중국집","5"
"20180112","금","여","30대","서울특별시","광진구","능동","중국집","5"
"20180112","금","여","30대","서울특별시","광진구","화양동","중국집","5"
"20180112","금","여","40대","서울특별시","광진구","구의동","중국집","5"
"20180112","금","남","10대","서울특별시","광진구","자양동","중국집","5"
"20180112","금","여","40대","서울특별시","광진구","능동","중국집","5"
"20180112","금","여","40대","서울특별시","광진구","자양동","중국집","13"
"20180112","금","여","40대","서울특별시","광진구","중곡동","중국집","5"
"20180112","금","여","50대","서울특별시","광진구","광장동","중국집","5"
"20180112","금","여","50대","서울특별시","광진구","능동","중국집","5"
"20180112","금","여","30대","서울특별시","광진구","자양동","중국집","6"
"20180112","금","남","20대","서울특별시","광진구","구의동","중국집","5"
"20180112","금","남","60대이상","서울특별시","광진구","자양동","중국집","7"
"20180112","금","여","50대","서울특별시","광진구","자양동","중국집","5"
"20180112","금","여","20대","서울특별시","광진구","자양동","중국집","5"
"20180112","금","남","40대","서울특별시","광진구","자양동","중국집","9"
"20180112","금","여","60대이상","서울특별시","광진구","능동","중국집","5"
"20180112","금","여","30대","서울특별시","광진구","중곡동","중국집","5"
"20180112","금","여","60대이상","서울특별시","광진구","자양동","중국집","5"
"20180112","금","여","60대이상","서울특별시","광진구","화양동","중국집","5"
"20180112","금","남","10대","서울특별시","구로구","개봉동","중국집","9"
"20180112","금","남","20대","서울특별시","구로구","개봉동","중국집","12"
"20180112","금","남","20대","서울특별시","구로구","구로동","중국집","5"
"20180112","금","남","20대","서울특별시","구로구","궁동","중국집","5"
"20180112","금","남","20대","서울특별시","구로구","신도림동","중국집","5"
"20180112","금","남","30대","서울특별시","구로구","개봉동","중국집","22"
"20180112","금","남","40대","서울특별시","구로구","구로동","중국집","5"
"20180112","금","남","50대","서울특별시","구로구","구로동","중국집","5"
"20180112","금","남","60대이상","서울특별시","구로구","개봉동","중국집","19"
"20180112","금","남","60대이상","서울특별시","구로구","궁동","중국집","5"
"20180112","금","여","10대","서울특별시","구로구","개봉동","중국집","5"
"20180112","금","여","10대","서울특별시","구로구","궁동","중국집","5"
"20180112","금","여","20대","서울특별시","구로구","구로동","중국집","5"
"20180112","금","남","50대","서울특별시","구로구","개봉동","중국집","26"
"20180112","금","남","60대이상","서울특별시","구로구","구로동","중국집","5"
"20180112","금","여","30대","서울특별시","구로구","개봉동","중국집","46"
"20180112","금","여","30대","서울특별시","구로구","구로동","중국집","8"
"20180112","금","남","40대","서울특별시","구로구","궁동","중국집","5"
"20180112","금","여","30대","서울특별시","구로구","궁동","중국집","5"
"20180112","금","여","40대","서울특별시","구로구","개봉동","중국집","52"
"20180112","금","여","20대","서울특별시","구로구","개봉동","중국집","7"
"20180112","금","여","40대","서울특별시","구로구","구로동","중국집","5"
"20180112","금","여","40대","서울특별시","구로구","궁동","중국집","5"
"20180112","금","남","30대","서울특별시","구로구","궁동","중국집","5"
"20180112","금","여","40대","서울특별시","구로구","신도림동","중국집","5"
"20180112","금","남","40대","서울특별시","구로구","개봉동","중국집","35"
"20180112","금","여","50대","서울특별시","구로구","개봉동","중국집","29"
"20180112","금","여","50대","서울특별시","구로구","궁동","중국집","5"
"20180112","금","여","50대","서울특별시","구로구","신도림동","중국집","5"
"20180112","금","여","60대이상","서울특별시","구로구","개봉동","중국집","12"
"20180112","금","여","60대이상","서울특별시","구로구","궁동","중국집","5"
"20180112","금","여","10대","서울특별시","구로구","신도림동","중국집","5"
"20180112","금","여","60대이상","서울특별시","구로구","신도림동","중국집","5"
"20180112","금","남","30대","서울특별시","구로구","구로동","중국집","9"
"20180112","금","남","10대","서울특별시","금천구","가산동","중국집","5"
"20180112","금","남","10대","서울특별시","금천구","시흥동","중국집","5"
"20180112","금","남","30대","서울특별시","금천구","독산동","중국집","5"
"20180112","금","남","30대","서울특별시","금천구","시흥동","중국집","5"
"20180112","금","남","40대","서울특별시","금천구","가산동","중국집","20"
"20180112","금","남","40대","서울특별시","금천구","독산동","중국집","11"
"20180112","금","남","40대","서울특별시","금천구","시흥동","중국집","5"
"20180112","금","남","50대","서울특별시","금천구","가산동","중국집","16"
"20180112","금","남","60대이상","서울특별시","금천구","가산동","중국집","5"
"20180112","금","남","60대이상","서울특별시","금천구","독산동","중국집","5"
"20180112","금","남","60대이상","서울특별시","금천구","시흥동","중국집","5"
"20180112","금","여","20대","서울특별시","금천구","독산동","중국집","5"
"20180112","금","여","20대","서울특별시","금천구","시흥동","중국집","5"
"20180112","금","여","30대","서울특별시","금천구","가산동","중국집","14"
"20180112","금","여","30대","서울특별시","금천구","독산동","중국집","5"
"20180112","금","여","30대","서울특별시","금천구","시흥동","중국집","5"
"20180112","금","여","10대","서울특별시","금천구","시흥동","중국집","5"
"20180112","금","여","40대","서울특별시","금천구","가산동","중국집","8"
"20180112","금","남","30대","서울특별시","금천구","가산동","중국집","25"
"20180112","금","여","40대","서울특별시","금천구","독산동","중국집","5"
"20180112","금","여","20대","서울특별시","금천구","가산동","중국집","5"
"20180112","금","여","40대","서울특별시","금천구","시흥동","중국집","5"
"20180112","금","여","50대","서울특별시","금천구","가산동","중국집","5"
"20180112","금","남","50대","서울특별시","금천구","독산동","중국집","5"
"20180112","금","여","50대","서울특별시","금천구","독산동","중국집","5"
"20180112","금","여","60대이상","서울특별시","금천구","가산동","중국집","5"
"20180112","금","남","20대","서울특별시","금천구","가산동","중국집","16"
"20180112","금","여","60대이상","서울특별시","금천구","독산동","중국집","5"
"20180112","금","남","20대","서울특별시","금천구","독산동","중국집","5"
"20180112","금","여","60대이상","서울특별시","금천구","시흥동","중국집","5"
"20180112","금","남","20대","서울특별시","노원구","공릉동","중국집","5"
"20180112","금","남","20대","서울특별시","노원구","월계동","중국집","5"
"20180112","금","남","40대","서울특별시","노원구","공릉동","중국집","5"
"20180112","금","남","40대","서울특별시","노원구","상계동","중국집","47"
"20180112","금","남","10대","서울특별시","노원구","상계동","중국집","8"
"20180112","금","남","40대","서울특별시","노원구","중계동","중국집","5"
"20180112","금","남","40대","서울특별시","노원구","월계동","중국집","5"
"20180112","금","남","50대","서울특별시","노원구","월계동","중국집","5"
"20180112","금","남","50대","서울특별시","노원구","중계동","중국집","5"
"20180112","금","남","60대이상","서울특별시","노원구","상계동","중국집","17"
"20180112","금","남","60대이상","서울특별시","노원구","월계동","중국집","5"
"20180112","금","남","20대","서울특별시","노원구","중계동","중국집","5"
"20180112","금","남","30대","서울특별시","노원구","상계동","중국집","37"
"20180112","금","여","10대","서울특별시","노원구","공릉동","중국집","5"
"20180112","금","여","10대","서울특별시","노원구","상계동","중국집","5"
"20180112","금","여","10대","서울특별시","노원구","중계동","중국집","5"
"20180112","금","여","20대","서울특별시","노원구","공릉동","중국집","9"
"20180112","금","여","20대","서울특별시","노원구","상계동","중국집","18"
"20180112","금","남","50대","서울특별시","노원구","상계동","중국집","35"
"20180112","금","남","50대","서울특별시","노원구","공릉동","중국집","5"
"20180112","금","여","20대","서울특별시","노원구","중계동","중국집","5"
"20180112","금","여","30대","서울특별시","노원구","상계동","중국집","29"
"20180112","금","여","30대","서울특별시","노원구","월계동","중국집","5"
"20180112","금","여","30대","서울특별시","노원구","중계동","중국집","5"
"20180112","금","남","20대","서울특별시","노원구","상계동","중국집","20"
"20180112","금","여","40대","서울특별시","노원구","공릉동","중국집","5"
"20180112","금","여","40대","서울특별시","노원구","상계동","중국집","84"
"20180112","금","여","40대","서울특별시","노원구","중계동","중국집","6"
"20180112","금","여","50대","서울특별시","노원구","공릉동","중국집","5"
"20180112","금","여","50대","서울특별시","노원구","상계동","중국집","54"
"20180112","금","여","30대","서울특별시","노원구","공릉동","중국집","5"
"20180112","금","남","10대","서울특별시","노원구","공릉동","중국집","6"
"20180112","금","여","40대","서울특별시","노원구","월계동","중국집","5"
"20180112","금","여","50대","서울특별시","노원구","월계동","중국집","5"
"20180112","금","남","60대이상","서울특별시","노원구","공릉동","중국집","5"
"20180112","금","여","50대","서울특별시","노원구","중계동","중국집","5"
"20180112","금","여","60대이상","서울특별시","노원구","상계동","중국집","27"
"20180112","금","여","60대이상","서울특별시","노원구","월계동","중국집","5"
"20180112","금","여","60대이상","서울특별시","노원구","중계동","중국집","5"
"20180112","금","남","10대","서울특별시","도봉구","쌍문동","중국집","5"
"20180112","금","남","20대","서울특별시","도봉구","방학동","중국집","5"
"20180112","금","남","20대","서울특별시","도봉구","쌍문동","중국집","5"
"20180112","금","남","30대","서울특별시","도봉구","도봉동","중국집","5"
"20180112","금","남","30대","서울특별시","도봉구","방학동","중국집","5"
"20180112","금","남","40대","서울특별시","도봉구","도봉동","중국집","5"
"20180112","금","남","40대","서울특별시","도봉구","쌍문동","중국집","5"
"20180112","금","남","50대","서울특별시","도봉구","도봉동","중국집","5"
"20180112","금","남","50대","서울특별시","도봉구","쌍문동","중국집","5"
"20180112","금","남","60대이상","서울특별시","도봉구","방학동","중국집","5"
"20180112","금","남","60대이상","서울특별시","도봉구","쌍문동","중국집","5"
"20180112","금","여","20대","서울특별시","도봉구","방학동","중국집","5"
"20180112","금","여","30대","서울특별시","도봉구","도봉동","중국집","5"
"20180112","금","여","30대","서울특별시","도봉구","방학동","중국집","5"
"20180112","금","여","30대","서울특별시","도봉구","쌍문동","중국집","5"
"20180112","금","여","40대","서울특별시","도봉구","쌍문동","중국집","5"
"20180112","금","여","50대","서울특별시","도봉구","방학동","중국집","5"
"20180112","금","여","50대","서울특별시","도봉구","쌍문동","중국집","5"
"20180112","금","여","60대이상","서울특별시","도봉구","방학동","중국집","5"
"20180112","금","여","60대이상","서울특별시","도봉구","쌍문동","중국집","5"
"20180112","금","여","10대","서울특별시","도봉구","쌍문동","중국집","5"
"20180112","금","남","10대","서울특별시","동대문구","장안동","중국집","5"
"20180112","금","남","10대","서울특별시","동대문구","전농동","중국집","5"
"20180112","금","남","20대","서울특별시","동대문구","답십리동","중국집","5"
"20180112","금","남","20대","서울특별시","동대문구","전농동","중국집","5"
"20180112","금","남","20대","서울특별시","동대문구","제기동","중국집","45"
"20180112","금","남","30대","서울특별시","동대문구","장안동","중국집","46"
"20180112","금","남","30대","서울특별시","동대문구","전농동","중국집","5"
"20180112","금","남","30대","서울특별시","동대문구","답십리동","중국집","5"
"20180112","금","남","40대","서울특별시","동대문구","답십리동","중국집","5"
"20180112","금","남","40대","서울특별시","동대문구","장안동","중국집","61"
"20180112","금","남","40대","서울특별시","동대문구","전농동","중국집","5"
"20180112","금","남","50대","서울특별시","동대문구","답십리동","중국집","5"
"20180112","금","남","50대","서울특별시","동대문구","장안동","중국집","49"
"20180112","금","남","40대","서울특별시","동대문구","제기동","중국집","53"
"20180112","금","남","50대","서울특별시","동대문구","제기동","중국집","33"
"20180112","금","남","60대이상","서울특별시","동대문구","답십리동","중국집","5"
"20180112","금","남","60대이상","서울특별시","동대문구","장안동","중국집","26"
"20180112","금","남","10대","서울특별시","동대문구","제기동","중국집","6"
"20180112","금","남","10대","서울특별시","동대문구","휘경동","중국집","5"
"20180112","금","남","60대이상","서울특별시","동대문구","제기동","중국집","20"
"20180112","금","여","10대","서울특별시","동대문구","전농동","중국집","5"
"20180112","금","남","20대","서울특별시","동대문구","장안동","중국집","37"
"20180112","금","남","60대이상","서울특별시","동대문구","전농동","중국집","5"
"20180112","금","여","10대","서울특별시","동대문구","제기동","중국집","5"
"20180112","금","여","20대","서울특별시","동대문구","장안동","중국집","15"
"20180112","금","여","20대","서울특별시","동대문구","제기동","중국집","11"
"20180112","금","여","30대","서울특별시","동대문구","장안동","중국집","51"
"20180112","금","여","30대","서울특별시","동대문구","전농동","중국집","5"
"20180112","금","여","30대","서울특별시","동대문구","제기동","중국집","27"
"20180112","금","여","40대","서울특별시","동대문구","장안동","중국집","53"
"20180112","금","여","40대","서울특별시","동대문구","제기동","중국집","43"
"20180112","금","여","10대","서울특별시","동대문구","장안동","중국집","5"
"20180112","금","여","50대","서울특별시","동대문구","답십리동","중국집","5"
"20180112","금","여","50대","서울특별시","동대문구","장안동","중국집","23"
"20180112","금","여","20대","서울특별시","동대문구","답십리동","중국집","5"
"20180112","금","여","50대","서울특별시","동대문구","전농동","중국집","5"
"20180112","금","여","50대","서울특별시","동대문구","제기동","중국집","22"
"20180112","금","여","60대이상","서울특별시","동대문구","답십리동","중국집","5"
"20180112","금","여","30대","서울특별시","동대문구","답십리동","중국집","5"
"20180112","금","남","30대","서울특별시","동대문구","제기동","중국집","69"
"20180112","금","여","60대이상","서울특별시","동대문구","장안동","중국집","14"
"20180112","금","여","60대이상","서울특별시","동대문구","전농동","중국집","5"
"20180112","금","여","60대이상","서울특별시","동대문구","제기동","중국집","25"
"20180112","금","여","40대","서울특별시","동대문구","전농동","중국집","5"
"20180112","금","남","10대","서울특별시","동작구","상도동","중국집","5"
"20180112","금","남","20대","서울특별시","동작구","노량진동","중국집","5"
"20180112","금","남","20대","서울특별시","동작구","사당동","중국집","5"
"20180112","금","남","20대","서울특별시","동작구","신대방동","중국집","97"
"20180112","금","남","30대","서울특별시","동작구","사당동","중국집","5"
"20180112","금","남","30대","서울특별시","동작구","상도동","중국집","5"
"20180112","금","남","30대","서울특별시","동작구","흑석동","중국집","5"
"20180112","금","남","40대","서울특별시","동작구","사당동","중국집","6"
"20180112","금","남","40대","서울특별시","동작구","본동","중국집","5"
"20180112","금","남","30대","서울특별시","동작구","본동","중국집","5"
"20180112","금","남","40대","서울특별시","동작구","신대방동","중국집","91"
"20180112","금","남","20대","서울특별시","동작구","본동","중국집","7"
"20180112","금","남","30대","서울특별시","동작구","노량진동","중국집","5"
"20180112","금","남","50대","서울특별시","동작구","노량진동","중국집","5"
"20180112","금","남","50대","서울특별시","동작구","본동","중국집","5"
"20180112","금","남","30대","서울특별시","동작구","신대방동","중국집","113"
"20180112","금","남","50대","서울특별시","동작구","상도동","중국집","5"
"20180112","금","남","50대","서울특별시","동작구","신대방동","중국집","64"
"20180112","금","남","40대","서울특별시","동작구","노량진동","중국집","5"
"20180112","금","남","10대","서울특별시","동작구","신대방동","중국집","17"
"20180112","금","남","30대","서울특별시","동작구","대방동","중국집","5"
"20180112","금","남","50대","서울특별시","동작구","흑석동","중국집","5"
"20180112","금","남","60대이상","서울특별시","동작구","본동","중국집","5"
"20180112","금","남","60대이상","서울특별시","동작구","사당동","중국집","5"
"20180112","금","남","60대이상","서울특별시","동작구","상도동","중국집","5"
"20180112","금","남","60대이상","서울특별시","동작구","신대방동","중국집","41"
"20180112","금","남","20대","서울특별시","동작구","상도동","중국집","6"
"20180112","금","여","10대","서울특별시","동작구","사당동","중국집","5"
"20180112","금","여","10대","서울특별시","동작구","신대방동","중국집","5"
"20180112","금","여","20대","서울특별시","동작구","노량진동","중국집","5"
"20180112","금","여","20대","서울특별시","동작구","본동","중국집","5"
"20180112","금","여","20대","서울특별시","동작구","사당동","중국집","5"
"20180112","금","여","20대","서울특별시","동작구","상도동","중국집","5"
"20180112","금","여","20대","서울특별시","동작구","신대방동","중국집","36"
"20180112","금","여","30대","서울특별시","동작구","대방동","중국집","5"
"20180112","금","여","30대","서울특별시","동작구","사당동","중국집","5"
"20180112","금","남","50대","서울특별시","동작구","사당동","중국집","5"
"20180112","금","남","10대","서울특별시","동작구","사당동","중국집","5"
"20180112","금","여","30대","서울특별시","동작구","상도동","중국집","5"
"20180112","금","여","40대","서울특별시","동작구","노량진동","중국집","5"
"20180112","금","여","40대","서울특별시","동작구","사당동","중국집","5"
"20180112","금","여","30대","서울특별시","동작구","신대방동","중국집","95"
"20180112","금","여","40대","서울특별시","동작구","상도동","중국집","5"
"20180112","금","여","40대","서울특별시","동작구","신대방동","중국집","115"
"20180112","금","여","50대","서울특별시","동작구","노량진동","중국집","5"
"20180112","금","여","50대","서울특별시","동작구","본동","중국집","5"
"20180112","금","여","50대","서울특별시","동작구","사당동","중국집","5"
"20180112","금","여","50대","서울특별시","동작구","신대방동","중국집","57"
"20180112","금","여","30대","서울특별시","동작구","노량진동","중국집","5"
"20180112","금","여","60대이상","서울특별시","동작구","노량진동","중국집","5"
"20180112","금","여","60대이상","서울특별시","동작구","신대방동","중국집","45"
"20180112","금","여","60대이상","서울특별시","동작구","상도동","중국집","5"
"20180112","금","남","10대","서울특별시","마포구","마포동","중국집","5"
"20180112","금","남","10대","서울특별시","마포구","신공덕동","중국집","5"
"20180112","금","남","10대","서울특별시","마포구","아현동","중국집","5"
"20180112","금","남","10대","서울특별시","마포구","합정동","중국집","5"
"20180112","금","남","20대","서울특별시","마포구","신수동","중국집","5"
"20180112","금","남","20대","서울특별시","마포구","염리동","중국집","5"
"20180112","금","남","20대","서울특별시","마포구","상수동","중국집","5"
"20180112","금","남","20대","서울특별시","마포구","합정동","중국집","17"
"20180112","금","남","30대","서울특별시","마포구","공덕동","중국집","5"
"20180112","금","남","30대","서울특별시","마포구","망원동","중국집","5"
"20180112","금","남","30대","서울특별시","마포구","상암동","중국집","22"
"20180112","금","남","30대","서울특별시","마포구","아현동","중국집","5"
"20180112","금","남","30대","서울특별시","마포구","염리동","중국집","5"
"20180112","금","남","30대","서울특별시","마포구","창전동","중국집","5"
"20180112","금","남","30대","서울특별시","마포구","합정동","중국집","18"
"20180112","금","남","40대","서울특별시","마포구","대흥동","중국집","5"
"20180112","금","남","40대","서울특별시","마포구","상암동","중국집","29"
"20180112","금","남","40대","서울특별시","마포구","창전동","중국집","5"
"20180112","금","남","50대","서울특별시","마포구","상암동","중국집","20"
"20180112","금","남","50대","서울특별시","마포구","창전동","중국집","5"
"20180112","금","남","60대이상","서울특별시","마포구","마포동","중국집","5"
"20180112","금","남","60대이상","서울특별시","마포구","합정동","중국집","11"
"20180112","금","여","10대","서울특별시","마포구","합정동","중국집","5"
"20180112","금","여","20대","서울특별시","마포구","대흥동","중국집","5"
"20180112","금","여","20대","서울특별시","마포구","망원동","중국집","5"
"20180112","금","여","20대","서울특별시","마포구","합정동","중국집","5"
"20180112","금","여","30대","서울특별시","마포구","공덕동","중국집","5"
"20180112","금","남","10대","서울특별시","마포구","대흥동","중국집","5"
"20180112","금","여","30대","서울특별시","마포구","대흥동","중국집","5"
"20180112","금","여","10대","서울특별시","마포구","상암동","중국집","5"
"20180112","금","남","30대","서울특별시","마포구","마포동","중국집","5"
"20180112","금","여","30대","서울특별시","마포구","상수동","중국집","5"
"20180112","금","여","30대","서울특별시","마포구","상암동","중국집","18"
"20180112","금","여","30대","서울특별시","마포구","신수동","중국집","5"
"20180112","금","여","30대","서울특별시","마포구","창전동","중국집","5"
"20180112","금","여","20대","서울특별시","마포구","상암동","중국집","9"
"20180112","금","여","30대","서울특별시","마포구","합정동","중국집","12"
"20180112","금","남","40대","서울특별시","마포구","마포동","중국집","5"
"20180112","금","남","40대","서울특별시","마포구","신공덕동","중국집","5"
"20180112","금","남","50대","서울특별시","마포구","아현동","중국집","5"
"20180112","금","여","40대","서울특별시","마포구","대흥동","중국집","6"
"20180112","금","여","40대","서울특별시","마포구","창전동","중국집","5"
"20180112","금","남","20대","서울특별시","마포구","상암동","중국집","12"
"20180112","금","여","40대","서울특별시","마포구","합정동","중국집","13"
"20180112","금","여","20대","서울특별시","마포구","신공덕동","중국집","5"
"20180112","금","여","20대","서울특별시","마포구","염리동","중국집","5"
"20180112","금","여","50대","서울특별시","마포구","마포동","중국집","5"
"20180112","금","여","50대","서울특별시","마포구","상암동","중국집","18"
"20180112","금","여","50대","서울특별시","마포구","창전동","중국집","5"
"20180112","금","남","50대","서울특별시","마포구","합정동","중국집","10"
"20180112","금","여","60대이상","서울특별시","마포구","공덕동","중국집","5"
"20180112","금","여","40대","서울특별시","마포구","염리동","중국집","5"
"20180112","금","여","20대","서울특별시","마포구","마포동","중국집","5"
"20180112","금","남","20대","서울특별시","마포구","대흥동","중국집","5"
"20180112","금","남","40대","서울특별시","마포구","신수동","중국집","5"
"20180112","금","여","60대이상","서울특별시","마포구","대흥동","중국집","5"
"20180112","금","여","40대","서울특별시","마포구","상암동","중국집","36"
"20180112","금","남","30대","서울특별시","마포구","신수동","중국집","5"
"20180112","금","남","50대","서울특별시","마포구","대흥동","중국집","5"
"20180112","금","여","60대이상","서울특별시","마포구","상암동","중국집","6"
"20180112","금","남","40대","서울특별시","마포구","합정동","중국집","29"
"20180112","금","여","30대","서울특별시","마포구","망원동","중국집","5"
"20180112","금","남","30대","서울특별시","마포구","대흥동","중국집","5"
"20180112","금","여","60대이상","서울특별시","마포구","신수동","중국집","5"
"20180112","금","남","60대이상","서울특별시","마포구","상암동","중국집","5"
"20180112","금","여","40대","서울특별시","마포구","마포동","중국집","5"
"20180112","금","여","60대이상","서울특별시","마포구","염리동","중국집","5"
"20180112","금","남","50대","서울특별시","마포구","노고산동","중국집","5"
"20180112","금","여","60대이상","서울특별시","마포구","합정동","중국집","5"
"20180112","금","남","10대","서울특별시","마포구","상암동","중국집","5"
"20180112","금","남","50대","서울특별시","마포구","염리동","중국집","5"
"20180112","금","남","20대","서울특별시","서대문구","연희동","중국집","48"
"20180112","금","남","20대","서울특별시","서대문구","창천동","중국집","16"
"20180112","금","남","20대","서울특별시","서대문구","홍제동","중국집","30"
"20180112","금","남","30대","서울특별시","서대문구","창천동","중국집","30"
"20180112","금","남","40대","서울특별시","서대문구","연희동","중국집","52"
"20180112","금","남","40대","서울특별시","서대문구","홍은동","중국집","5"
"20180112","금","남","10대","서울특별시","서대문구","연희동","중국집","5"
"20180112","금","남","40대","서울특별시","서대문구","홍제동","중국집","31"
"20180112","금","남","20대","서울특별시","서대문구","남가좌동","중국집","5"
"20180112","금","남","50대","서울특별시","서대문구","남가좌동","중국집","5"
"20180112","금","남","50대","서울특별시","서대문구","연희동","중국집","39"
"20180112","금","남","50대","서울특별시","서대문구","창천동","중국집","26"
"20180112","금","남","50대","서울특별시","서대문구","홍은동","중국집","5"
"20180112","금","남","60대이상","서울특별시","서대문구","남가좌동","중국집","5"
"20180112","금","남","10대","서울특별시","서대문구","홍은동","중국집","5"
"20180112","금","남","60대이상","서울특별시","서대문구","연희동","중국집","21"
"20180112","금","여","10대","서울특별시","서대문구","북아현동","중국집","5"
"20180112","금","여","10대","서울특별시","서대문구","연희동","중국집","5"
"20180112","금","여","10대","서울특별시","서대문구","창천동","중국집","5"
"20180112","금","남","60대이상","서울특별시","서대문구","북아현동","중국집","5"
"20180112","금","여","10대","서울특별시","서대문구","홍제동","중국집","5"
"20180112","금","남","40대","서울특별시","서대문구","창천동","중국집","34"
"20180112","금","남","30대","서울특별시","서대문구","연희동","중국집","40"
"20180112","금","여","20대","서울특별시","서대문구","북아현동","중국집","5"
"20180112","금","남","30대","서울특별시","서대문구","북가좌동","중국집","5"
"20180112","금","여","20대","서울특별시","서대문구","연희동","중국집","38"
"20180112","금","남","30대","서울특별시","서대문구","홍은동","중국집","5"
"20180112","금","여","20대","서울특별시","서대문구","충정로3가","중국집","5"
"20180112","금","여","20대","서울특별시","서대문구","홍제동","중국집","19"
"20180112","금","여","20대","서울특별시","서대문구","북가좌동","중국집","5"
"20180112","금","여","30대","서울특별시","서대문구","남가좌동","중국집","5"
"20180112","금","여","30대","서울특별시","서대문구","북아현동","중국집","5"
"20180112","금","여","30대","서울특별시","서대문구","홍제동","중국집","23"
"20180112","금","여","30대","서울특별시","서대문구","창천동","중국집","22"
"20180112","금","여","40대","서울특별시","서대문구","남가좌동","중국집","5"
"20180112","금","여","40대","서울특별시","서대문구","북아현동","중국집","5"
"20180112","금","여","40대","서울특별시","서대문구","연희동","중국집","53"
"20180112","금","여","40대","서울특별시","서대문구","북가좌동","중국집","5"
"20180112","금","여","40대","서울특별시","서대문구","창천동","중국집","29"
"20180112","금","남","50대","서울특별시","서대문구","북아현동","중국집","5"
"20180112","금","남","10대","서울특별시","서대문구","홍제동","중국집","5"
"20180112","금","여","40대","서울특별시","서대문구","홍제동","중국집","43"
"20180112","금","여","50대","서울특별시","서대문구","북아현동","중국집","5"
"20180112","금","여","30대","서울특별시","서대문구","충정로3가","중국집","5"
"20180112","금","남","20대","서울특별시","서대문구","충정로3가","중국집","5"
"20180112","금","여","30대","서울특별시","서대문구","연희동","중국집","46"
"20180112","금","여","40대","서울특별시","서대문구","홍은동","중국집","5"
"20180112","금","여","50대","서울특별시","서대문구","연희동","중국집","34"
"20180112","금","여","20대","서울특별시","서대문구","창천동","중국집","8"
"20180112","금","여","50대","서울특별시","서대문구","창천동","중국집","19"
"20180112","금","여","30대","서울특별시","서대문구","북가좌동","중국집","5"
"20180112","금","남","20대","서울특별시","서대문구","홍은동","중국집","5"
"20180112","금","여","50대","서울특별시","서대문구","충정로3가","중국집","5"
"20180112","금","여","40대","서울특별시","서대문구","충정로3가","중국집","5"
"20180112","금","여","50대","서울특별시","서대문구","합동","중국집","5"
"20180112","금","남","50대","서울특별시","서대문구","홍제동","중국집","16"
"20180112","금","여","50대","서울특별시","서대문구","홍제동","중국집","18"
"20180112","금","남","30대","서울특별시","서대문구","홍제동","중국집","24"
"20180112","금","남","60대이상","서울특별시","서대문구","창천동","중국집","12"
"20180112","금","여","60대이상","서울특별시","서대문구","남가좌동","중국집","5"
"20180112","금","여","60대이상","서울특별시","서대문구","북가좌동","중국집","5"
"20180112","금","여","60대이상","서울특별시","서대문구","연희동","중국집","20"
"20180112","금","여","60대이상","서울특별시","서대문구","창천동","중국집","8"
"20180112","금","남","10대","서울특별시","서대문구","창천동","중국집","5"
"20180112","금","여","60대이상","서울특별시","서대문구","충정로3가","중국집","5"
"20180112","금","남","60대이상","서울특별시","서대문구","홍제동","중국집","24"
"20180112","금","여","60대이상","서울특별시","서대문구","홍제동","중국집","12"
"20180112","금","남","10대","서울특별시","서초구","서초동","중국집","5"
"20180112","금","남","30대","서울특별시","서초구","내곡동","중국집","5"
"20180112","금","남","30대","서울특별시","서초구","반포동","중국집","10"
"20180112","금","남","40대","서울특별시","서초구","내곡동","중국집","5"
"20180112","금","남","40대","서울특별시","서초구","방배동","중국집","64"
"20180112","금","남","40대","서울특별시","서초구","서초동","중국집","12"
"20180112","금","남","50대","서울특별시","서초구","반포동","중국집","8"
"20180112","금","남","50대","서울특별시","서초구","방배동","중국집","53"
"20180112","금","남","50대","서울특별시","서초구","양재동","중국집","37"
"20180112","금","남","60대이상","서울특별시","서초구","반포동","중국집","13"
"20180112","금","남","60대이상","서울특별시","서초구","방배동","중국집","44"
"20180112","금","남","60대이상","서울특별시","서초구","양재동","중국집","31"
"20180112","금","여","10대","서울특별시","서초구","반포동","중국집","5"
"20180112","금","여","10대","서울특별시","서초구","방배동","중국집","7"
"20180112","금","남","50대","서울특별시","서초구","서초동","중국집","8"
"20180112","금","여","20대","서울특별시","서초구","반포동","중국집","5"
"20180112","금","남","10대","서울특별시","서초구","방배동","중국집","12"
"20180112","금","여","20대","서울특별시","서초구","양재동","중국집","16"
"20180112","금","남","10대","서울특별시","서초구","양재동","중국집","7"
"20180112","금","남","40대","서울특별시","서초구","반포동","중국집","18"
"20180112","금","여","30대","서울특별시","서초구","반포동","중국집","14"
"20180112","금","여","30대","서울특별시","서초구","방배동","중국집","76"
"20180112","금","남","20대","서울특별시","서초구","양재동","중국집","28"
"20180112","금","남","40대","서울특별시","서초구","양재동","중국집","35"
"20180112","금","여","30대","서울특별시","서초구","서초동","중국집","5"
"20180112","금","여","20대","서울특별시","서초구","방배동","중국집","24"
"20180112","금","여","30대","서울특별시","서초구","양재동","중국집","39"
"20180112","금","남","30대","서울특별시","서초구","방배동","중국집","53"
"20180112","금","여","30대","서울특별시","서초구","잠원동","중국집","5"
"20180112","금","남","60대이상","서울특별시","서초구","서초동","중국집","5"
"20180112","금","여","40대","서울특별시","서초구","반포동","중국집","31"
"20180112","금","여","40대","서울특별시","서초구","방배동","중국집","91"
"20180112","금","여","40대","서울특별시","서초구","양재동","중국집","48"
"20180112","금","남","50대","서울특별시","서초구","내곡동","중국집","5"
"20180112","금","남","10대","서울특별시","서초구","반포동","중국집","5"
"20180112","금","여","40대","서울특별시","서초구","잠원동","중국집","5"
"20180112","금","여","50대","서울특별시","서초구","반포동","중국집","14"
"20180112","금","여","50대","서울특별시","서초구","방배동","중국집","45"
"20180112","금","남","20대","서울특별시","서초구","방배동","중국집","26"
"20180112","금","여","50대","서울특별시","서초구","서초동","중국집","5"
"20180112","금","남","30대","서울특별시","서초구","서초동","중국집","18"
"20180112","금","여","50대","서울특별시","서초구","양재동","중국집","20"
"20180112","금","여","40대","서울특별시","서초구","서초동","중국집","18"
"20180112","금","여","60대이상","서울특별시","서초구","내곡동","중국집","5"
"20180112","금","여","10대","서울특별시","서초구","양재동","중국집","5"
"20180112","금","여","60대이상","서울특별시","서초구","방배동","중국집","37"
"20180112","금","남","20대","서울특별시","서초구","반포동","중국집","5"
"20180112","금","남","30대","서울특별시","서초구","양재동","중국집","49"
"20180112","금","여","60대이상","서울특별시","서초구","서초동","중국집","5"
"20180112","금","여","50대","서울특별시","서초구","내곡동","중국집","5"
"20180112","금","여","60대이상","서울특별시","서초구","반포동","중국집","5"
"20180112","금","여","60대이상","서울특별시","서초구","양재동","중국집","8"
"20180112","금","남","20대","서울특별시","서초구","서초동","중국집","8"
"20180112","금","여","20대","서울특별시","서초구","서초동","중국집","8"
"20180112","금","남","10대","서울특별시","성동구","성수동2가","중국집","14"
"20180112","금","남","10대","서울특별시","성동구","옥수동","중국집","5"
"20180112","금","남","20대","서울특별시","성동구","성수동2가","중국집","54"
"20180112","금","남","20대","서울특별시","성동구","옥수동","중국집","27"
"20180112","금","남","30대","서울특별시","성동구","성수동2가","중국집","100"
"20180112","금","남","30대","서울특별시","성동구","옥수동","중국집","16"
"20180112","금","남","50대","서울특별시","성동구","성수동2가","중국집","73"
"20180112","금","남","50대","서울특별시","성동구","옥수동","중국집","19"
"20180112","금","남","60대이상","서울특별시","성동구","옥수동","중국집","10"
"20180112","금","여","10대","서울특별시","성동구","성수동2가","중국집","6"
"20180112","금","여","10대","서울특별시","성동구","옥수동","중국집","5"
"20180112","금","남","40대","서울특별시","성동구","옥수동","중국집","22"
"20180112","금","여","20대","서울특별시","성동구","성수동2가","중국집","28"
"20180112","금","여","20대","서울특별시","성동구","옥수동","중국집","5"
"20180112","금","여","30대","서울특별시","성동구","성수동1가","중국집","5"
"20180112","금","여","30대","서울특별시","성동구","성수동2가","중국집","77"
"20180112","금","여","30대","서울특별시","성동구","옥수동","중국집","20"
"20180112","금","남","60대이상","서울특별시","성동구","성수동2가","중국집","37"
"20180112","금","여","40대","서울특별시","성동구","성수동2가","중국집","98"
"20180112","금","여","40대","서울특별시","성동구","옥수동","중국집","20"
"20180112","금","여","50대","서울특별시","성동구","성수동2가","중국집","39"
"20180112","금","여","50대","서울특별시","성동구","옥수동","중국집","13"
"20180112","금","남","40대","서울특별시","성동구","성수동2가","중국집","88"
"20180112","금","여","60대이상","서울특별시","성동구","성수동2가","중국집","34"
"20180112","금","여","60대이상","서울특별시","성동구","옥수동","중국집","10"
"20180112","금","남","10대","서울특별시","성북구","동선동2가","중국집","5"
"20180112","금","남","10대","서울특별시","성북구","하월곡동","중국집","5"
"20180112","금","남","20대","서울특별시","성북구","정릉동","중국집","5"
"20180112","금","남","20대","서울특별시","성북구","종암동","중국집","5"
"20180112","금","남","30대","서울특별시","성북구","삼선동5가","중국집","5"
"20180112","금","남","30대","서울특별시","성북구","종암동","중국집","5"
"20180112","금","남","30대","서울특별시","성북구","하월곡동","중국집","5"
"20180112","금","남","40대","서울특별시","성북구","길음동","중국집","5"
"20180112","금","남","40대","서울특별시","성북구","동선동2가","중국집","66"
"20180112","금","남","40대","서울특별시","성북구","삼선동5가","중국집","5"
"20180112","금","남","40대","서울특별시","성북구","성북동","중국집","5"
"20180112","금","남","40대","서울특별시","성북구","종암동","중국집","5"
"20180112","금","남","50대","서울특별시","성북구","동선동2가","중국집","53"
"20180112","금","남","50대","서울특별시","성북구","성북동","중국집","5"
"20180112","금","남","10대","서울특별시","성북구","정릉동","중국집","5"
"20180112","금","남","50대","서울특별시","성북구","정릉동","중국집","5"
"20180112","금","남","50대","서울특별시","성북구","종암동","중국집","5"
"20180112","금","남","50대","서울특별시","성북구","하월곡동","중국집","5"
"20180112","금","남","60대이상","서울특별시","성북구","길음동","중국집","5"
"20180112","금","남","60대이상","서울특별시","성북구","동선동2가","중국집","29"
"20180112","금","남","60대이상","서울특별시","성북구","상월곡동","중국집","5"
"20180112","금","남","60대이상","서울특별시","성북구","정릉동","중국집","5"
"20180112","금","여","10대","서울특별시","성북구","길음동","중국집","5"
"20180112","금","여","10대","서울특별시","성북구","동선동2가","중국집","5"
"20180112","금","여","10대","서울특별시","성북구","하월곡동","중국집","5"
"20180112","금","여","20대","서울특별시","성북구","동선동2가","중국집","11"
"20180112","금","여","20대","서울특별시","성북구","정릉동","중국집","5"
"20180112","금","여","20대","서울특별시","성북구","하월곡동","중국집","5"
"20180112","금","여","30대","서울특별시","성북구","동선동2가","중국집","29"
"20180112","금","여","30대","서울특별시","성북구","정릉동","중국집","5"
"20180112","금","남","20대","서울특별시","성북구","하월곡동","중국집","5"
"20180112","금","남","50대","서울특별시","성북구","삼선동5가","중국집","5"
"20180112","금","여","40대","서울특별시","성북구","동선동2가","중국집","47"
"20180112","금","여","40대","서울특별시","성북구","종암동","중국집","5"
"20180112","금","남","30대","서울특별시","성북구","동선동2가","중국집","47"
"20180112","금","여","40대","서울특별시","성북구","하월곡동","중국집","5"
"20180112","금","여","50대","서울특별시","성북구","동선동2가","중국집","34"
"20180112","금","여","40대","서울특별시","성북구","삼선동5가","중국집","5"
"20180112","금","남","20대","서울특별시","성북구","동선동2가","중국집","21"
"20180112","금","여","50대","서울특별시","성북구","정릉동","중국집","5"
"20180112","금","여","50대","서울특별시","성북구","종암동","중국집","5"
"20180112","금","여","60대이상","서울특별시","성북구","길음동","중국집","5"
"20180112","금","여","20대","서울특별시","성북구","삼선동5가","중국집","5"
"20180112","금","여","60대이상","서울특별시","성북구","동선동2가","중국집","24"
"20180112","금","여","60대이상","서울특별시","성북구","삼선동5가","중국집","5"
"20180112","금","여","60대이상","서울특별시","성북구","성북동","중국집","5"
"20180112","금","남","40대","서울특별시","성북구","하월곡동","중국집","5"
"20180112","금","여","30대","서울특별시","성북구","종암동","중국집","5"
"20180112","금","여","60대이상","서울특별시","성북구","종암동","중국집","5"
"20180112","금","여","30대","서울특별시","성북구","삼선동5가","중국집","5"
"20180112","금","남","30대","서울특별시","성북구","정릉동","중국집","5"
"20180112","금","여","60대이상","서울특별시","성북구","하월곡동","중국집","5"
"20180112","금","여","50대","서울특별시","성북구","하월곡동","중국집","5"
"20180112","금","남","10대","서울특별시","송파구","송파동","중국집","15"
"20180112","금","남","10대","서울특별시","송파구","풍납동","중국집","5"
"20180112","금","남","20대","서울특별시","송파구","송파동","중국집","48"
"20180112","금","남","20대","서울특별시","송파구","풍납동","중국집","5"
"20180112","금","남","30대","서울특별시","송파구","가락동","중국집","21"
"20180112","금","남","30대","서울특별시","송파구","풍납동","중국집","5"
"20180112","금","남","10대","서울특별시","송파구","가락동","중국집","5"
"20180112","금","남","40대","서울특별시","송파구","가락동","중국집","7"
"20180112","금","남","10대","서울특별시","송파구","방이동","중국집","5"
"20180112","금","남","40대","서울특별시","송파구","송파동","중국집","81"
"20180112","금","남","50대","서울특별시","송파구","가락동","중국집","9"
"20180112","금","남","50대","서울특별시","송파구","마천동","중국집","5"
"20180112","금","남","50대","서울특별시","송파구","송파동","중국집","37"
"20180112","금","남","60대이상","서울특별시","송파구","가락동","중국집","11"
"20180112","금","남","60대이상","서울특별시","송파구","방이동","중국집","5"
"20180112","금","남","60대이상","서울특별시","송파구","송파동","중국집","44"
"20180112","금","여","10대","서울특별시","송파구","가락동","중국집","5"
"20180112","금","여","10대","서울특별시","송파구","송파동","중국집","9"
"20180112","금","여","10대","서울특별시","송파구","풍납동","중국집","5"
"20180112","금","여","20대","서울특별시","송파구","송파동","중국집","31"
"20180112","금","남","40대","서울특별시","송파구","풍납동","중국집","5"
"20180112","금","여","30대","서울특별시","송파구","가락동","중국집","7"
"20180112","금","여","30대","서울특별시","송파구","마천동","중국집","5"
"20180112","금","여","30대","서울특별시","송파구","잠실동","중국집","5"
"20180112","금","여","30대","서울특별시","송파구","풍납동","중국집","5"
"20180112","금","남","20대","서울특별시","송파구","가락동","중국집","9"
"20180112","금","여","40대","서울특별시","송파구","가락동","중국집","18"
"20180112","금","남","30대","서울특별시","송파구","송파동","중국집","89"
"20180112","금","여","40대","서울특별시","송파구","마천동","중국집","5"
"20180112","금","여","40대","서울특별시","송파구","잠실동","중국집","5"
"20180112","금","여","50대","서울특별시","송파구","가락동","중국집","8"
"20180112","금","여","50대","서울특별시","송파구","마천동","중국집","5"
"20180112","금","여","50대","서울특별시","송파구","송파동","중국집","53"
"20180112","금","여","50대","서울특별시","송파구","풍납동","중국집","5"
"20180112","금","여","60대이상","서울특별시","송파구","가락동","중국집","5"
"20180112","금","여","40대","서울특별시","송파구","풍납동","중국집","5"
"20180112","금","여","40대","서울특별시","송파구","방이동","중국집","5"
"20180112","금","여","40대","서울특별시","송파구","송파동","중국집","105"
"20180112","금","여","60대이상","서울특별시","송파구","마천동","중국집","5"
"20180112","금","여","20대","서울특별시","송파구","가락동","중국집","6"
"20180112","금","여","50대","서울특별시","송파구","방이동","중국집","5"
"20180112","금","여","60대이상","서울특별시","송파구","송파동","중국집","24"
"20180112","금","여","30대","서울특별시","송파구","송파동","중국집","70"
"20180112","금","남","10대","서울특별시","양천구","신월동","중국집","5"
"20180112","금","남","20대","서울특별시","양천구","목동","중국집","5"
"20180112","금","남","20대","서울특별시","양천구","신월동","중국집","5"
"20180112","금","남","30대","서울특별시","양천구","신정동","중국집","13"
"20180112","금","남","40대","서울특별시","양천구","목동","중국집","5"
"20180112","금","남","40대","서울특별시","양천구","신월동","중국집","7"
"20180112","금","남","50대","서울특별시","양천구","목동","중국집","5"
"20180112","금","남","50대","서울특별시","양천구","신월동","중국집","5"
"20180112","금","남","50대","서울특별시","양천구","신정동","중국집","5"
"20180112","금","남","60대이상","서울특별시","양천구","목동","중국집","5"
"20180112","금","남","60대이상","서울특별시","양천구","신월동","중국집","5"
"20180112","금","남","60대이상","서울특별시","양천구","신정동","중국집","7"
"20180112","금","여","10대","서울특별시","양천구","신월동","중국집","5"
"20180112","금","남","40대","서울특별시","양천구","신정동","중국집","10"
"20180112","금","여","10대","서울특별시","양천구","신정동","중국집","5"
"20180112","금","여","20대","서울특별시","양천구","목동","중국집","5"
"20180112","금","여","30대","서울특별시","양천구","신월동","중국집","5"
"20180112","금","남","10대","서울특별시","양천구","신정동","중국집","5"
"20180112","금","남","20대","서울특별시","양천구","신정동","중국집","11"
"20180112","금","여","30대","서울특별시","양천구","신정동","중국집","9"
"20180112","금","여","40대","서울특별시","양천구","신월동","중국집","7"
"20180112","금","여","40대","서울특별시","양천구","신정동","중국집","27"
"20180112","금","여","20대","서울특별시","양천구","신정동","중국집","6"
"20180112","금","여","50대","서울특별시","양천구","목동","중국집","5"
"20180112","금","여","40대","서울특별시","양천구","목동","중국집","6"
"20180112","금","여","50대","서울특별시","양천구","신정동","중국집","7"
"20180112","금","여","60대이상","서울특별시","양천구","목동","중국집","5"
"20180112","금","남","30대","서울특별시","양천구","신월동","중국집","5"
"20180112","금","여","60대이상","서울특별시","양천구","신월동","중국집","5"
"20180112","금","여","50대","서울특별시","양천구","신월동","중국집","5"
"20180112","금","여","60대이상","서울특별시","양천구","신정동","중국집","6"
"20180112","금","남","30대","서울특별시","양천구","목동","중국집","5"
"20180112","금","남","10대","서울특별시","영등포구","문래동3가","중국집","5"
"20180112","금","남","20대","서울특별시","영등포구","문래동3가","중국집","18"
"20180112","금","남","20대","서울특별시","영등포구","여의도동","중국집","18"
"20180112","금","남","20대","서울특별시","영등포구","영등포동7가","중국집","5"
"20180112","금","남","30대","서울특별시","영등포구","문래동2가","중국집","16"
"20180112","금","남","30대","서울특별시","영등포구","문래동3가","중국집","26"
"20180112","금","남","10대","서울특별시","영등포구","여의도동","중국집","5"
"20180112","금","남","30대","서울특별시","영등포구","영등포동1가","중국집","8"
"20180112","금","남","40대","서울특별시","영등포구","영등포동7가","중국집","5"
"20180112","금","남","50대","서울특별시","영등포구","문래동2가","중국집","15"
"20180112","금","남","50대","서울특별시","영등포구","문래동3가","중국집","24"
"20180112","금","남","50대","서울특별시","영등포구","여의도동","중국집","23"
"20180112","금","남","60대이상","서울특별시","영등포구","문래동3가","중국집","23"
"20180112","금","남","60대이상","서울특별시","영등포구","신길동","중국집","5"
"20180112","금","남","30대","서울특별시","영등포구","여의도동","중국집","42"
"20180112","금","남","60대이상","서울특별시","영등포구","여의도동","중국집","10"
"20180112","금","여","10대","서울특별시","영등포구","대림동","중국집","5"
"20180112","금","여","10대","서울특별시","영등포구","여의도동","중국집","5"
"20180112","금","여","20대","서울특별시","영등포구","대림동","중국집","5"
"20180112","금","여","20대","서울특별시","영등포구","문래동2가","중국집","9"
"20180112","금","여","20대","서울특별시","영등포구","영등포동8가","중국집","5"
"20180112","금","남","20대","서울특별시","영등포구","신길동","중국집","5"
"20180112","금","여","30대","서울특별시","영등포구","문래동2가","중국집","15"
"20180112","금","여","30대","서울특별시","영등포구","문래동3가","중국집","20"
"20180112","금","여","20대","서울특별시","영등포구","영등포동7가","중국집","5"
"20180112","금","남","40대","서울특별시","영등포구","여의도동","중국집","31"
"20180112","금","여","30대","서울특별시","영등포구","신길동","중국집","5"
"20180112","금","남","60대이상","서울특별시","영등포구","영등포동7가","중국집","5"
"20180112","금","여","30대","서울특별시","영등포구","여의도동","중국집","21"
"20180112","금","남","40대","서울특별시","영등포구","문래동3가","중국집","26"
"20180112","금","여","30대","서울특별시","영등포구","영등포동1가","중국집","5"
"20180112","금","여","40대","서울특별시","영등포구","당산동6가","중국집","5"
"20180112","금","남","50대","서울특별시","영등포구","당산동6가","중국집","5"
"20180112","금","남","20대","서울특별시","영등포구","대림동","중국집","5"
"20180112","금","남","50대","서울특별시","영등포구","영등포동1가","중국집","5"
"20180112","금","여","40대","서울특별시","영등포구","문래동2가","중국집","27"
"20180112","금","여","30대","서울특별시","영등포구","대림동","중국집","5"
"20180112","금","남","60대이상","서울특별시","영등포구","대림동","중국집","5"
"20180112","금","여","40대","서울특별시","영등포구","여의도동","중국집","19"
"20180112","금","남","30대","서울특별시","영등포구","대림동","중국집","5"
"20180112","금","여","40대","서울특별시","영등포구","영등포동7가","중국집","5"
"20180112","금","여","50대","서울특별시","영등포구","대림동","중국집","5"
"20180112","금","여","50대","서울특별시","영등포구","문래동2가","중국집","12"
"20180112","금","여","50대","서울특별시","영등포구","여의도동","중국집","15"
"20180112","금","남","10대","서울특별시","영등포구","당산동6가","중국집","5"
"20180112","금","여","50대","서울특별시","영등포구","문래동3가","중국집","12"
"20180112","금","여","20대","서울특별시","영등포구","신길동","중국집","5"
"20180112","금","여","50대","서울특별시","영등포구","영등포동1가","중국집","5"
"20180112","금","여","40대","서울특별시","영등포구","영등포동1가","중국집","9"
"20180112","금","남","40대","서울특별시","영등포구","영등포동1가","중국집","7"
"20180112","금","남","50대","서울특별시","영등포구","신길동","중국집","5"
"20180112","금","여","10대","서울특별시","영등포구","문래동3가","중국집","5"
"20180112","금","여","50대","서울특별시","영등포구","영등포동7가","중국집","5"
"20180112","금","여","50대","서울특별시","영등포구","영등포동8가","중국집","5"
"20180112","금","여","20대","서울특별시","영등포구","여의도동","중국집","17"
"20180112","금","남","60대이상","서울특별시","영등포구","영등포동1가","중국집","5"
"20180112","금","남","30대","서울특별시","영등포구","신길동","중국집","5"
"20180112","금","남","40대","서울특별시","영등포구","문래동2가","중국집","26"
"20180112","금","여","60대이상","서울특별시","영등포구","대림동","중국집","5"
"20180112","금","여","20대","서울특별시","영등포구","영등포동1가","중국집","5"
"20180112","금","남","60대이상","서울특별시","영등포구","문래동2가","중국집","5"
"20180112","금","여","20대","서울특별시","영등포구","문래동3가","중국집","11"
"20180112","금","여","60대이상","서울특별시","영등포구","문래동2가","중국집","16"
"20180112","금","여","10대","서울특별시","영등포구","문래동2가","중국집","5"
"20180112","금","남","20대","서울특별시","영등포구","영등포동1가","중국집","5"
"20180112","금","남","40대","서울특별시","영등포구","대림동","중국집","5"
"20180112","금","남","20대","서울특별시","영등포구","문래동2가","중국집","15"
"20180112","금","여","60대이상","서울특별시","영등포구","문래동3가","중국집","13"
"20180112","금","남","10대","서울특별시","영등포구","문래동2가","중국집","6"
"20180112","금","여","30대","서울특별시","영등포구","영등포동8가","중국집","5"
"20180112","금","여","60대이상","서울특별시","영등포구","신길동","중국집","5"
"20180112","금","여","60대이상","서울특별시","영등포구","여의도동","중국집","18"
"20180112","금","여","60대이상","서울특별시","영등포구","영등포동1가","중국집","5"
"20180112","금","여","40대","서울특별시","영등포구","신길동","중국집","5"
"20180112","금","남","20대","서울특별시","영등포구","영등포동8가","중국집","5"
"20180112","금","여","40대","서울특별시","영등포구","대림동","중국집","5"
"20180112","금","여","40대","서울특별시","영등포구","문래동3가","중국집","36"
"20180112","금","남","20대","서울특별시","용산구","원효로4가","중국집","5"
"20180112","금","남","20대","서울특별시","용산구","한남동","중국집","5"
"20180112","금","남","20대","서울특별시","용산구","이태원동","중국집","5"
"20180112","금","남","20대","서울특별시","용산구","후암동","중국집","9"
"20180112","금","남","30대","서울특별시","용산구","한강로3가","중국집","40"
"20180112","금","남","40대","서울특별시","용산구","도원동","중국집","5"
"20180112","금","남","40대","서울특별시","용산구","동자동","중국집","5"
"20180112","금","남","40대","서울특별시","용산구","원효로4가","중국집","5"
"20180112","금","남","40대","서울특별시","용산구","이촌동","중국집","5"
"20180112","금","남","40대","서울특별시","용산구","이태원동","중국집","5"
"20180112","금","남","40대","서울특별시","용산구","한남동","중국집","5"
"20180112","금","남","30대","서울특별시","용산구","이태원동","중국집","5"
"20180112","금","남","40대","서울특별시","용산구","효창동","중국집","5"
"20180112","금","남","50대","서울특별시","용산구","보광동","중국집","5"
"20180112","금","남","50대","서울특별시","용산구","이태원동","중국집","7"
"20180112","금","남","50대","서울특별시","용산구","후암동","중국집","41"
"20180112","금","남","60대이상","서울특별시","용산구","이촌동","중국집","5"
"20180112","금","남","60대이상","서울특별시","용산구","이태원동","중국집","5"
"20180112","금","남","60대이상","서울특별시","용산구","한강로3가","중국집","17"
"20180112","금","여","10대","서울특별시","용산구","한강로3가","중국집","5"
"20180112","금","남","20대","서울특별시","용산구","동자동","중국집","5"
"20180112","금","여","10대","서울특별시","용산구","한남동","중국집","5"
"20180112","금","여","20대","서울특별시","용산구","원효로4가","중국집","5"
"20180112","금","여","20대","서울특별시","용산구","이촌동","중국집","5"
"20180112","금","여","20대","서울특별시","용산구","효창동","중국집","5"
"20180112","금","남","30대","서울특별시","용산구","이촌동","중국집","5"
"20180112","금","여","20대","서울특별시","용산구","후암동","중국집","19"
"20180112","금","여","10대","서울특별시","용산구","후암동","중국집","5"
"20180112","금","여","30대","서울특별시","용산구","도원동","중국집","5"
"20180112","금","여","30대","서울특별시","용산구","보광동","중국집","5"
"20180112","금","여","30대","서울특별시","용산구","원효로4가","중국집","5"
"20180112","금","여","30대","서울특별시","용산구","이촌동","중국집","7"
"20180112","금","남","40대","서울특별시","용산구","한강로3가","중국집","49"
"20180112","금","여","30대","서울특별시","용산구","한남동","중국집","5"
"20180112","금","여","40대","서울특별시","용산구","도원동","중국집","5"
"20180112","금","여","30대","서울특별시","용산구","후암동","중국집","26"
"20180112","금","여","40대","서울특별시","용산구","보광동","중국집","8"
"20180112","금","남","40대","서울특별시","용산구","보광동","중국집","5"
"20180112","금","여","20대","서울특별시","용산구","한강로3가","중국집","11"
"20180112","금","남","30대","서울특별시","용산구","한남동","중국집","5"
"20180112","금","여","40대","서울특별시","용산구","이촌동","중국집","5"
"20180112","금","여","40대","서울특별시","용산구","이태원동","중국집","5"
"20180112","금","남","30대","서울특별시","용산구","신계동","중국집","5"
"20180112","금","남","40대","서울특별시","용산구","후암동","중국집","50"
"20180112","금","남","10대","서울특별시","용산구","후암동","중국집","5"
"20180112","금","여","30대","서울특별시","용산구","이태원동","중국집","5"
"20180112","금","남","30대","서울특별시","용산구","도원동","중국집","5"
"20180112","금","남","20대","서울특별시","용산구","신계동","중국집","5"
"20180112","금","남","60대이상","서울특별시","용산구","보광동","중국집","6"
"20180112","금","남","50대","서울특별시","용산구","동자동","중국집","5"
"20180112","금","여","20대","서울특별시","용산구","이태원동","중국집","5"
"20180112","금","여","30대","서울특별시","용산구","동자동","중국집","5"
"20180112","금","여","40대","서울특별시","용산구","한남동","중국집","5"
"20180112","금","여","20대","서울특별시","용산구","동자동","중국집","5"
"20180112","금","여","40대","서울특별시","용산구","후암동","중국집","20"
"20180112","금","여","40대","서울특별시","용산구","한강로3가","중국집","35"
"20180112","금","남","50대","서울특별시","용산구","신계동","중국집","5"
"20180112","금","남","30대","서울특별시","용산구","원효로4가","중국집","5"
"20180112","금","남","20대","서울특별시","용산구","보광동","중국집","6"
"20180112","금","남","50대","서울특별시","용산구","한강로3가","중국집","24"
"20180112","금","여","50대","서울특별시","용산구","보광동","중국집","5"
"20180112","금","여","30대","서울특별시","용산구","한강로3가","중국집","19"
"20180112","금","여","50대","서울특별시","용산구","신계동","중국집","5"
"20180112","금","여","50대","서울특별시","용산구","한강로3가","중국집","14"
"20180112","금","남","10대","서울특별시","용산구","보광동","중국집","5"
"20180112","금","여","50대","서울특별시","용산구","한남동","중국집","5"
"20180112","금","남","30대","서울특별시","용산구","효창동","중국집","5"
"20180112","금","여","50대","서울특별시","용산구","후암동","중국집","10"
"20180112","금","여","20대","서울특별시","용산구","신계동","중국집","5"
"20180112","금","여","60대이상","서울특별시","용산구","보광동","중국집","5"
"20180112","금","남","30대","서울특별시","용산구","동자동","중국집","5"
"20180112","금","남","30대","서울특별시","용산구","후암동","중국집","27"
"20180112","금","여","60대이상","서울특별시","용산구","이촌동","중국집","5"
"20180112","금","남","20대","서울특별시","용산구","한강로3가","중국집","17"
"20180112","금","남","60대이상","서울특별시","용산구","후암동","중국집","16"
"20180112","금","여","60대이상","서울특별시","용산구","이태원동","중국집","5"
"20180112","금","남","30대","서울특별시","용산구","보광동","중국집","5"
"20180112","금","여","50대","서울특별시","용산구","이촌동","중국집","5"
"20180112","금","여","50대","서울특별시","용산구","이태원동","중국집","5"
"20180112","금","여","60대이상","서울특별시","용산구","한강로3가","중국집","10"
"20180112","금","여","60대이상","서울특별시","용산구","후암동","중국집","5"
"20180112","금","남","10대","서울특별시","용산구","도원동","중국집","5"
"20180112","금","남","20대","서울특별시","은평구","불광동","중국집","21"
"20180112","금","남","20대","서울특별시","은평구","수색동","중국집","5"
"20180112","금","남","30대","서울특별시","은평구","구산동","중국집","5"
"20180112","금","남","30대","서울특별시","은평구","불광동","중국집","42"
"20180112","금","남","30대","서울특별시","은평구","증산동","중국집","5"
"20180112","금","남","40대","서울특별시","은평구","구산동","중국집","5"
"20180112","금","남","40대","서울특별시","은평구","불광동","중국집","41"
"20180112","금","남","40대","서울특별시","은평구","수색동","중국집","5"
"20180112","금","남","40대","서울특별시","은평구","증산동","중국집","5"
"20180112","금","남","50대","서울특별시","은평구","불광동","중국집","28"
"20180112","금","남","50대","서울특별시","은평구","수색동","중국집","5"
"20180112","금","남","50대","서울특별시","은평구","증산동","중국집","5"
"20180112","금","남","60대이상","서울특별시","은평구","불광동","중국집","15"
"20180112","금","남","60대이상","서울특별시","은평구","증산동","중국집","5"
"20180112","금","여","10대","서울특별시","은평구","구산동","중국집","5"
"20180112","금","여","10대","서울특별시","은평구","불광동","중국집","5"
"20180112","금","여","20대","서울특별시","은평구","구산동","중국집","5"
"20180112","금","여","20대","서울특별시","은평구","증산동","중국집","5"
"20180112","금","여","30대","서울특별시","은평구","구산동","중국집","5"
"20180112","금","여","30대","서울특별시","은평구","불광동","중국집","31"
"20180112","금","여","30대","서울특별시","은평구","증산동","중국집","5"
"20180112","금","여","40대","서울특별시","은평구","구산동","중국집","5"
"20180112","금","여","40대","서울특별시","은평구","불광동","중국집","57"
"20180112","금","여","40대","서울특별시","은평구","수색동","중국집","5"
"20180112","금","여","40대","서울특별시","은평구","증산동","중국집","5"
"20180112","금","여","40대","서울특별시","은평구","진관동","중국집","5"
"20180112","금","여","50대","서울특별시","은평구","불광동","중국집","16"
"20180112","금","남","10대","서울특별시","은평구","불광동","중국집","10"
"20180112","금","여","20대","서울특별시","은평구","불광동","중국집","14"
"20180112","금","여","50대","서울특별시","은평구","수색동","중국집","5"
"20180112","금","여","60대이상","서울특별시","은평구","불광동","중국집","18"
"20180112","금","남","20대","서울특별시","은평구","증산동","중국집","5"
"20180112","금","남","60대이상","서울특별시","은평구","구산동","중국집","5"
"20180112","금","여","60대이상","서울특별시","은평구","증산동","중국집","5"
"20180112","금","남","10대","서울특별시","종로구","교남동","중국집","5"
"20180112","금","남","20대","서울특별시","종로구","교남동","중국집","5"
"20180112","금","남","20대","서울특별시","종로구","원서동","중국집","5"
"20180112","금","남","20대","서울특별시","종로구","창성동","중국집","5"
"20180112","금","남","30대","서울특별시","종로구","명륜1가","중국집","5"
"20180112","금","남","30대","서울특별시","종로구","숭인동","중국집","5"
"20180112","금","남","30대","서울특별시","종로구","신문로2가","중국집","5"
"20180112","금","남","30대","서울특별시","종로구","종로6가","중국집","5"
"20180112","금","남","40대","서울특별시","종로구","동숭동","중국집","5"
"20180112","금","남","40대","서울특별시","종로구","명륜3가","중국집","5"
"20180112","금","남","40대","서울특별시","종로구","숭인동","중국집","5"
"20180112","금","남","40대","서울특별시","종로구","창성동","중국집","5"
"20180112","금","남","30대","서울특별시","종로구","평창동","중국집","5"
"20180112","금","남","50대","서울특별시","종로구","교남동","중국집","5"
"20180112","금","남","50대","서울특별시","종로구","낙원동","중국집","5"
"20180112","금","남","50대","서울특별시","종로구","옥인동","중국집","5"
"20180112","금","남","50대","서울특별시","종로구","종로6가","중국집","5"
"20180112","금","남","60대이상","서울특별시","종로구","교남동","중국집","5"
"20180112","금","남","60대이상","서울특별시","종로구","낙원동","중국집","5"
"20180112","금","남","30대","서울특별시","종로구","교남동","중국집","5"
"20180112","금","남","60대이상","서울특별시","종로구","숭인동","중국집","5"
"20180112","금","남","60대이상","서울특별시","종로구","신문로2가","중국집","5"
"20180112","금","남","20대","서울특별시","종로구","청진동","중국집","5"
"20180112","금","남","60대이상","서울특별시","종로구","창성동","중국집","5"
"20180112","금","여","20대","서울특별시","종로구","관수동","중국집","5"
"20180112","금","여","20대","서울특별시","종로구","교남동","중국집","5"
"20180112","금","여","20대","서울특별시","종로구","신문로2가","중국집","5"
"20180112","금","여","20대","서울특별시","종로구","창성동","중국집","5"
"20180112","금","여","20대","서울특별시","종로구","평창동","중국집","5"
"20180112","금","여","30대","서울특별시","종로구","경운동","중국집","5"
"20180112","금","여","30대","서울특별시","종로구","관수동","중국집","5"
"20180112","금","여","30대","서울특별시","종로구","교남동","중국집","5"
"20180112","금","여","30대","서울특별시","종로구","낙원동","중국집","5"
"20180112","금","여","30대","서울특별시","종로구","동숭동","중국집","5"
"20180112","금","여","30대","서울특별시","종로구","명륜1가","중국집","5"
"20180112","금","남","30대","서울특별시","종로구","관수동","중국집","5"
"20180112","금","여","30대","서울특별시","종로구","원서동","중국집","5"
"20180112","금","남","60대이상","서울특별시","종로구","서린동","중국집","5"
"20180112","금","여","30대","서울특별시","종로구","창성동","중국집","5"
"20180112","금","여","30대","서울특별시","종로구","평창동","중국집","5"
"20180112","금","여","30대","서울특별시","종로구","신문로2가","중국집","5"
"20180112","금","남","50대","서울특별시","종로구","동숭동","중국집","5"
"20180112","금","여","40대","서울특별시","종로구","낙원동","중국집","5"
"20180112","금","남","20대","서울특별시","종로구","동숭동","중국집","5"
"20180112","금","여","40대","서울특별시","종로구","동숭동","중국집","5"
"20180112","금","여","40대","서울특별시","종로구","신문로2가","중국집","5"
"20180112","금","여","20대","서울특별시","종로구","낙원동","중국집","5"
"20180112","금","여","40대","서울특별시","종로구","원서동","중국집","5"
"20180112","금","여","20대","서울특별시","종로구","원서동","중국집","5"
"20180112","금","여","40대","서울특별시","종로구","종로3가","중국집","5"
"20180112","금","남","60대이상","서울특별시","종로구","동숭동","중국집","5"
"20180112","금","여","40대","서울특별시","종로구","교남동","중국집","5"
"20180112","금","남","20대","서울특별시","종로구","명륜1가","중국집","5"
"20180112","금","여","40대","서울특별시","종로구","관수동","중국집","5"
"20180112","금","여","40대","서울특별시","종로구","종로6가","중국집","5"
"20180112","금","남","60대이상","서울특별시","종로구","안국동","중국집","5"
"20180112","금","여","40대","서울특별시","종로구","창성동","중국집","5"
"20180112","금","남","30대","서울특별시","종로구","옥인동","중국집","5"
"20180112","금","남","20대","서울특별시","종로구","평창동","중국집","5"
"20180112","금","남","40대","서울특별시","종로구","경운동","중국집","5"
"20180112","금","여","40대","서울특별시","종로구","평창동","중국집","5"
"20180112","금","남","50대","서울특별시","종로구","숭인동","중국집","5"
"20180112","금","여","50대","서울특별시","종로구","낙원동","중국집","5"
"20180112","금","남","50대","서울특별시","종로구","관수동","중국집","5"
"20180112","금","여","50대","서울특별시","종로구","숭인동","중국집","5"
"20180112","금","여","50대","서울특별시","종로구","창성동","중국집","5"
"20180112","금","여","20대","서울특별시","종로구","명륜1가","중국집","5"
"20180112","금","여","50대","서울특별시","종로구","평창동","중국집","5"
"20180112","금","남","20대","서울특별시","종로구","숭인동","중국집","5"
"20180112","금","남","30대","서울특별시","종로구","원서동","중국집","5"
"20180112","금","여","60대이상","서울특별시","종로구","교남동","중국집","5"
"20180112","금","여","60대이상","서울특별시","종로구","낙원동","중국집","5"
"20180112","금","여","60대이상","서울특별시","종로구","동숭동","중국집","5"
"20180112","금","여","30대","서울특별시","종로구","창신동","중국집","5"
"20180112","금","남","60대이상","서울특별시","종로구","명륜1가","중국집","5"
"20180112","금","여","60대이상","서울특별시","종로구","숭인동","중국집","5"
"20180112","금","여","60대이상","서울특별시","종로구","종로5가","중국집","5"
"20180112","금","남","20대","서울특별시","종로구","경운동","중국집","5"
"20180112","금","남","40대","서울특별시","종로구","관수동","중국집","5"
"20180112","금","남","30대","서울특별시","종로구","동숭동","중국집","5"
"20180112","금","남","40대","서울특별시","종로구","종로6가","중국집","5"
"20180112","금","여","50대","서울특별시","종로구","교남동","중국집","5"
"20180112","금","남","50대","서울특별시","종로구","신문로2가","중국집","5"
"20180112","금","여","60대이상","서울특별시","종로구","창성동","중국집","5"
"20180112","금","남","50대","서울특별시","종로구","경운동","중국집","5"
"20180112","금","여","10대","서울특별시","종로구","종로6가","중국집","5"
"20180112","금","여","60대이상","서울특별시","종로구","평창동","중국집","5"
"20180112","금","남","30대","서울특별시","종로구","서린동","중국집","5"
"20180112","금","남","20대","서울특별시","중구","수하동","중국집","27"
"20180112","금","남","20대","서울특별시","중구","을지로6가","중국집","5"
"20180112","금","남","20대","서울특별시","중구","정동","중국집","5"
"20180112","금","남","30대","서울특별시","중구","수하동","중국집","76"
"20180112","금","남","30대","서울특별시","중구","신당동","중국집","64"
"20180112","금","남","30대","서울특별시","중구","을지로6가","중국집","6"
"20180112","금","남","40대","서울특별시","중구","무교동","중국집","5"
"20180112","금","남","40대","서울특별시","중구","수하동","중국집","82"
"20180112","금","남","40대","서울특별시","중구","신당동","중국집","59"
"20180112","금","남","40대","서울특별시","중구","을지로3가","중국집","5"
"20180112","금","남","40대","서울특별시","중구","을지로6가","중국집","5"
"20180112","금","남","10대","서울특별시","중구","신당동","중국집","6"
"20180112","금","남","40대","서울특별시","중구","충무로1가","중국집","5"
"20180112","금","남","50대","서울특별시","중구","서소문동","중국집","5"
"20180112","금","남","50대","서울특별시","중구","수하동","중국집","54"
"20180112","금","남","50대","서울특별시","중구","신당동","중국집","55"
"20180112","금","남","30대","서울특별시","중구","정동","중국집","5"
"20180112","금","남","50대","서울특별시","중구","충무로1가","중국집","5"
"20180112","금","남","50대","서울특별시","중구","필동2가","중국집","5"
"20180112","금","남","60대이상","서울특별시","중구","무교동","중국집","5"
"20180112","금","남","60대이상","서울특별시","중구","수하동","중국집","32"
"20180112","금","남","50대","서울특별시","중구","정동","중국집","5"
"20180112","금","남","60대이상","서울특별시","중구","신당동","중국집","50"
"20180112","금","남","20대","서울특별시","중구","충무로1가","중국집","5"
"20180112","금","남","60대이상","서울특별시","중구","을지로6가","중국집","5"
"20180112","금","여","10대","서울특별시","중구","수하동","중국집","7"
"20180112","금","여","20대","서울특별시","중구","명동1가","중국집","5"
"20180112","금","남","30대","서울특별시","중구","태평로1가","중국집","5"
"20180112","금","여","20대","서울특별시","중구","수하동","중국집","21"
"20180112","금","여","20대","서울특별시","중구","신당동","중국집","23"
"20180112","금","여","20대","서울특별시","중구","을지로6가","중국집","5"
"20180112","금","여","20대","서울특별시","중구","정동","중국집","5"
"20180112","금","남","60대이상","서울특별시","중구","충무로1가","중국집","5"
"20180112","금","여","20대","서울특별시","중구","충무로1가","중국집","5"
"20180112","금","남","30대","서울특별시","중구","을지로3가","중국집","5"
"20180112","금","여","30대","서울특별시","중구","신당동","중국집","58"
"20180112","금","여","30대","서울특별시","중구","을지로1가","중국집","5"
"20180112","금","남","30대","서울특별시","중구","필동2가","중국집","5"
"20180112","금","남","30대","서울특별시","중구","주교동","중국집","5"
"20180112","금","남","20대","서울특별시","중구","신당동","중국집","41"
"20180112","금","여","20대","서울특별시","중구","을지로3가","중국집","5"
"20180112","금","여","30대","서울특별시","중구","회현동1가","중국집","5"
"20180112","금","여","40대","서울특별시","중구","무교동","중국집","5"
"20180112","금","여","10대","서울특별시","중구","필동2가","중국집","5"
"20180112","금","여","40대","서울특별시","중구","수하동","중국집","46"
"20180112","금","남","10대","서울특별시","중구","수하동","중국집","10"
"20180112","금","여","40대","서울특별시","중구","신당동","중국집","62"
"20180112","금","남","40대","서울특별시","중구","정동","중국집","5"
"20180112","금","여","40대","서울특별시","중구","을지로6가","중국집","5"
"20180112","금","남","50대","서울특별시","중구","을지로3가","중국집","5"
"20180112","금","여","40대","서울특별시","중구","충무로1가","중국집","5"
"20180112","금","여","30대","서울특별시","중구","명동1가","중국집","5"
"20180112","금","여","40대","서울특별시","중구","필동2가","중국집","5"
"20180112","금","여","50대","서울특별시","중구","수하동","중국집","28"
"20180112","금","남","10대","서울특별시","중구","필동2가","중국집","5"
"20180112","금","여","50대","서울특별시","중구","신당동","중국집","37"
"20180112","금","여","10대","서울특별시","중구","신당동","중국집","5"
"20180112","금","남","20대","서울특별시","중구","필동2가","중국집","5"
"20180112","금","남","40대","서울특별시","중구","필동2가","중국집","5"
"20180112","금","여","50대","서울특별시","중구","충무로1가","중국집","5"
"20180112","금","여","50대","서울특별시","중구","을지로3가","중국집","5"
"20180112","금","여","60대이상","서울특별시","중구","명동1가","중국집","5"
"20180112","금","남","30대","서울특별시","중구","충무로1가","중국집","5"
"20180112","금","여","30대","서울특별시","중구","무교동","중국집","5"
"20180112","금","여","60대이상","서울특별시","중구","수하동","중국집","23"
"20180112","금","여","60대이상","서울특별시","중구","신당동","중국집","29"
"20180112","금","여","30대","서울특별시","중구","수하동","중국집","43"
"20180112","금","여","60대이상","서울특별시","중구","을지로3가","중국집","5"
"20180112","금","남","10대","서울특별시","중랑구","면목동","중국집","5"
"20180112","금","남","10대","서울특별시","중랑구","묵동","중국집","5"
"20180112","금","남","10대","서울특별시","중랑구","상봉동","중국집","5"
"20180112","금","남","20대","서울특별시","중랑구","망우동","중국집","5"
"20180112","금","남","20대","서울특별시","중랑구","면목동","중국집","30"
"20180112","금","남","20대","서울특별시","중랑구","상봉동","중국집","5"
"20180112","금","남","20대","서울특별시","중랑구","신내동","중국집","5"
"20180112","금","남","30대","서울특별시","중랑구","망우동","중국집","5"
"20180112","금","남","30대","서울특별시","중랑구","상봉동","중국집","5"
"20180112","금","남","40대","서울특별시","중랑구","망우동","중국집","5"
"20180112","금","남","40대","서울특별시","중랑구","면목동","중국집","47"
"20180112","금","남","50대","서울특별시","중랑구","면목동","중국집","37"
"20180112","금","남","50대","서울특별시","중랑구","묵동","중국집","5"
"20180112","금","남","10대","서울특별시","중랑구","신내동","중국집","5"
"20180112","금","남","60대이상","서울특별시","중랑구","신내동","중국집","5"
"20180112","금","남","60대이상","서울특별시","중랑구","면목동","중국집","16"
"20180112","금","남","40대","서울특별시","중랑구","묵동","중국집","5"
"20180112","금","여","10대","서울특별시","중랑구","면목동","중국집","5"
"20180112","금","여","20대","서울특별시","중랑구","망우동","중국집","5"
"20180112","금","여","20대","서울특별시","중랑구","면목동","중국집","9"
"20180112","금","여","30대","서울특별시","중랑구","망우동","중국집","5"
"20180112","금","남","50대","서울특별시","중랑구","망우동","중국집","5"
"20180112","금","여","30대","서울특별시","중랑구","신내동","중국집","5"
"20180112","금","남","20대","서울특별시","중랑구","묵동","중국집","5"
"20180112","금","여","40대","서울특별시","중랑구","망우동","중국집","5"
"20180112","금","여","40대","서울특별시","중랑구","면목동","중국집","49"
"20180112","금","여","40대","서울특별시","중랑구","묵동","중국집","5"
"20180112","금","여","40대","서울특별시","중랑구","신내동","중국집","5"
"20180112","금","여","50대","서울특별시","중랑구","망우동","중국집","5"
"20180112","금","여","30대","서울특별시","중랑구","면목동","중국집","36"
"20180112","금","여","50대","서울특별시","중랑구","면목동","중국집","23"
"20180112","금","남","30대","서울특별시","중랑구","면목동","중국집","41"
"20180112","금","여","50대","서울특별시","중랑구","묵동","중국집","5"
"20180112","금","여","50대","서울특별시","중랑구","중화동","중국집","5"
"20180112","금","여","60대이상","서울특별시","중랑구","망우동","중국집","5"
"20180112","금","여","30대","서울특별시","중랑구","묵동","중국집","5"
"20180112","금","여","60대이상","서울특별시","중랑구","면목동","중국집","14"
"20180112","금","남","30대","서울특별시","중랑구","묵동","중국집","5"
"20180112","금","여","60대이상","서울특별시","중랑구","묵동","중국집","5"
"20180112","금","남","50대","서울특별시","중랑구","신내동","중국집","5"
"20180112","금","여","60대이상","서울특별시","중랑구","상봉동","중국집","5"
"20180113","토","남","20대","서울특별시","강남구","개포동","중국집","5"
"20180113","토","남","20대","서울특별시","강남구","도곡동","중국집","5"
"20180113","토","남","20대","서울특별시","강남구","논현동","중국집","28"
"20180113","토","남","20대","서울특별시","강남구","일원동","중국집","5"
"20180113","토","남","30대","서울특별시","강남구","개포동","중국집","5"
"20180113","토","남","10대","서울특별시","강남구","역삼동","중국집","5"
"20180113","토","남","30대","서울특별시","강남구","세곡동","중국집","10"
"20180113","토","남","20대","서울특별시","강남구","압구정동","중국집","5"
"20180113","토","남","30대","서울특별시","강남구","역삼동","중국집","78"
"20180113","토","남","40대","서울특별시","강남구","수서동","중국집","5"
"20180113","토","남","30대","서울특별시","강남구","일원동","중국집","5"
"20180113","토","남","30대","서울특별시","강남구","수서동","중국집","5"
"20180113","토","남","10대","서울특별시","강남구","삼성동","중국집","6"
"20180113","토","남","40대","서울특별시","강남구","일원동","중국집","5"
"20180113","토","남","50대","서울특별시","강남구","개포동","중국집","5"
"20180113","토","남","50대","서울특별시","강남구","수서동","중국집","5"
"20180113","토","남","40대","서울특별시","강남구","역삼동","중국집","62"
"20180113","토","남","50대","서울특별시","강남구","압구정동","중국집","5"
"20180113","토","남","30대","서울특별시","강남구","삼성동","중국집","80"
"20180113","토","남","50대","서울특별시","강남구","일원동","중국집","5"
"20180113","토","남","60대이상","서울특별시","강남구","논현동","중국집","16"
"20180113","토","남","60대이상","서울특별시","강남구","삼성동","중국집","33"
"20180113","토","남","40대","서울특별시","강남구","삼성동","중국집","96"
"20180113","토","남","40대","서울특별시","강남구","도곡동","중국집","5"
"20180113","토","남","60대이상","서울특별시","강남구","수서동","중국집","5"
"20180113","토","남","30대","서울특별시","강남구","압구정동","중국집","5"
"20180113","토","남","40대","서울특별시","강남구","세곡동","중국집","11"
"20180113","토","여","10대","서울특별시","강남구","삼성동","중국집","5"
"20180113","토","여","10대","서울특별시","강남구","역삼동","중국집","6"
"20180113","토","여","20대","서울특별시","강남구","개포동","중국집","5"
"20180113","토","남","30대","서울특별시","강남구","도곡동","중국집","7"
"20180113","토","남","10대","서울특별시","강남구","세곡동","중국집","5"
"20180113","토","여","20대","서울특별시","강남구","대치동","중국집","5"
"20180113","토","남","60대이상","서울특별시","강남구","도곡동","중국집","5"
"20180113","토","여","20대","서울특별시","강남구","일원동","중국집","5"
"20180113","토","여","30대","서울특별시","강남구","도곡동","중국집","11"
"20180113","토","여","20대","서울특별시","강남구","세곡동","중국집","5"
"20180113","토","여","30대","서울특별시","강남구","삼성동","중국집","59"
"20180113","토","여","30대","서울특별시","강남구","압구정동","중국집","6"
"20180113","토","남","50대","서울특별시","강남구","세곡동","중국집","8"
"20180113","토","여","30대","서울특별시","강남구","역삼동","중국집","43"
"20180113","토","여","20대","서울특별시","강남구","삼성동","중국집","24"
"20180113","토","여","10대","서울특별시","강남구","논현동","중국집","5"
"20180113","토","여","30대","서울특별시","강남구","일원동","중국집","5"
"20180113","토","여","20대","서울특별시","강남구","논현동","중국집","17"
"20180113","토","남","50대","서울특별시","강남구","도곡동","중국집","5"
"20180113","토","여","40대","서울특별시","강남구","논현동","중국집","59"
"20180113","토","여","40대","서울특별시","강남구","삼성동","중국집","109"
"20180113","토","여","30대","서울특별시","강남구","세곡동","중국집","7"
"20180113","토","남","20대","서울특별시","강남구","대치동","중국집","5"
"20180113","토","여","40대","서울특별시","강남구","세곡동","중국집","8"
"20180113","토","남","10대","서울특별시","강남구","논현동","중국집","5"
"20180113","토","남","30대","서울특별시","강남구","대치동","중국집","5"
"20180113","토","여","20대","서울특별시","강남구","압구정동","중국집","5"
"20180113","토","남","50대","서울특별시","강남구","논현동","중국집","24"
"20180113","토","여","20대","서울특별시","강남구","도곡동","중국집","5"
"20180113","토","남","60대이상","서울특별시","강남구","일원동","중국집","5"
"20180113","토","여","40대","서울특별시","강남구","역삼동","중국집","57"
"20180113","토","여","30대","서울특별시","강남구","수서동","중국집","5"
"20180113","토","여","40대","서울특별시","강남구","일원동","중국집","5"
"20180113","토","남","20대","서울특별시","강남구","세곡동","중국집","6"
"20180113","토","여","50대","서울특별시","강남구","개포동","중국집","5"
"20180113","토","남","20대","서울특별시","강남구","삼성동","중국집","39"
"20180113","토","여","40대","서울특별시","강남구","개포동","중국집","5"
"20180113","토","남","60대이상","서울특별시","강남구","대치동","중국집","5"
"20180113","토","여","30대","서울특별시","강남구","대치동","중국집","7"
"20180113","토","여","10대","서울특별시","강남구","도곡동","중국집","5"
"20180113","토","여","50대","서울특별시","강남구","논현동","중국집","27"
"20180113","토","남","40대","서울특별시","강남구","압구정동","중국집","5"
"20180113","토","여","50대","서울특별시","강남구","대치동","중국집","5"
"20180113","토","여","40대","서울특별시","강남구","수서동","중국집","5"
"20180113","토","여","50대","서울특별시","강남구","도곡동","중국집","5"
"20180113","토","여","50대","서울특별시","강남구","삼성동","중국집","45"
"20180113","토","남","50대","서울특별시","강남구","역삼동","중국집","32"
"20180113","토","남","20대","서울특별시","강남구","수서동","중국집","5"
"20180113","토","여","50대","서울특별시","강남구","세곡동","중국집","6"
"20180113","토","남","40대","서울특별시","강남구","개포동","중국집","5"
"20180113","토","남","40대","서울특별시","강남구","논현동","중국집","62"
"20180113","토","남","10대","서울특별시","강남구","일원동","중국집","5"
"20180113","토","여","40대","서울특별시","강남구","도곡동","중국집","11"
"20180113","토","여","50대","서울특별시","강남구","수서동","중국집","5"
"20180113","토","남","10대","서울특별시","강남구","도곡동","중국집","5"
"20180113","토","여","50대","서울특별시","강남구","역삼동","중국집","25"
"20180113","토","여","60대이상","서울특별시","강남구","개포동","중국집","5"
"20180113","토","남","50대","서울특별시","강남구","삼성동","중국집","60"
"20180113","토","여","60대이상","서울특별시","강남구","논현동","중국집","14"
"20180113","토","남","60대이상","서울특별시","강남구","역삼동","중국집","34"
"20180113","토","여","60대이상","서울특별시","강남구","대치동","중국집","5"
"20180113","토","남","20대","서울특별시","강남구","역삼동","중국집","30"
"20180113","토","여","60대이상","서울특별시","강남구","도곡동","중국집","5"
"20180113","토","여","30대","서울특별시","강남구","논현동","중국집","41"
"20180113","토","여","60대이상","서울특별시","강남구","삼성동","중국집","29"
"20180113","토","여","60대이상","서울특별시","강남구","세곡동","중국집","5"
"20180113","토","남","60대이상","서울특별시","강남구","세곡동","중국집","5"
"20180113","토","여","60대이상","서울특별시","강남구","수서동","중국집","5"
"20180113","토","여","60대이상","서울특별시","강남구","역삼동","중국집","15"
"20180113","토","남","30대","서울특별시","강남구","논현동","중국집","42"
"20180113","토","여","40대","서울특별시","강남구","대치동","중국집","6"
"20180113","토","여","20대","서울특별시","강남구","역삼동","중국집","34"
"20180113","토","남","10대","서울특별시","강동구","길동","중국집","15"
"20180113","토","남","20대","서울특별시","강동구","명일동","중국집","5"
"20180113","토","남","20대","서울특별시","강동구","성내동","중국집","8"
"20180113","토","남","10대","서울특별시","강동구","명일동","중국집","5"
"20180113","토","남","20대","서울특별시","강동구","천호동","중국집","5"
"20180113","토","남","30대","서울특별시","강동구","명일동","중국집","5"
"20180113","토","남","30대","서울특별시","강동구","성내동","중국집","5"
"20180113","토","남","30대","서울특별시","강동구","천호동","중국집","6"
"20180113","토","남","40대","서울특별시","강동구","길동","중국집","103"
"20180113","토","남","40대","서울특별시","강동구","명일동","중국집","5"
"20180113","토","남","50대","서울특별시","강동구","길동","중국집","50"
"20180113","토","남","50대","서울특별시","강동구","명일동","중국집","5"
"20180113","토","남","50대","서울특별시","강동구","상일동","중국집","5"
"20180113","토","남","40대","서울특별시","강동구","성내동","중국집","5"
"20180113","토","남","50대","서울특별시","강동구","천호동","중국집","5"
"20180113","토","남","60대이상","서울특별시","강동구","길동","중국집","27"
"20180113","토","남","60대이상","서울특별시","강동구","암사동","중국집","5"
"20180113","토","남","60대이상","서울특별시","강동구","천호동","중국집","5"
"20180113","토","여","10대","서울특별시","강동구","길동","중국집","5"
"20180113","토","여","10대","서울특별시","강동구","상일동","중국집","5"
"20180113","토","남","30대","서울특별시","강동구","암사동","중국집","5"
"20180113","토","여","10대","서울특별시","강동구","성내동","중국집","5"
"20180113","토","남","30대","서울특별시","강동구","길동","중국집","76"
"20180113","토","여","10대","서울특별시","강동구","천호동","중국집","5"
"20180113","토","남","40대","서울특별시","강동구","천호동","중국집","5"
"20180113","토","여","20대","서울특별시","강동구","길동","중국집","13"
"20180113","토","여","10대","서울특별시","강동구","암사동","중국집","5"
"20180113","토","여","20대","서울특별시","강동구","명일동","중국집","5"
"20180113","토","여","20대","서울특별시","강동구","성내동","중국집","5"
"20180113","토","여","20대","서울특별시","강동구","천호동","중국집","5"
"20180113","토","여","30대","서울특별시","강동구","길동","중국집","77"
"20180113","토","남","60대이상","서울특별시","강동구","성내동","중국집","6"
"20180113","토","여","30대","서울특별시","강동구","명일동","중국집","6"
"20180113","토","남","50대","서울특별시","강동구","성내동","중국집","5"
"20180113","토","여","30대","서울특별시","강동구","상일동","중국집","5"
"20180113","토","여","30대","서울특별시","강동구","성내동","중국집","9"
"20180113","토","여","20대","서울특별시","강동구","암사동","중국집","5"
"20180113","토","여","30대","서울특별시","강동구","암사동","중국집","5"
"20180113","토","남","60대이상","서울특별시","강동구","상일동","중국집","5"
"20180113","토","여","30대","서울특별시","강동구","천호동","중국집","5"
"20180113","토","남","20대","서울특별시","강동구","길동","중국집","32"
"20180113","토","여","40대","서울특별시","강동구","길동","중국집","111"
"20180113","토","여","40대","서울특별시","강동구","명일동","중국집","5"
"20180113","토","여","40대","서울특별시","강동구","암사동","중국집","5"
"20180113","토","여","40대","서울특별시","강동구","천호동","중국집","5"
"20180113","토","남","40대","서울특별시","강동구","암사동","중국집","5"
"20180113","토","여","50대","서울특별시","강동구","길동","중국집","43"
"20180113","토","여","50대","서울특별시","강동구","둔촌동","중국집","5"
"20180113","토","여","50대","서울특별시","강동구","명일동","중국집","5"
"20180113","토","여","50대","서울특별시","강동구","성내동","중국집","5"
"20180113","토","남","60대이상","서울특별시","강동구","명일동","중국집","5"
"20180113","토","여","50대","서울특별시","강동구","천호동","중국집","5"
"20180113","토","여","60대이상","서울특별시","강동구","길동","중국집","31"
"20180113","토","여","60대이상","서울특별시","강동구","상일동","중국집","5"
"20180113","토","여","40대","서울특별시","강동구","성내동","중국집","5"
"20180113","토","여","60대이상","서울특별시","강동구","성내동","중국집","7"
"20180113","토","여","60대이상","서울특별시","강동구","천호동","중국집","5"
"20180113","토","남","10대","서울특별시","강북구","번동","중국집","5"
"20180113","토","남","20대","서울특별시","강북구","미아동","중국집","30"
"20180113","토","남","30대","서울특별시","강북구","미아동","중국집","107"
"20180113","토","남","40대","서울특별시","강북구","미아동","중국집","97"
"20180113","토","남","40대","서울특별시","강북구","수유동","중국집","5"
"20180113","토","남","20대","서울특별시","강북구","번동","중국집","12"
"20180113","토","남","40대","서울특별시","강북구","우이동","중국집","5"
"20180113","토","남","50대","서울특별시","강북구","번동","중국집","19"
"20180113","토","남","60대이상","서울특별시","강북구","미아동","중국집","38"
"20180113","토","남","60대이상","서울특별시","강북구","번동","중국집","10"
"20180113","토","여","10대","서울특별시","강북구","미아동","중국집","5"
"20180113","토","여","10대","서울특별시","강북구","번동","중국집","7"
"20180113","토","여","20대","서울특별시","강북구","미아동","중국집","20"
"20180113","토","남","50대","서울특별시","강북구","미아동","중국집","61"
"20180113","토","여","30대","서울특별시","강북구","미아동","중국집","55"
"20180113","토","남","30대","서울특별시","강북구","우이동","중국집","5"
"20180113","토","여","30대","서울특별시","강북구","번동","중국집","18"
"20180113","토","남","40대","서울특별시","강북구","번동","중국집","16"
"20180113","토","남","20대","서울특별시","강북구","우이동","중국집","5"
"20180113","토","여","30대","서울특별시","강북구","우이동","중국집","5"
"20180113","토","여","40대","서울특별시","강북구","미아동","중국집","117"
"20180113","토","여","40대","서울특별시","강북구","번동","중국집","29"
"20180113","토","남","60대이상","서울특별시","강북구","우이동","중국집","5"
"20180113","토","여","40대","서울특별시","강북구","수유동","중국집","5"
"20180113","토","남","30대","서울특별시","강북구","번동","중국집","24"
"20180113","토","여","40대","서울특별시","강북구","우이동","중국집","5"
"20180113","토","여","20대","서울특별시","강북구","번동","중국집","5"
"20180113","토","여","50대","서울특별시","강북구","미아동","중국집","66"
"20180113","토","여","10대","서울특별시","강북구","우이동","중국집","5"
"20180113","토","여","50대","서울특별시","강북구","번동","중국집","12"
"20180113","토","남","10대","서울특별시","강북구","미아동","중국집","12"
"20180113","토","여","50대","서울특별시","강북구","우이동","중국집","5"
"20180113","토","여","60대이상","서울특별시","강북구","미아동","중국집","28"
"20180113","토","남","50대","서울특별시","강북구","우이동","중국집","5"
"20180113","토","여","60대이상","서울특별시","강북구","번동","중국집","12"
"20180113","토","여","60대이상","서울특별시","강북구","우이동","중국집","5"
"20180113","토","남","10대","서울특별시","강서구","등촌동","중국집","5"
"20180113","토","남","10대","서울특별시","강서구","화곡동","중국집","10"
"20180113","토","남","30대","서울특별시","강서구","등촌동","중국집","37"
"20180113","토","남","40대","서울특별시","강서구","가양동","중국집","33"
"20180113","토","남","40대","서울특별시","강서구","내발산동","중국집","71"
"20180113","토","남","30대","서울특별시","강서구","가양동","중국집","55"
"20180113","토","남","40대","서울특별시","강서구","외발산동","중국집","5"
"20180113","토","남","50대","서울특별시","강서구","가양동","중국집","32"
"20180113","토","남","50대","서울특별시","강서구","내발산동","중국집","37"
"20180113","토","남","50대","서울특별시","강서구","등촌동","중국집","21"
"20180113","토","남","30대","서울특별시","강서구","마곡동","중국집","5"
"20180113","토","남","50대","서울특별시","강서구","방화동","중국집","5"
"20180113","토","남","50대","서울특별시","강서구","화곡동","중국집","39"
"20180113","토","남","60대이상","서울특별시","강서구","가양동","중국집","11"
"20180113","토","남","20대","서울특별시","강서구","화곡동","중국집","42"
"20180113","토","남","60대이상","서울특별시","강서구","내발산동","중국집","17"
"20180113","토","남","60대이상","서울특별시","강서구","등촌동","중국집","10"
"20180113","토","여","10대","서울특별시","강서구","가양동","중국집","5"
"20180113","토","남","10대","서울특별시","강서구","가양동","중국집","5"
"20180113","토","남","20대","서울특별시","강서구","내발산동","중국집","43"
"20180113","토","여","20대","서울특별시","강서구","가양동","중국집","8"
"20180113","토","남","40대","서울특별시","강서구","등촌동","중국집","33"
"20180113","토","남","30대","서울특별시","강서구","화곡동","중국집","74"
"20180113","토","여","20대","서울특별시","강서구","마곡동","중국집","5"
"20180113","토","남","40대","서울특별시","강서구","화곡동","중국집","88"
"20180113","토","여","20대","서울특별시","강서구","화곡동","중국집","19"
"20180113","토","남","30대","서울특별시","강서구","방화동","중국집","5"
"20180113","토","여","30대","서울특별시","강서구","내발산동","중국집","40"
"20180113","토","남","20대","서울특별시","강서구","등촌동","중국집","22"
"20180113","토","여","30대","서울특별시","강서구","등촌동","중국집","24"
"20180113","토","여","10대","서울특별시","강서구","내발산동","중국집","5"
"20180113","토","여","30대","서울특별시","강서구","방화동","중국집","5"
"20180113","토","여","30대","서울특별시","강서구","화곡동","중국집","51"
"20180113","토","남","20대","서울특별시","강서구","가양동","중국집","24"
"20180113","토","여","30대","서울특별시","강서구","가양동","중국집","24"
"20180113","토","여","40대","서울특별시","강서구","내발산동","중국집","90"
"20180113","토","남","40대","서울특별시","강서구","마곡동","중국집","5"
"20180113","토","여","40대","서울특별시","강서구","등촌동","중국집","29"
"20180113","토","여","40대","서울특별시","강서구","마곡동","중국집","5"
"20180113","토","여","40대","서울특별시","강서구","화곡동","중국집","95"
"20180113","토","여","50대","서울특별시","강서구","가양동","중국집","20"
"20180113","토","여","40대","서울특별시","강서구","방화동","중국집","5"
"20180113","토","여","10대","서울특별시","강서구","화곡동","중국집","5"
"20180113","토","여","50대","서울특별시","강서구","내발산동","중국집","39"
"20180113","토","남","60대이상","서울특별시","강서구","화곡동","중국집","13"
"20180113","토","여","50대","서울특별시","강서구","등촌동","중국집","17"
"20180113","토","여","40대","서울특별시","강서구","가양동","중국집","38"
"20180113","토","여","50대","서울특별시","강서구","방화동","중국집","5"
"20180113","토","여","50대","서울특별시","강서구","외발산동","중국집","5"
"20180113","토","남","30대","서울특별시","강서구","내발산동","중국집","61"
"20180113","토","여","50대","서울특별시","강서구","화곡동","중국집","56"
"20180113","토","남","50대","서울특별시","강서구","외발산동","중국집","5"
"20180113","토","여","60대이상","서울특별시","강서구","가양동","중국집","10"
"20180113","토","여","60대이상","서울특별시","강서구","내발산동","중국집","27"
"20180113","토","여","20대","서울특별시","강서구","내발산동","중국집","12"
"20180113","토","남","10대","서울특별시","강서구","내발산동","중국집","6"
"20180113","토","여","20대","서울특별시","강서구","등촌동","중국집","10"
"20180113","토","남","20대","서울특별시","강서구","방화동","중국집","5"
"20180113","토","여","60대이상","서울특별시","강서구","등촌동","중국집","14"
"20180113","토","여","60대이상","서울특별시","강서구","방화동","중국집","5"
"20180113","토","여","60대이상","서울특별시","강서구","화곡동","중국집","20"
"20180113","토","남","40대","서울특별시","강서구","방화동","중국집","6"
"20180113","토","여","30대","서울특별시","강서구","외발산동","중국집","5"
"20180113","토","남","10대","서울특별시","관악구","봉천동","중국집","5"
"20180113","토","남","20대","서울특별시","관악구","봉천동","중국집","7"
"20180113","토","남","20대","서울특별시","관악구","신림동","중국집","16"
"20180113","토","남","30대","서울특별시","관악구","봉천동","중국집","11"
"20180113","토","남","30대","서울특별시","관악구","신림동","중국집","23"
"20180113","토","남","40대","서울특별시","관악구","봉천동","중국집","6"
"20180113","토","남","40대","서울특별시","관악구","신림동","중국집","5"
"20180113","토","남","50대","서울특별시","관악구","봉천동","중국집","5"
"20180113","토","남","60대이상","서울특별시","관악구","봉천동","중국집","5"
"20180113","토","남","60대이상","서울특별시","관악구","신림동","중국집","5"
"20180113","토","여","10대","서울특별시","관악구","봉천동","중국집","5"
"20180113","토","여","10대","서울특별시","관악구","신림동","중국집","5"
"20180113","토","여","20대","서울특별시","관악구","봉천동","중국집","5"
"20180113","토","여","20대","서울특별시","관악구","신림동","중국집","12"
"20180113","토","여","30대","서울특별시","관악구","신림동","중국집","12"
"20180113","토","여","40대","서울특별시","관악구","봉천동","중국집","10"
"20180113","토","여","40대","서울특별시","관악구","신림동","중국집","5"
"20180113","토","여","50대","서울특별시","관악구","봉천동","중국집","5"
"20180113","토","남","10대","서울특별시","관악구","신림동","중국집","5"
"20180113","토","여","30대","서울특별시","관악구","봉천동","중국집","7"
"20180113","토","여","50대","서울특별시","관악구","신림동","중국집","5"
"20180113","토","여","60대이상","서울특별시","관악구","봉천동","중국집","6"
"20180113","토","여","60대이상","서울특별시","관악구","신림동","중국집","6"
"20180113","토","남","10대","서울특별시","광진구","능동","중국집","5"
"20180113","토","남","10대","서울특별시","광진구","자양동","중국집","5"
"20180113","토","남","20대","서울특별시","광진구","자양동","중국집","5"
"20180113","토","남","30대","서울특별시","광진구","자양동","중국집","20"
"20180113","토","남","30대","서울특별시","광진구","중곡동","중국집","5"
"20180113","토","남","40대","서울특별시","광진구","구의동","중국집","5"
"20180113","토","남","20대","서울특별시","광진구","광장동","중국집","5"
"20180113","토","남","40대","서울특별시","광진구","능동","중국집","5"
"20180113","토","남","30대","서울특별시","광진구","능동","중국집","5"
"20180113","토","남","40대","서울특별시","광진구","자양동","중국집","9"
"20180113","토","남","40대","서울특별시","광진구","화양동","중국집","5"
"20180113","토","남","50대","서울특별시","광진구","자양동","중국집","9"
"20180113","토","남","50대","서울특별시","광진구","중곡동","중국집","5"
"20180113","토","남","60대이상","서울특별시","광진구","광장동","중국집","5"
"20180113","토","남","60대이상","서울특별시","광진구","자양동","중국집","5"
"20180113","토","남","20대","서울특별시","광진구","화양동","중국집","5"
"20180113","토","남","20대","서울특별시","광진구","중곡동","중국집","5"
"20180113","토","여","10대","서울특별시","광진구","화양동","중국집","5"
"20180113","토","여","20대","서울특별시","광진구","광장동","중국집","5"
"20180113","토","여","20대","서울특별시","광진구","능동","중국집","5"
"20180113","토","여","20대","서울특별시","광진구","자양동","중국집","8"
"20180113","토","여","20대","서울특별시","광진구","화양동","중국집","5"
"20180113","토","여","30대","서울특별시","광진구","광장동","중국집","5"
"20180113","토","여","20대","서울특별시","광진구","중곡동","중국집","5"
"20180113","토","여","30대","서울특별시","광진구","능동","중국집","5"
"20180113","토","여","30대","서울특별시","광진구","자양동","중국집","7"
"20180113","토","여","40대","서울특별시","광진구","능동","중국집","5"
"20180113","토","여","40대","서울특별시","광진구","자양동","중국집","5"
"20180113","토","여","40대","서울특별시","광진구","중곡동","중국집","5"
"20180113","토","여","50대","서울특별시","광진구","중곡동","중국집","5"
"20180113","토","여","50대","서울특별시","광진구","화양동","중국집","5"
"20180113","토","남","30대","서울특별시","광진구","광장동","중국집","5"
"20180113","토","여","60대이상","서울특별시","광진구","능동","중국집","5"
"20180113","토","여","60대이상","서울특별시","광진구","자양동","중국집","6"
"20180113","토","남","10대","서울특별시","구로구","궁동","중국집","5"
"20180113","토","남","30대","서울특별시","구로구","개봉동","중국집","31"
"20180113","토","남","30대","서울특별시","구로구","궁동","중국집","5"
"20180113","토","남","30대","서울특별시","구로구","신도림동","중국집","5"
"20180113","토","남","40대","서울특별시","구로구","구로동","중국집","5"
"20180113","토","남","50대","서울특별시","구로구","개봉동","중국집","28"
"20180113","토","남","40대","서울특별시","구로구","궁동","중국집","5"
"20180113","토","남","50대","서울특별시","구로구","구로동","중국집","5"
"20180113","토","여","10대","서울특별시","구로구","개봉동","중국집","5"
"20180113","토","여","10대","서울특별시","구로구","구로동","중국집","5"
"20180113","토","여","10대","서울특별시","구로구","궁동","중국집","5"
"20180113","토","남","20대","서울특별시","구로구","궁동","중국집","5"
"20180113","토","여","20대","서울특별시","구로구","개봉동","중국집","5"
"20180113","토","여","20대","서울특별시","구로구","구로동","중국집","5"
"20180113","토","여","20대","서울특별시","구로구","궁동","중국집","5"
"20180113","토","남","60대이상","서울특별시","구로구","개봉동","중국집","21"
"20180113","토","여","20대","서울특별시","구로구","신도림동","중국집","5"
"20180113","토","남","30대","서울특별시","구로구","구로동","중국집","6"
"20180113","토","남","60대이상","서울특별시","구로구","궁동","중국집","5"
"20180113","토","여","30대","서울특별시","구로구","개봉동","중국집","48"
"20180113","토","여","30대","서울특별시","구로구","구로동","중국집","5"
"20180113","토","여","30대","서울특별시","구로구","궁동","중국집","5"
"20180113","토","여","30대","서울특별시","구로구","신도림동","중국집","5"
"20180113","토","남","20대","서울특별시","구로구","천왕동","중국집","5"
"20180113","토","여","40대","서울특별시","구로구","개봉동","중국집","54"
"20180113","토","남","20대","서울특별시","구로구","개봉동","중국집","19"
"20180113","토","여","40대","서울특별시","구로구","구로동","중국집","5"
"20180113","토","여","40대","서울특별시","구로구","궁동","중국집","5"
"20180113","토","여","50대","서울특별시","구로구","개봉동","중국집","31"
"20180113","토","남","40대","서울특별시","구로구","개봉동","중국집","56"
"20180113","토","여","50대","서울특별시","구로구","궁동","중국집","5"
"20180113","토","여","60대이상","서울특별시","구로구","개봉동","중국집","24"
"20180113","토","남","20대","서울특별시","구로구","구로동","중국집","5"
"20180113","토","여","60대이상","서울특별시","구로구","구로동","중국집","5"
"20180113","토","남","10대","서울특별시","구로구","개봉동","중국집","11"
"20180113","토","여","60대이상","서울특별시","구로구","궁동","중국집","5"
"20180113","토","남","10대","서울특별시","금천구","가산동","중국집","5"
"20180113","토","남","10대","서울특별시","금천구","시흥동","중국집","5"
"20180113","토","남","20대","서울특별시","금천구","가산동","중국집","12"
"20180113","토","남","20대","서울특별시","금천구","독산동","중국집","5"
"20180113","토","남","20대","서울특별시","금천구","시흥동","중국집","5"
"20180113","토","남","30대","서울특별시","금천구","독산동","중국집","5"
"20180113","토","남","30대","서울특별시","금천구","시흥동","중국집","10"
"20180113","토","남","40대","서울특별시","금천구","가산동","중국집","30"
"20180113","토","남","40대","서울특별시","금천구","시흥동","중국집","5"
"20180113","토","남","50대","서울특별시","금천구","가산동","중국집","10"
"20180113","토","남","50대","서울특별시","금천구","시흥동","중국집","5"
"20180113","토","남","60대이상","서울특별시","금천구","가산동","중국집","6"
"20180113","토","여","10대","서울특별시","금천구","독산동","중국집","5"
"20180113","토","여","10대","서울특별시","금천구","가산동","중국집","5"
"20180113","토","남","60대이상","서울특별시","금천구","시흥동","중국집","5"
"20180113","토","여","20대","서울특별시","금천구","독산동","중국집","5"
"20180113","토","여","20대","서울특별시","금천구","시흥동","중국집","7"
"20180113","토","여","20대","서울특별시","금천구","가산동","중국집","5"
"20180113","토","여","30대","서울특별시","금천구","가산동","중국집","7"
"20180113","토","여","40대","서울특별시","금천구","가산동","중국집","14"
"20180113","토","남","60대이상","서울특별시","금천구","독산동","중국집","5"
"20180113","토","여","30대","서울특별시","금천구","시흥동","중국집","6"
"20180113","토","여","40대","서울특별시","금천구","시흥동","중국집","6"
"20180113","토","여","50대","서울특별시","금천구","가산동","중국집","8"
"20180113","토","남","30대","서울특별시","금천구","가산동","중국집","25"
"20180113","토","여","50대","서울특별시","금천구","시흥동","중국집","5"
"20180113","토","여","60대이상","서울특별시","금천구","가산동","중국집","6"
"20180113","토","여","60대이상","서울특별시","금천구","독산동","중국집","5"
"20180113","토","여","30대","서울특별시","금천구","독산동","중국집","5"
"20180113","토","남","40대","서울특별시","금천구","독산동","중국집","5"
"20180113","토","여","60대이상","서울특별시","금천구","시흥동","중국집","5"
"20180113","토","남","20대","서울특별시","노원구","공릉동","중국집","5"
"20180113","토","남","30대","서울특별시","노원구","공릉동","중국집","5"
"20180113","토","남","30대","서울특별시","노원구","상계동","중국집","70"
"20180113","토","남","30대","서울특별시","노원구","월계동","중국집","5"
"20180113","토","남","40대","서울특별시","노원구","공릉동","중국집","5"
"20180113","토","남","40대","서울특별시","노원구","상계동","중국집","86"
"20180113","토","남","40대","서울특별시","노원구","중계동","중국집","5"
"20180113","토","남","50대","서울특별시","노원구","상계동","중국집","42"
"20180113","토","남","10대","서울특별시","노원구","상계동","중국집","8"
"20180113","토","남","50대","서울특별시","노원구","중계동","중국집","5"
"20180113","토","남","60대이상","서울특별시","노원구","공릉동","중국집","5"
"20180113","토","남","60대이상","서울특별시","노원구","상계동","중국집","26"
"20180113","토","남","20대","서울특별시","노원구","중계동","중국집","5"
"20180113","토","남","40대","서울특별시","노원구","월계동","중국집","7"
"20180113","토","남","60대이상","서울특별시","노원구","월계동","중국집","5"
"20180113","토","여","20대","서울특별시","노원구","공릉동","중국집","5"
"20180113","토","여","20대","서울특별시","노원구","상계동","중국집","13"
"20180113","토","남","20대","서울특별시","노원구","월계동","중국집","5"
"20180113","토","여","20대","서울특별시","노원구","월계동","중국집","5"
"20180113","토","여","20대","서울특별시","노원구","중계동","중국집","5"
"20180113","토","여","30대","서울특별시","노원구","공릉동","중국집","5"
"20180113","토","여","30대","서울특별시","노원구","상계동","중국집","45"
"20180113","토","여","30대","서울특별시","노원구","월계동","중국집","5"
"20180113","토","남","10대","서울특별시","노원구","중계동","중국집","5"
"20180113","토","남","20대","서울특별시","노원구","상계동","중국집","25"
"20180113","토","여","40대","서울특별시","노원구","공릉동","중국집","7"
"20180113","토","여","40대","서울특별시","노원구","월계동","중국집","5"
"20180113","토","여","40대","서울특별시","노원구","중계동","중국집","11"
"20180113","토","남","10대","서울특별시","노원구","공릉동","중국집","5"
"20180113","토","여","50대","서울특별시","노원구","공릉동","중국집","6"
"20180113","토","여","50대","서울특별시","노원구","상계동","중국집","55"
"20180113","토","여","10대","서울특별시","노원구","상계동","중국집","5"
"20180113","토","여","50대","서울특별시","노원구","월계동","중국집","5"
"20180113","토","여","50대","서울특별시","노원구","중계동","중국집","5"
"20180113","토","여","60대이상","서울특별시","노원구","공릉동","중국집","5"
"20180113","토","여","30대","서울특별시","노원구","중계동","중국집","5"
"20180113","토","여","40대","서울특별시","노원구","상계동","중국집","83"
"20180113","토","여","60대이상","서울특별시","노원구","상계동","중국집","16"
"20180113","토","여","60대이상","서울특별시","노원구","월계동","중국집","5"
"20180113","토","여","60대이상","서울특별시","노원구","중계동","중국집","5"
"20180113","토","남","30대","서울특별시","도봉구","쌍문동","중국집","5"
"20180113","토","남","40대","서울특별시","도봉구","방학동","중국집","5"
"20180113","토","남","40대","서울특별시","도봉구","쌍문동","중국집","9"
"20180113","토","남","50대","서울특별시","도봉구","방학동","중국집","5"
"20180113","토","남","30대","서울특별시","도봉구","방학동","중국집","5"
"20180113","토","남","20대","서울특별시","도봉구","쌍문동","중국집","9"
"20180113","토","남","50대","서울특별시","도봉구","쌍문동","중국집","5"
"20180113","토","남","60대이상","서울특별시","도봉구","방학동","중국집","5"
"20180113","토","여","20대","서울특별시","도봉구","방학동","중국집","5"
"20180113","토","여","20대","서울특별시","도봉구","쌍문동","중국집","5"
"20180113","토","여","30대","서울특별시","도봉구","도봉동","중국집","5"
"20180113","토","여","30대","서울특별시","도봉구","방학동","중국집","5"
"20180113","토","여","30대","서울특별시","도봉구","쌍문동","중국집","5"
"20180113","토","여","40대","서울특별시","도봉구","도봉동","중국집","5"
"20180113","토","여","40대","서울특별시","도봉구","쌍문동","중국집","6"
"20180113","토","여","50대","서울특별시","도봉구","방학동","중국집","5"
"20180113","토","여","50대","서울특별시","도봉구","쌍문동","중국집","5"
"20180113","토","여","60대이상","서울특별시","도봉구","도봉동","중국집","5"
"20180113","토","남","20대","서울특별시","도봉구","방학동","중국집","5"
"20180113","토","여","60대이상","서울특별시","도봉구","방학동","중국집","5"
"20180113","토","남","10대","서울특별시","동대문구","장안동","중국집","8"
"20180113","토","남","10대","서울특별시","동대문구","전농동","중국집","5"
"20180113","토","남","20대","서울특별시","동대문구","장안동","중국집","32"
"20180113","토","남","20대","서울특별시","동대문구","제기동","중국집","48"
"20180113","토","남","30대","서울특별시","동대문구","장안동","중국집","61"
"20180113","토","남","30대","서울특별시","동대문구","제기동","중국집","54"
"20180113","토","남","40대","서울특별시","동대문구","답십리동","중국집","5"
"20180113","토","남","40대","서울특별시","동대문구","장안동","중국집","77"
"20180113","토","남","40대","서울특별시","동대문구","전농동","중국집","5"
"20180113","토","남","40대","서울특별시","동대문구","제기동","중국집","71"
"20180113","토","남","50대","서울특별시","동대문구","장안동","중국집","41"
"20180113","토","남","50대","서울특별시","동대문구","전농동","중국집","5"
"20180113","토","남","50대","서울특별시","동대문구","제기동","중국집","43"
"20180113","토","남","60대이상","서울특별시","동대문구","장안동","중국집","18"
"20180113","토","남","10대","서울특별시","동대문구","휘경동","중국집","5"
"20180113","토","남","60대이상","서울특별시","동대문구","제기동","중국집","27"
"20180113","토","남","60대이상","서울특별시","동대문구","전농동","중국집","5"
"20180113","토","여","10대","서울특별시","동대문구","전농동","중국집","5"
"20180113","토","여","10대","서울특별시","동대문구","제기동","중국집","5"
"20180113","토","남","10대","서울특별시","동대문구","제기동","중국집","11"
"20180113","토","여","20대","서울특별시","동대문구","답십리동","중국집","5"
"20180113","토","여","20대","서울특별시","동대문구","장안동","중국집","17"
"20180113","토","여","20대","서울특별시","동대문구","전농동","중국집","5"
"20180113","토","여","10대","서울특별시","동대문구","장안동","중국집","5"
"20180113","토","남","30대","서울특별시","동대문구","전농동","중국집","5"
"20180113","토","여","20대","서울특별시","동대문구","제기동","중국집","14"
"20180113","토","여","30대","서울특별시","동대문구","답십리동","중국집","5"
"20180113","토","여","30대","서울특별시","동대문구","전농동","중국집","5"
"20180113","토","남","40대","서울특별시","동대문구","휘경동","중국집","5"
"20180113","토","여","30대","서울특별시","동대문구","제기동","중국집","23"
"20180113","토","여","40대","서울특별시","동대문구","장안동","중국집","56"
"20180113","토","남","20대","서울특별시","동대문구","전농동","중국집","5"
"20180113","토","여","40대","서울특별시","동대문구","전농동","중국집","5"
"20180113","토","여","40대","서울특별시","동대문구","제기동","중국집","36"
"20180113","토","여","50대","서울특별시","동대문구","답십리동","중국집","5"
"20180113","토","여","50대","서울특별시","동대문구","장안동","중국집","25"
"20180113","토","여","50대","서울특별시","동대문구","전농동","중국집","5"
"20180113","토","여","50대","서울특별시","동대문구","제기동","중국집","20"
"20180113","토","여","60대이상","서울특별시","동대문구","장안동","중국집","25"
"20180113","토","여","60대이상","서울특별시","동대문구","제기동","중국집","25"
"20180113","토","여","30대","서울특별시","동대문구","장안동","중국집","51"
"20180113","토","남","20대","서울특별시","동작구","사당동","중국집","5"
"20180113","토","남","20대","서울특별시","동작구","상도동","중국집","5"
"20180113","토","남","20대","서울특별시","동작구","신대방동","중국집","82"
"20180113","토","남","30대","서울특별시","동작구","대방동","중국집","5"
"20180113","토","남","30대","서울특별시","동작구","사당동","중국집","6"
"20180113","토","남","30대","서울특별시","동작구","상도동","중국집","10"
"20180113","토","남","40대","서울특별시","동작구","노량진동","중국집","6"
"20180113","토","남","40대","서울특별시","동작구","대방동","중국집","5"
"20180113","토","남","40대","서울특별시","동작구","상도동","중국집","5"
"20180113","토","남","40대","서울특별시","동작구","신대방동","중국집","137"
"20180113","토","남","40대","서울특별시","동작구","흑석동","중국집","5"
"20180113","토","남","50대","서울특별시","동작구","본동","중국집","5"
"20180113","토","남","30대","서울특별시","동작구","본동","중국집","5"
"20180113","토","남","50대","서울특별시","동작구","사당동","중국집","5"
"20180113","토","남","50대","서울특별시","동작구","신대방동","중국집","70"
"20180113","토","남","60대이상","서울특별시","동작구","대방동","중국집","5"
"20180113","토","남","60대이상","서울특별시","동작구","본동","중국집","5"
"20180113","토","남","60대이상","서울특별시","동작구","사당동","중국집","5"
"20180113","토","남","10대","서울특별시","동작구","신대방동","중국집","16"
"20180113","토","남","60대이상","서울특별시","동작구","상도동","중국집","5"
"20180113","토","남","50대","서울특별시","동작구","상도동","중국집","5"
"20180113","토","남","60대이상","서울특별시","동작구","신대방동","중국집","42"
"20180113","토","여","10대","서울특별시","동작구","신대방동","중국집","5"
"20180113","토","남","30대","서울특별시","동작구","노량진동","중국집","5"
"20180113","토","여","20대","서울특별시","동작구","본동","중국집","5"
"20180113","토","여","20대","서울특별시","동작구","사당동","중국집","5"
"20180113","토","여","20대","서울특별시","동작구","상도동","중국집","5"
"20180113","토","여","30대","서울특별시","동작구","노량진동","중국집","5"
"20180113","토","여","30대","서울특별시","동작구","대방동","중국집","5"
"20180113","토","남","60대이상","서울특별시","동작구","노량진동","중국집","5"
"20180113","토","여","30대","서울특별시","동작구","본동","중국집","7"
"20180113","토","남","20대","서울특별시","동작구","노량진동","중국집","5"
"20180113","토","여","30대","서울특별시","동작구","상도동","중국집","6"
"20180113","토","여","30대","서울특별시","동작구","신대방동","중국집","86"
"20180113","토","여","40대","서울특별시","동작구","노량진동","중국집","5"
"20180113","토","남","30대","서울특별시","동작구","신대방동","중국집","152"
"20180113","토","여","40대","서울특별시","동작구","대방동","중국집","5"
"20180113","토","여","40대","서울특별시","동작구","상도동","중국집","6"
"20180113","토","여","40대","서울특별시","동작구","신대방동","중국집","134"
"20180113","토","여","50대","서울특별시","동작구","본동","중국집","5"
"20180113","토","여","40대","서울특별시","동작구","사당동","중국집","5"
"20180113","토","여","50대","서울특별시","동작구","상도동","중국집","5"
"20180113","토","여","40대","서울특별시","동작구","본동","중국집","5"
"20180113","토","여","50대","서울특별시","동작구","신대방동","중국집","58"
"20180113","토","남","40대","서울특별시","동작구","본동","중국집","5"
"20180113","토","여","60대이상","서울특별시","동작구","대방동","중국집","5"
"20180113","토","여","60대이상","서울특별시","동작구","본동","중국집","5"
"20180113","토","남","40대","서울특별시","동작구","사당동","중국집","5"
"20180113","토","여","30대","서울특별시","동작구","사당동","중국집","6"
"20180113","토","여","60대이상","서울특별시","동작구","사당동","중국집","5"
"20180113","토","여","20대","서울특별시","동작구","신대방동","중국집","37"
"20180113","토","여","60대이상","서울특별시","동작구","상도동","중국집","5"
"20180113","토","남","20대","서울특별시","동작구","본동","중국집","5"
"20180113","토","여","60대이상","서울특별시","동작구","신대방동","중국집","33"
"20180113","토","남","20대","서울특별시","마포구","노고산동","중국집","5"
"20180113","토","남","20대","서울특별시","마포구","마포동","중국집","5"
"20180113","토","남","20대","서울특별시","마포구","상암동","중국집","13"
"20180113","토","남","20대","서울특별시","마포구","아현동","중국집","5"
"20180113","토","남","20대","서울특별시","마포구","염리동","중국집","5"
"20180113","토","남","30대","서울특별시","마포구","망원동","중국집","5"
"20180113","토","남","20대","서울특별시","마포구","신공덕동","중국집","5"
"20180113","토","남","30대","서울특별시","마포구","상암동","중국집","22"
"20180113","토","남","30대","서울특별시","마포구","신공덕동","중국집","5"
"20180113","토","남","30대","서울특별시","마포구","신수동","중국집","5"
"20180113","토","남","30대","서울특별시","마포구","염리동","중국집","5"
"20180113","토","남","30대","서울특별시","마포구","대흥동","중국집","5"
"20180113","토","남","10대","서울특별시","마포구","공덕동","중국집","5"
"20180113","토","남","40대","서울특별시","마포구","공덕동","중국집","5"
"20180113","토","남","40대","서울특별시","마포구","대흥동","중국집","5"
"20180113","토","남","30대","서울특별시","마포구","서교동","중국집","5"
"20180113","토","남","40대","서울특별시","마포구","망원동","중국집","5"
"20180113","토","남","40대","서울특별시","마포구","상암동","중국집","36"
"20180113","토","남","40대","서울특별시","마포구","창전동","중국집","5"
"20180113","토","남","40대","서울특별시","마포구","합정동","중국집","16"
"20180113","토","남","50대","서울특별시","마포구","상암동","중국집","17"
"20180113","토","남","50대","서울특별시","마포구","신수동","중국집","5"
"20180113","토","남","50대","서울특별시","마포구","아현동","중국집","5"
"20180113","토","남","60대이상","서울특별시","마포구","합정동","중국집","5"
"20180113","토","여","10대","서울특별시","마포구","대흥동","중국집","5"
"20180113","토","남","20대","서울특별시","마포구","망원동","중국집","5"
"20180113","토","여","10대","서울특별시","마포구","신수동","중국집","5"
"20180113","토","여","20대","서울특별시","마포구","대흥동","중국집","5"
"20180113","토","여","20대","서울특별시","마포구","서교동","중국집","5"
"20180113","토","여","20대","서울특별시","마포구","신공덕동","중국집","5"
"20180113","토","여","20대","서울특별시","마포구","신수동","중국집","5"
"20180113","토","남","10대","서울특별시","마포구","상암동","중국집","5"
"20180113","토","여","20대","서울특별시","마포구","염리동","중국집","5"
"20180113","토","여","20대","서울특별시","마포구","합정동","중국집","6"
"20180113","토","여","30대","서울특별시","마포구","공덕동","중국집","5"
"20180113","토","남","50대","서울특별시","마포구","망원동","중국집","5"
"20180113","토","여","30대","서울특별시","마포구","대흥동","중국집","5"
"20180113","토","남","30대","서울특별시","마포구","아현동","중국집","5"
"20180113","토","남","30대","서울특별시","마포구","공덕동","중국집","5"
"20180113","토","여","30대","서울특별시","마포구","동교동","중국집","5"
"20180113","토","남","60대이상","서울특별시","마포구","상암동","중국집","11"
"20180113","토","남","50대","서울특별시","마포구","합정동","중국집","13"
"20180113","토","여","30대","서울특별시","마포구","신공덕동","중국집","5"
"20180113","토","여","30대","서울특별시","마포구","신수동","중국집","5"
"20180113","토","여","30대","서울특별시","마포구","염리동","중국집","5"
"20180113","토","남","10대","서울특별시","마포구","마포동","중국집","5"
"20180113","토","여","20대","서울특별시","마포구","상암동","중국집","10"
"20180113","토","여","30대","서울특별시","마포구","창전동","중국집","5"
"20180113","토","여","10대","서울특별시","마포구","서교동","중국집","5"
"20180113","토","남","60대이상","서울특별시","마포구","신공덕동","중국집","5"
"20180113","토","남","60대이상","서울특별시","마포구","아현동","중국집","5"
"20180113","토","남","20대","서울특별시","마포구","합정동","중국집","15"
"20180113","토","여","30대","서울특별시","마포구","아현동","중국집","5"
"20180113","토","여","30대","서울특별시","마포구","합정동","중국집","12"
"20180113","토","남","60대이상","서울특별시","마포구","염리동","중국집","5"
"20180113","토","여","40대","서울특별시","마포구","공덕동","중국집","5"
"20180113","토","남","60대이상","서울특별시","마포구","망원동","중국집","5"
"20180113","토","여","40대","서울특별시","마포구","마포동","중국집","5"
"20180113","토","여","10대","서울특별시","마포구","신공덕동","중국집","5"
"20180113","토","남","40대","서울특별시","마포구","마포동","중국집","5"
"20180113","토","여","40대","서울특별시","마포구","상암동","중국집","40"
"20180113","토","여","30대","서울특별시","마포구","마포동","중국집","5"
"20180113","토","여","40대","서울특별시","마포구","신공덕동","중국집","5"
"20180113","토","남","60대이상","서울특별시","마포구","마포동","중국집","5"
"20180113","토","여","40대","서울특별시","마포구","신수동","중국집","5"
"20180113","토","남","30대","서울특별시","마포구","창전동","중국집","5"
"20180113","토","여","40대","서울특별시","마포구","창전동","중국집","5"
"20180113","토","여","50대","서울특별시","마포구","망원동","중국집","5"
"20180113","토","남","30대","서울특별시","마포구","합정동","중국집","20"
"20180113","토","여","40대","서울특별시","마포구","합정동","중국집","11"
"20180113","토","남","10대","서울특별시","마포구","신수동","중국집","5"
"20180113","토","여","50대","서울특별시","마포구","상암동","중국집","17"
"20180113","토","여","50대","서울특별시","마포구","신공덕동","중국집","5"
"20180113","토","여","20대","서울특별시","마포구","공덕동","중국집","5"
"20180113","토","여","50대","서울특별시","마포구","합정동","중국집","5"
"20180113","토","여","60대이상","서울특별시","마포구","마포동","중국집","5"
"20180113","토","여","30대","서울특별시","마포구","상암동","중국집","17"
"20180113","토","여","10대","서울특별시","마포구","상암동","중국집","5"
"20180113","토","여","60대이상","서울특별시","마포구","상암동","중국집","16"
"20180113","토","여","60대이상","서울특별시","마포구","아현동","중국집","5"
"20180113","토","여","40대","서울특별시","마포구","염리동","중국집","5"
"20180113","토","여","60대이상","서울특별시","마포구","창전동","중국집","5"
"20180113","토","남","40대","서울특별시","마포구","서교동","중국집","5"
"20180113","토","남","10대","서울특별시","서대문구","창천동","중국집","8"
"20180113","토","남","10대","서울특별시","서대문구","충정로3가","중국집","5"
"20180113","토","남","20대","서울특별시","서대문구","북가좌동","중국집","5"
"20180113","토","남","20대","서울특별시","서대문구","연희동","중국집","44"
"20180113","토","남","20대","서울특별시","서대문구","충정로3가","중국집","5"
"20180113","토","남","30대","서울특별시","서대문구","북아현동","중국집","5"
"20180113","토","남","30대","서울특별시","서대문구","연희동","중국집","78"
"20180113","토","남","30대","서울특별시","서대문구","북가좌동","중국집","5"
"20180113","토","남","30대","서울특별시","서대문구","창천동","중국집","44"
"20180113","토","남","30대","서울특별시","서대문구","충정로3가","중국집","5"
"20180113","토","남","20대","서울특별시","서대문구","창천동","중국집","17"
"20180113","토","남","40대","서울특별시","서대문구","남가좌동","중국집","5"
"20180113","토","남","40대","서울특별시","서대문구","북가좌동","중국집","5"
"20180113","토","남","40대","서울특별시","서대문구","창천동","중국집","41"
"20180113","토","남","10대","서울특별시","서대문구","홍은동","중국집","5"
"20180113","토","남","40대","서울특별시","서대문구","홍은동","중국집","5"
"20180113","토","남","40대","서울특별시","서대문구","홍제동","중국집","40"
"20180113","토","남","50대","서울특별시","서대문구","창천동","중국집","21"
"20180113","토","남","50대","서울특별시","서대문구","홍은동","중국집","5"
"20180113","토","남","50대","서울특별시","서대문구","홍제동","중국집","23"
"20180113","토","남","50대","서울특별시","서대문구","북가좌동","중국집","5"
"20180113","토","남","60대이상","서울특별시","서대문구","연희동","중국집","32"
"20180113","토","남","60대이상","서울특별시","서대문구","홍은동","중국집","5"
"20180113","토","남","60대이상","서울특별시","서대문구","홍제동","중국집","23"
"20180113","토","여","10대","서울특별시","서대문구","연희동","중국집","5"
"20180113","토","남","50대","서울특별시","서대문구","연희동","중국집","28"
"20180113","토","여","20대","서울특별시","서대문구","북가좌동","중국집","5"
"20180113","토","남","20대","서울특별시","서대문구","홍제동","중국집","28"
"20180113","토","남","10대","서울특별시","서대문구","연희동","중국집","6"
"20180113","토","여","10대","서울특별시","서대문구","홍제동","중국집","5"
"20180113","토","여","20대","서울특별시","서대문구","연희동","중국집","33"
"20180113","토","여","20대","서울특별시","서대문구","충정로3가","중국집","5"
"20180113","토","남","20대","서울특별시","서대문구","홍은동","중국집","5"
"20180113","토","여","20대","서울특별시","서대문구","홍은동","중국집","5"
"20180113","토","여","20대","서울특별시","서대문구","홍제동","중국집","11"
"20180113","토","여","30대","서울특별시","서대문구","남가좌동","중국집","5"
"20180113","토","여","30대","서울특별시","서대문구","연희동","중국집","43"
"20180113","토","여","30대","서울특별시","서대문구","창천동","중국집","34"
"20180113","토","여","10대","서울특별시","서대문구","창천동","중국집","5"
"20180113","토","여","30대","서울특별시","서대문구","홍제동","중국집","36"
"20180113","토","여","40대","서울특별시","서대문구","북가좌동","중국집","5"
"20180113","토","남","10대","서울특별시","서대문구","홍제동","중국집","5"
"20180113","토","여","40대","서울특별시","서대문구","연희동","중국집","52"
"20180113","토","여","40대","서울특별시","서대문구","창천동","중국집","37"
"20180113","토","여","40대","서울특별시","서대문구","충정로3가","중국집","5"
"20180113","토","여","40대","서울특별시","서대문구","홍제동","중국집","48"
"20180113","토","여","50대","서울특별시","서대문구","북가좌동","중국집","5"
"20180113","토","남","40대","서울특별시","서대문구","연희동","중국집","53"
"20180113","토","여","30대","서울특별시","서대문구","충정로3가","중국집","5"
"20180113","토","여","50대","서울특별시","서대문구","연희동","중국집","24"
"20180113","토","남","50대","서울특별시","서대문구","충정로3가","중국집","5"
"20180113","토","여","50대","서울특별시","서대문구","창천동","중국집","17"
"20180113","토","여","50대","서울특별시","서대문구","충정로3가","중국집","5"
"20180113","토","여","20대","서울특별시","서대문구","창천동","중국집","19"
"20180113","토","여","30대","서울특별시","서대문구","북가좌동","중국집","5"
"20180113","토","남","30대","서울특별시","서대문구","홍제동","중국집","39"
"20180113","토","여","50대","서울특별시","서대문구","북아현동","중국집","5"
"20180113","토","여","50대","서울특별시","서대문구","홍은동","중국집","5"
"20180113","토","여","50대","서울특별시","서대문구","홍제동","중국집","33"
"20180113","토","여","60대이상","서울특별시","서대문구","북가좌동","중국집","5"
"20180113","토","여","60대이상","서울특별시","서대문구","연희동","중국집","17"
"20180113","토","남","60대이상","서울특별시","서대문구","창천동","중국집","13"
"20180113","토","남","50대","서울특별시","서대문구","남가좌동","중국집","5"
"20180113","토","여","60대이상","서울특별시","서대문구","창천동","중국집","5"
"20180113","토","여","60대이상","서울특별시","서대문구","홍제동","중국집","14"
"20180113","토","여","60대이상","서울특별시","서대문구","홍은동","중국집","5"
"20180113","토","남","20대","서울특별시","서대문구","충정로2가","중국집","5"
"20180113","토","남","10대","서울특별시","서초구","반포동","중국집","5"
"20180113","토","남","10대","서울특별시","서초구","방배동","중국집","7"
"20180113","토","남","20대","서울특별시","서초구","반포동","중국집","8"
"20180113","토","남","20대","서울특별시","서초구","방배동","중국집","40"
"20180113","토","남","20대","서울특별시","서초구","서초동","중국집","5"
"20180113","토","남","20대","서울특별시","서초구","양재동","중국집","22"
"20180113","토","남","30대","서울특별시","서초구","양재동","중국집","48"
"20180113","토","남","30대","서울특별시","서초구","잠원동","중국집","5"
"20180113","토","남","40대","서울특별시","서초구","방배동","중국집","65"
"20180113","토","남","50대","서울특별시","서초구","방배동","중국집","41"
"20180113","토","남","50대","서울특별시","서초구","서초동","중국집","7"
"20180113","토","남","50대","서울특별시","서초구","양재동","중국집","28"
"20180113","토","남","30대","서울특별시","서초구","반포동","중국집","22"
"20180113","토","남","60대이상","서울특별시","서초구","반포동","중국집","8"
"20180113","토","남","60대이상","서울특별시","서초구","방배동","중국집","34"
"20180113","토","남","60대이상","서울특별시","서초구","서초동","중국집","5"
"20180113","토","남","60대이상","서울특별시","서초구","양재동","중국집","21"
"20180113","토","여","10대","서울특별시","서초구","반포동","중국집","5"
"20180113","토","여","10대","서울특별시","서초구","방배동","중국집","5"
"20180113","토","여","10대","서울특별시","서초구","서초동","중국집","5"
"20180113","토","여","10대","서울특별시","서초구","양재동","중국집","5"
"20180113","토","남","40대","서울특별시","서초구","양재동","중국집","57"
"20180113","토","여","20대","서울특별시","서초구","반포동","중국집","7"
"20180113","토","여","20대","서울특별시","서초구","방배동","중국집","13"
"20180113","토","여","20대","서울특별시","서초구","서초동","중국집","5"
"20180113","토","여","20대","서울특별시","서초구","양재동","중국집","9"
"20180113","토","여","30대","서울특별시","서초구","반포동","중국집","11"
"20180113","토","남","30대","서울특별시","서초구","서초동","중국집","13"
"20180113","토","남","30대","서울특별시","서초구","방배동","중국집","85"
"20180113","토","여","30대","서울특별시","서초구","양재동","중국집","50"
"20180113","토","남","40대","서울특별시","서초구","서초동","중국집","11"
"20180113","토","여","40대","서울특별시","서초구","반포동","중국집","37"
"20180113","토","여","40대","서울특별시","서초구","방배동","중국집","98"
"20180113","토","여","40대","서울특별시","서초구","서초동","중국집","8"
"20180113","토","여","40대","서울특별시","서초구","양재동","중국집","56"
"20180113","토","여","50대","서울특별시","서초구","반포동","중국집","16"
"20180113","토","여","40대","서울특별시","서초구","신원동","중국집","5"
"20180113","토","여","50대","서울특별시","서초구","방배동","중국집","57"
"20180113","토","여","50대","서울특별시","서초구","서초동","중국집","5"
"20180113","토","여","50대","서울특별시","서초구","양재동","중국집","21"
"20180113","토","여","30대","서울특별시","서초구","서초동","중국집","10"
"20180113","토","여","50대","서울특별시","서초구","잠원동","중국집","5"
"20180113","토","남","10대","서울특별시","서초구","양재동","중국집","6"
"20180113","토","여","60대이상","서울특별시","서초구","반포동","중국집","8"
"20180113","토","여","60대이상","서울특별시","서초구","방배동","중국집","26"
"20180113","토","남","50대","서울특별시","서초구","반포동","중국집","13"
"20180113","토","여","60대이상","서울특별시","서초구","서초동","중국집","5"
"20180113","토","여","30대","서울특별시","서초구","방배동","중국집","64"
"20180113","토","남","40대","서울특별시","서초구","반포동","중국집","25"
"20180113","토","여","60대이상","서울특별시","서초구","양재동","중국집","18"
"20180113","토","남","10대","서울특별시","성동구","성수동2가","중국집","10"
"20180113","토","남","20대","서울특별시","성동구","성수동2가","중국집","58"
"20180113","토","남","20대","서울특별시","성동구","옥수동","중국집","8"
"20180113","토","남","30대","서울특별시","성동구","성수동2가","중국집","99"
"20180113","토","남","40대","서울특별시","성동구","성수동2가","중국집","90"
"20180113","토","남","40대","서울특별시","성동구","옥수동","중국집","17"
"20180113","토","남","50대","서울특별시","성동구","성수동2가","중국집","56"
"20180113","토","남","50대","서울특별시","성동구","옥수동","중국집","11"
"20180113","토","남","60대이상","서울특별시","성동구","성수동1가","중국집","5"
"20180113","토","남","60대이상","서울특별시","성동구","성수동2가","중국집","28"
"20180113","토","남","30대","서울특별시","성동구","옥수동","중국집","20"
"20180113","토","남","60대이상","서울특별시","성동구","옥수동","중국집","19"
"20180113","토","여","10대","서울특별시","성동구","성수동2가","중국집","8"
"20180113","토","여","10대","서울특별시","성동구","옥수동","중국집","5"
"20180113","토","여","20대","서울특별시","성동구","옥수동","중국집","11"
"20180113","토","여","30대","서울특별시","성동구","성수동1가","중국집","5"
"20180113","토","남","10대","서울특별시","성동구","옥수동","중국집","5"
"20180113","토","여","30대","서울특별시","성동구","성수동2가","중국집","70"
"20180113","토","여","30대","서울특별시","성동구","옥수동","중국집","11"
"20180113","토","여","40대","서울특별시","성동구","성수동2가","중국집","68"
"20180113","토","여","40대","서울특별시","성동구","옥수동","중국집","27"
"20180113","토","여","50대","서울특별시","성동구","성수동2가","중국집","38"
"20180113","토","여","50대","서울특별시","성동구","옥수동","중국집","9"
"20180113","토","여","60대이상","서울특별시","성동구","성수동2가","중국집","25"
"20180113","토","여","60대이상","서울특별시","성동구","옥수동","중국집","6"
"20180113","토","여","20대","서울특별시","성동구","성수동2가","중국집","34"
"20180113","토","남","10대","서울특별시","성북구","동선동2가","중국집","5"
"20180113","토","남","20대","서울특별시","성북구","삼선동5가","중국집","5"
"20180113","토","남","30대","서울특별시","성북구","동선동2가","중국집","57"
"20180113","토","남","30대","서울특별시","성북구","삼선동5가","중국집","7"
"20180113","토","남","30대","서울특별시","성북구","정릉동","중국집","5"
"20180113","토","남","30대","서울특별시","성북구","종암동","중국집","5"
"20180113","토","남","40대","서울특별시","성북구","동선동2가","중국집","54"
"20180113","토","남","40대","서울특별시","성북구","정릉동","중국집","5"
"20180113","토","남","40대","서울특별시","성북구","하월곡동","중국집","5"
"20180113","토","남","50대","서울특별시","성북구","동선동2가","중국집","52"
"20180113","토","남","50대","서울특별시","성북구","정릉동","중국집","5"
"20180113","토","남","50대","서울특별시","성북구","종암동","중국집","5"
"20180113","토","남","40대","서울특별시","성북구","삼선동5가","중국집","5"
"20180113","토","남","60대이상","서울특별시","성북구","정릉동","중국집","5"
"20180113","토","남","60대이상","서울특별시","성북구","삼선동5가","중국집","5"
"20180113","토","남","60대이상","서울특별시","성북구","하월곡동","중국집","5"
"20180113","토","여","10대","서울특별시","성북구","길음동","중국집","5"
"20180113","토","남","50대","서울특별시","성북구","삼선동5가","중국집","5"
"20180113","토","여","10대","서울특별시","성북구","정릉동","중국집","5"
"20180113","토","여","20대","서울특별시","성북구","길음동","중국집","5"
"20180113","토","여","20대","서울특별시","성북구","동선동2가","중국집","23"
"20180113","토","여","20대","서울특별시","성북구","상월곡동","중국집","5"
"20180113","토","여","20대","서울특별시","성북구","하월곡동","중국집","5"
"20180113","토","남","40대","서울특별시","성북구","성북동","중국집","5"
"20180113","토","남","60대이상","서울특별시","성북구","동선동2가","중국집","35"
"20180113","토","여","30대","서울특별시","성북구","동선동2가","중국집","32"
"20180113","토","여","30대","서울특별시","성북구","삼선동5가","중국집","5"
"20180113","토","여","20대","서울특별시","성북구","정릉동","중국집","5"
"20180113","토","여","30대","서울특별시","성북구","상월곡동","중국집","5"
"20180113","토","남","50대","서울특별시","성북구","동선동3가","중국집","5"
"20180113","토","여","30대","서울특별시","성북구","하월곡동","중국집","5"
"20180113","토","여","30대","서울특별시","성북구","성북동","중국집","5"
"20180113","토","여","40대","서울특별시","성북구","동선동2가","중국집","60"
"20180113","토","여","40대","서울특별시","성북구","상월곡동","중국집","5"
"20180113","토","여","40대","서울특별시","성북구","성북동","중국집","5"
"20180113","토","여","40대","서울특별시","성북구","정릉동","중국집","5"
"20180113","토","남","20대","서울특별시","성북구","동선동3가","중국집","5"
"20180113","토","여","40대","서울특별시","성북구","종암동","중국집","5"
"20180113","토","남","30대","서울특별시","성북구","하월곡동","중국집","5"
"20180113","토","여","40대","서울특별시","성북구","하월곡동","중국집","6"
"20180113","토","여","50대","서울특별시","성북구","동선동2가","중국집","35"
"20180113","토","남","50대","서울특별시","성북구","하월곡동","중국집","5"
"20180113","토","여","20대","서울특별시","성북구","삼선동5가","중국집","5"
"20180113","토","여","30대","서울특별시","성북구","정릉동","중국집","5"
"20180113","토","여","50대","서울특별시","성북구","동선동3가","중국집","5"
"20180113","토","여","10대","서울특별시","성북구","동선동2가","중국집","5"
"20180113","토","여","50대","서울특별시","성북구","삼선동5가","중국집","5"
"20180113","토","남","20대","서울특별시","성북구","동선동2가","중국집","37"
"20180113","토","남","20대","서울특별시","성북구","정릉동","중국집","7"
"20180113","토","여","50대","서울특별시","성북구","정릉동","중국집","5"
"20180113","토","여","50대","서울특별시","성북구","종암동","중국집","5"
"20180113","토","여","50대","서울특별시","성북구","하월곡동","중국집","5"
"20180113","토","남","60대이상","서울특별시","성북구","상월곡동","중국집","5"
"20180113","토","여","60대이상","서울특별시","성북구","동선동2가","중국집","23"
"20180113","토","여","60대이상","서울특별시","성북구","삼선동5가","중국집","5"
"20180113","토","남","10대","서울특별시","성북구","하월곡동","중국집","5"
"20180113","토","여","40대","서울특별시","성북구","동선동3가","중국집","5"
"20180113","토","여","40대","서울특별시","성북구","삼선동5가","중국집","5"
"20180113","토","여","60대이상","서울특별시","성북구","종암동","중국집","5"
"20180113","토","여","60대이상","서울특별시","성북구","하월곡동","중국집","5"
"20180113","토","남","10대","서울특별시","송파구","송파동","중국집","13"
"20180113","토","남","10대","서울특별시","송파구","풍납동","중국집","5"
"20180113","토","남","20대","서울특별시","송파구","가락동","중국집","13"
"20180113","토","남","20대","서울특별시","송파구","마천동","중국집","5"
"20180113","토","남","20대","서울특별시","송파구","잠실동","중국집","5"
"20180113","토","남","20대","서울특별시","송파구","풍납동","중국집","5"
"20180113","토","남","30대","서울특별시","송파구","가락동","중국집","17"
"20180113","토","남","30대","서울특별시","송파구","송파동","중국집","104"
"20180113","토","남","40대","서울특별시","송파구","가락동","중국집","12"
"20180113","토","남","10대","서울특별시","송파구","가락동","중국집","5"
"20180113","토","남","40대","서울특별시","송파구","잠실동","중국집","5"
"20180113","토","남","40대","서울특별시","송파구","풍납동","중국집","5"
"20180113","토","남","50대","서울특별시","송파구","가락동","중국집","13"
"20180113","토","남","50대","서울특별시","송파구","마천동","중국집","5"
"20180113","토","남","60대이상","서울특별시","송파구","가락동","중국집","5"
"20180113","토","남","60대이상","서울특별시","송파구","송파동","중국집","31"
"20180113","토","남","60대이상","서울특별시","송파구","풍납동","중국집","5"
"20180113","토","여","10대","서울특별시","송파구","가락동","중국집","5"
"20180113","토","여","10대","서울특별시","송파구","송파동","중국집","5"
"20180113","토","남","40대","서울특별시","송파구","송파동","중국집","83"
"20180113","토","여","20대","서울특별시","송파구","가락동","중국집","5"
"20180113","토","남","30대","서울특별시","송파구","풍납동","중국집","5"
"20180113","토","여","20대","서울특별시","송파구","마천동","중국집","5"
"20180113","토","여","20대","서울특별시","송파구","송파동","중국집","38"
"20180113","토","남","20대","서울특별시","송파구","송파동","중국집","58"
"20180113","토","여","30대","서울특별시","송파구","마천동","중국집","5"
"20180113","토","여","30대","서울특별시","송파구","송파동","중국집","73"
"20180113","토","여","30대","서울특별시","송파구","가락동","중국집","9"
"20180113","토","여","30대","서울특별시","송파구","풍납동","중국집","5"
"20180113","토","여","40대","서울특별시","송파구","가락동","중국집","20"
"20180113","토","여","40대","서울특별시","송파구","풍납동","중국집","6"
"20180113","토","여","50대","서울특별시","송파구","가락동","중국집","5"
"20180113","토","여","40대","서울특별시","송파구","송파동","중국집","117"
"20180113","토","여","20대","서울특별시","송파구","풍납동","중국집","5"
"20180113","토","남","40대","서울특별시","송파구","마천동","중국집","5"
"20180113","토","여","50대","서울특별시","송파구","방이동","중국집","5"
"20180113","토","여","50대","서울특별시","송파구","송파동","중국집","53"
"20180113","토","여","50대","서울특별시","송파구","풍납동","중국집","5"
"20180113","토","남","50대","서울특별시","송파구","송파동","중국집","60"
"20180113","토","여","40대","서울특별시","송파구","잠실동","중국집","5"
"20180113","토","여","60대이상","서울특별시","송파구","가락동","중국집","6"
"20180113","토","여","60대이상","서울특별시","송파구","송파동","중국집","19"
"20180113","토","여","60대이상","서울특별시","송파구","풍납동","중국집","5"
"20180113","토","남","10대","서울특별시","양천구","신정동","중국집","5"
"20180113","토","남","10대","서울특별시","양천구","신월동","중국집","5"
"20180113","토","남","20대","서울특별시","양천구","목동","중국집","5"
"20180113","토","남","20대","서울특별시","양천구","신월동","중국집","7"
"20180113","토","남","10대","서울특별시","양천구","목동","중국집","5"
"20180113","토","남","20대","서울특별시","양천구","신정동","중국집","10"
"20180113","토","남","30대","서울특별시","양천구","목동","중국집","5"
"20180113","토","남","30대","서울특별시","양천구","신월동","중국집","5"
"20180113","토","남","40대","서울특별시","양천구","목동","중국집","5"
"20180113","토","남","40대","서울특별시","양천구","신월동","중국집","5"
"20180113","토","남","50대","서울특별시","양천구","신월동","중국집","5"
"20180113","토","남","60대이상","서울특별시","양천구","신월동","중국집","6"
"20180113","토","여","10대","서울특별시","양천구","신월동","중국집","5"
"20180113","토","여","20대","서울특별시","양천구","목동","중국집","5"
"20180113","토","여","20대","서울특별시","양천구","신월동","중국집","5"
"20180113","토","여","20대","서울특별시","양천구","신정동","중국집","8"
"20180113","토","여","30대","서울특별시","양천구","목동","중국집","5"
"20180113","토","여","30대","서울특별시","양천구","신정동","중국집","9"
"20180113","토","여","40대","서울특별시","양천구","목동","중국집","5"
"20180113","토","여","40대","서울특별시","양천구","신월동","중국집","5"
"20180113","토","남","60대이상","서울특별시","양천구","신정동","중국집","10"
"20180113","토","여","40대","서울특별시","양천구","신정동","중국집","22"
"20180113","토","여","50대","서울특별시","양천구","신월동","중국집","5"
"20180113","토","여","50대","서울특별시","양천구","신정동","중국집","18"
"20180113","토","여","60대이상","서울특별시","양천구","목동","중국집","5"
"20180113","토","여","30대","서울특별시","양천구","신월동","중국집","5"
"20180113","토","여","60대이상","서울특별시","양천구","신월동","중국집","5"
"20180113","토","남","30대","서울특별시","양천구","신정동","중국집","14"
"20180113","토","남","40대","서울특별시","양천구","신정동","중국집","25"
"20180113","토","남","50대","서울특별시","양천구","신정동","중국집","13"
"20180113","토","여","60대이상","서울특별시","양천구","신정동","중국집","6"
"20180113","토","남","10대","서울특별시","영등포구","문래동2가","중국집","6"
"20180113","토","남","10대","서울특별시","영등포구","문래동3가","중국집","5"
"20180113","토","남","10대","서울특별시","영등포구","여의도동","중국집","5"
"20180113","토","남","20대","서울특별시","영등포구","대림동","중국집","5"
"20180113","토","남","20대","서울특별시","영등포구","문래동3가","중국집","16"
"20180113","토","남","20대","서울특별시","영등포구","여의도동","중국집","11"
"20180113","토","남","20대","서울특별시","영등포구","영등포동1가","중국집","5"
"20180113","토","남","30대","서울특별시","영등포구","문래동3가","중국집","38"
"20180113","토","남","20대","서울특별시","영등포구","문래동2가","중국집","10"
"20180113","토","남","30대","서울특별시","영등포구","신길동","중국집","5"
"20180113","토","남","30대","서울특별시","영등포구","영등포동1가","중국집","5"
"20180113","토","남","10대","서울특별시","영등포구","대림동","중국집","5"
"20180113","토","남","40대","서울특별시","영등포구","문래동3가","중국집","54"
"20180113","토","남","50대","서울특별시","영등포구","당산동3가","중국집","5"
"20180113","토","남","50대","서울특별시","영등포구","문래동2가","중국집","10"
"20180113","토","남","50대","서울특별시","영등포구","문래동3가","중국집","21"
"20180113","토","남","50대","서울특별시","영등포구","신길동","중국집","5"
"20180113","토","남","50대","서울특별시","영등포구","영등포동1가","중국집","5"
"20180113","토","남","40대","서울특별시","영등포구","당산동6가","중국집","5"
"20180113","토","남","30대","서울특별시","영등포구","여의도동","중국집","28"
"20180113","토","남","60대이상","서울특별시","영등포구","문래동2가","중국집","11"
"20180113","토","남","60대이상","서울특별시","영등포구","문래동3가","중국집","22"
"20180113","토","남","60대이상","서울특별시","영등포구","여의도동","중국집","9"
"20180113","토","여","10대","서울특별시","영등포구","문래동3가","중국집","5"
"20180113","토","여","20대","서울특별시","영등포구","문래동2가","중국집","5"
"20180113","토","여","20대","서울특별시","영등포구","문래동3가","중국집","8"
"20180113","토","여","20대","서울특별시","영등포구","영등포동1가","중국집","5"
"20180113","토","여","20대","서울특별시","영등포구","영등포동8가","중국집","5"
"20180113","토","여","30대","서울특별시","영등포구","대림동","중국집","5"
"20180113","토","남","40대","서울특별시","영등포구","영등포동7가","중국집","5"
"20180113","토","여","30대","서울특별시","영등포구","문래동3가","중국집","28"
"20180113","토","남","40대","서울특별시","영등포구","영등포동1가","중국집","7"
"20180113","토","여","20대","서울특별시","영등포구","영등포동7가","중국집","5"
"20180113","토","여","30대","서울특별시","영등포구","신길동","중국집","5"
"20180113","토","남","30대","서울특별시","영등포구","대림동","중국집","5"
"20180113","토","여","30대","서울특별시","영등포구","문래동2가","중국집","15"
"20180113","토","여","30대","서울특별시","영등포구","여의도동","중국집","7"
"20180113","토","여","30대","서울특별시","영등포구","영등포동1가","중국집","5"
"20180113","토","여","40대","서울특별시","영등포구","대림동","중국집","5"
"20180113","토","남","30대","서울특별시","영등포구","문래동2가","중국집","22"
"20180113","토","여","40대","서울특별시","영등포구","문래동2가","중국집","34"
"20180113","토","여","40대","서울특별시","영등포구","신길동","중국집","5"
"20180113","토","여","10대","서울특별시","영등포구","신길동","중국집","5"
"20180113","토","여","40대","서울특별시","영등포구","문래동3가","중국집","28"
"20180113","토","여","40대","서울특별시","영등포구","여의도동","중국집","13"
"20180113","토","여","40대","서울특별시","영등포구","영등포동1가","중국집","5"
"20180113","토","남","40대","서울특별시","영등포구","대림동","중국집","5"
"20180113","토","여","50대","서울특별시","영등포구","대림동","중국집","5"
"20180113","토","여","50대","서울특별시","영등포구","문래동2가","중국집","12"
"20180113","토","남","50대","서울특별시","영등포구","여의도동","중국집","21"
"20180113","토","여","50대","서울특별시","영등포구","문래동3가","중국집","12"
"20180113","토","여","50대","서울특별시","영등포구","여의도동","중국집","9"
"20180113","토","여","50대","서울특별시","영등포구","영등포동1가","중국집","5"
"20180113","토","남","40대","서울특별시","영등포구","신길동","중국집","5"
"20180113","토","여","20대","서울특별시","영등포구","대림동","중국집","5"
"20180113","토","여","60대이상","서울특별시","영등포구","대림동","중국집","5"
"20180113","토","남","40대","서울특별시","영등포구","여의도동","중국집","15"
"20180113","토","여","60대이상","서울특별시","영등포구","문래동2가","중국집","10"
"20180113","토","여","20대","서울특별시","영등포구","여의도동","중국집","6"
"20180113","토","남","40대","서울특별시","영등포구","문래동2가","중국집","32"
"20180113","토","여","60대이상","서울특별시","영등포구","문래동3가","중국집","5"
"20180113","토","여","60대이상","서울특별시","영등포구","여의도동","중국집","6"
"20180113","토","남","50대","서울특별시","영등포구","대림동","중국집","5"
"20180113","토","남","60대이상","서울특별시","영등포구","영등포동1가","중국집","5"
"20180113","토","여","60대이상","서울특별시","영등포구","영등포동1가","중국집","5"
"20180113","토","여","10대","서울특별시","영등포구","여의도동","중국집","5"
"20180113","토","남","10대","서울특별시","용산구","한강로3가","중국집","5"
"20180113","토","남","20대","서울특별시","용산구","도원동","중국집","5"
"20180113","토","남","20대","서울특별시","용산구","이촌동","중국집","5"
"20180113","토","남","20대","서울특별시","용산구","이태원동","중국집","5"
"20180113","토","남","20대","서울특별시","용산구","한강로3가","중국집","11"
"20180113","토","남","20대","서울특별시","용산구","한남동","중국집","5"
"20180113","토","남","20대","서울특별시","용산구","후암동","중국집","13"
"20180113","토","남","30대","서울특별시","용산구","동자동","중국집","5"
"20180113","토","남","30대","서울특별시","용산구","보광동","중국집","5"
"20180113","토","남","30대","서울특별시","용산구","원효로4가","중국집","5"
"20180113","토","남","10대","서울특별시","용산구","이촌동","중국집","5"
"20180113","토","남","30대","서울특별시","용산구","이태원동","중국집","6"
"20180113","토","남","40대","서울특별시","용산구","갈월동","중국집","5"
"20180113","토","남","40대","서울특별시","용산구","도원동","중국집","5"
"20180113","토","남","40대","서울특별시","용산구","원효로4가","중국집","5"
"20180113","토","남","30대","서울특별시","용산구","한남동","중국집","5"
"20180113","토","남","40대","서울특별시","용산구","한강로3가","중국집","58"
"20180113","토","남","40대","서울특별시","용산구","한남동","중국집","5"
"20180113","토","남","40대","서울특별시","용산구","후암동","중국집","45"
"20180113","토","남","50대","서울특별시","용산구","보광동","중국집","5"
"20180113","토","남","60대이상","서울특별시","용산구","도원동","중국집","5"
"20180113","토","남","60대이상","서울특별시","용산구","신계동","중국집","5"
"20180113","토","남","40대","서울특별시","용산구","보광동","중국집","6"
"20180113","토","남","50대","서울특별시","용산구","이태원동","중국집","5"
"20180113","토","남","60대이상","서울특별시","용산구","원효로4가","중국집","6"
"20180113","토","남","60대이상","서울특별시","용산구","한강로3가","중국집","22"
"20180113","토","남","30대","서울특별시","용산구","후암동","중국집","22"
"20180113","토","남","60대이상","서울특별시","용산구","후암동","중국집","26"
"20180113","토","남","50대","서울특별시","용산구","후암동","중국집","38"
"20180113","토","여","20대","서울특별시","용산구","이촌동","중국집","5"
"20180113","토","여","20대","서울특별시","용산구","후암동","중국집","7"
"20180113","토","남","20대","서울특별시","용산구","보광동","중국집","5"
"20180113","토","여","30대","서울특별시","용산구","동자동","중국집","5"
"20180113","토","여","20대","서울특별시","용산구","신계동","중국집","5"
"20180113","토","남","30대","서울특별시","용산구","한강로3가","중국집","43"
"20180113","토","남","40대","서울특별시","용산구","동자동","중국집","5"
"20180113","토","남","20대","서울특별시","용산구","신계동","중국집","5"
"20180113","토","여","30대","서울특별시","용산구","신계동","중국집","5"
"20180113","토","여","30대","서울특별시","용산구","이촌동","중국집","7"
"20180113","토","남","40대","서울특별시","용산구","신계동","중국집","5"
"20180113","토","남","40대","서울특별시","용산구","효창동","중국집","5"
"20180113","토","여","30대","서울특별시","용산구","이태원동","중국집","5"
"20180113","토","여","30대","서울특별시","용산구","한강로3가","중국집","39"
"20180113","토","여","40대","서울특별시","용산구","보광동","중국집","5"
"20180113","토","남","30대","서울특별시","용산구","이촌동","중국집","5"
"20180113","토","여","40대","서울특별시","용산구","신계동","중국집","5"
"20180113","토","여","40대","서울특별시","용산구","동자동","중국집","5"
"20180113","토","여","40대","서울특별시","용산구","원효로4가","중국집","5"
"20180113","토","여","30대","서울특별시","용산구","보광동","중국집","5"
"20180113","토","여","40대","서울특별시","용산구","이촌동","중국집","12"
"20180113","토","여","40대","서울특별시","용산구","이태원동","중국집","5"
"20180113","토","여","40대","서울특별시","용산구","한강로3가","중국집","53"
"20180113","토","남","30대","서울특별시","용산구","도원동","중국집","5"
"20180113","토","여","40대","서울특별시","용산구","한남동","중국집","5"
"20180113","토","남","30대","서울특별시","용산구","신계동","중국집","5"
"20180113","토","여","40대","서울특별시","용산구","후암동","중국집","22"
"20180113","토","여","50대","서울특별시","용산구","보광동","중국집","5"
"20180113","토","여","50대","서울특별시","용산구","이촌동","중국집","5"
"20180113","토","남","60대이상","서울특별시","용산구","보광동","중국집","5"
"20180113","토","여","50대","서울특별시","용산구","이태원동","중국집","5"
"20180113","토","여","50대","서울특별시","용산구","한강로3가","중국집","30"
"20180113","토","여","50대","서울특별시","용산구","후암동","중국집","20"
"20180113","토","남","50대","서울특별시","용산구","한강로3가","중국집","32"
"20180113","토","여","30대","서울특별시","용산구","후암동","중국집","22"
"20180113","토","여","60대이상","서울특별시","용산구","보광동","중국집","5"
"20180113","토","여","60대이상","서울특별시","용산구","신계동","중국집","5"
"20180113","토","여","60대이상","서울특별시","용산구","원효로4가","중국집","5"
"20180113","토","여","20대","서울특별시","용산구","이태원동","중국집","5"
"20180113","토","여","60대이상","서울특별시","용산구","이태원동","중국집","5"
"20180113","토","여","60대이상","서울특별시","용산구","한강로3가","중국집","12"
"20180113","토","남","60대이상","서울특별시","용산구","이태원동","중국집","5"
"20180113","토","여","20대","서울특별시","용산구","한강로3가","중국집","6"
"20180113","토","여","60대이상","서울특별시","용산구","후암동","중국집","16"
"20180113","토","남","10대","서울특별시","은평구","불광동","중국집","13"
"20180113","토","남","20대","서울특별시","은평구","구산동","중국집","5"
"20180113","토","남","10대","서울특별시","은평구","증산동","중국집","5"
"20180113","토","남","20대","서울특별시","은평구","불광동","중국집","27"
"20180113","토","남","30대","서울특별시","은평구","구산동","중국집","5"
"20180113","토","남","30대","서울특별시","은평구","증산동","중국집","5"
"20180113","토","남","40대","서울특별시","은평구","구산동","중국집","5"
"20180113","토","남","40대","서울특별시","은평구","증산동","중국집","6"
"20180113","토","남","50대","서울특별시","은평구","수색동","중국집","5"
"20180113","토","남","60대이상","서울특별시","은평구","구산동","중국집","5"
"20180113","토","남","60대이상","서울특별시","은평구","불광동","중국집","29"
"20180113","토","남","40대","서울특별시","은평구","불광동","중국집","62"
"20180113","토","남","60대이상","서울특별시","은평구","증산동","중국집","5"
"20180113","토","여","10대","서울특별시","은평구","구산동","중국집","6"
"20180113","토","여","10대","서울특별시","은평구","증산동","중국집","5"
"20180113","토","여","20대","서울특별시","은평구","구산동","중국집","5"
"20180113","토","여","20대","서울특별시","은평구","불광동","중국집","8"
"20180113","토","남","10대","서울특별시","은평구","구산동","중국집","5"
"20180113","토","여","20대","서울특별시","은평구","증산동","중국집","5"
"20180113","토","여","10대","서울특별시","은평구","불광동","중국집","5"
"20180113","토","여","30대","서울특별시","은평구","불광동","중국집","37"
"20180113","토","여","30대","서울특별시","은평구","수색동","중국집","5"
"20180113","토","여","30대","서울특별시","은평구","증산동","중국집","8"
"20180113","토","여","40대","서울특별시","은평구","구산동","중국집","5"
"20180113","토","남","30대","서울특별시","은평구","불광동","중국집","68"
"20180113","토","남","50대","서울특별시","은평구","불광동","중국집","26"
"20180113","토","여","40대","서울특별시","은평구","불광동","중국집","70"
"20180113","토","남","20대","서울특별시","은평구","증산동","중국집","5"
"20180113","토","여","40대","서울특별시","은평구","증산동","중국집","5"
"20180113","토","여","50대","서울특별시","은평구","구산동","중국집","5"
"20180113","토","여","30대","서울특별시","은평구","구산동","중국집","5"
"20180113","토","여","50대","서울특별시","은평구","불광동","중국집","32"
"20180113","토","여","50대","서울특별시","은평구","수색동","중국집","5"
"20180113","토","여","50대","서울특별시","은평구","증산동","중국집","5"
"20180113","토","남","50대","서울특별시","은평구","증산동","중국집","5"
"20180113","토","여","60대이상","서울특별시","은평구","구산동","중국집","5"
"20180113","토","여","60대이상","서울특별시","은평구","불광동","중국집","10"
"20180113","토","여","60대이상","서울특별시","은평구","수색동","중국집","5"
"20180113","토","여","60대이상","서울특별시","은평구","증산동","중국집","5"
"20180113","토","남","10대","서울특별시","종로구","창성동","중국집","5"
"20180113","토","남","10대","서울특별시","종로구","평창동","중국집","5"
"20180113","토","남","20대","서울특별시","종로구","교남동","중국집","5"
"20180113","토","남","20대","서울특별시","종로구","낙원동","중국집","5"
"20180113","토","남","20대","서울특별시","종로구","종로6가","중국집","5"
"20180113","토","남","20대","서울특별시","종로구","평창동","중국집","5"
"20180113","토","남","30대","서울특별시","종로구","동숭동","중국집","6"
"20180113","토","남","10대","서울특별시","종로구","교남동","중국집","5"
"20180113","토","남","30대","서울특별시","종로구","종로6가","중국집","5"
"20180113","토","남","30대","서울특별시","종로구","창성동","중국집","5"
"20180113","토","남","40대","서울특별시","종로구","관수동","중국집","5"
"20180113","토","남","40대","서울특별시","종로구","교남동","중국집","5"
"20180113","토","남","40대","서울특별시","종로구","동숭동","중국집","5"
"20180113","토","남","40대","서울특별시","종로구","숭인동","중국집","5"
"20180113","토","남","40대","서울특별시","종로구","옥인동","중국집","5"
"20180113","토","남","50대","서울특별시","종로구","원서동","중국집","5"
"20180113","토","남","20대","서울특별시","종로구","명륜1가","중국집","5"
"20180113","토","남","50대","서울특별시","종로구","창성동","중국집","5"
"20180113","토","남","30대","서울특별시","종로구","낙원동","중국집","5"
"20180113","토","남","50대","서울특별시","종로구","평창동","중국집","5"
"20180113","토","남","60대이상","서울특별시","종로구","낙원동","중국집","5"
"20180113","토","남","60대이상","서울특별시","종로구","명륜1가","중국집","5"
"20180113","토","여","10대","서울특별시","종로구","교남동","중국집","5"
"20180113","토","남","40대","서울특별시","종로구","종로6가","중국집","5"
"20180113","토","남","30대","서울특별시","종로구","경운동","중국집","5"
"20180113","토","여","20대","서울특별시","종로구","숭인동","중국집","5"
"20180113","토","남","60대이상","서울특별시","종로구","관수동","중국집","5"
"20180113","토","여","20대","서울특별시","종로구","창성동","중국집","5"
"20180113","토","여","30대","서울특별시","종로구","경운동","중국집","5"
"20180113","토","여","30대","서울특별시","종로구","관수동","중국집","5"
"20180113","토","여","30대","서울특별시","종로구","교남동","중국집","5"
"20180113","토","여","30대","서울특별시","종로구","신문로2가","중국집","5"
"20180113","토","남","30대","서울특별시","종로구","관수동","중국집","5"
"20180113","토","여","30대","서울특별시","종로구","원서동","중국집","5"
"20180113","토","남","20대","서울특별시","종로구","동숭동","중국집","5"
"20180113","토","여","30대","서울특별시","종로구","창성동","중국집","5"
"20180113","토","여","30대","서울특별시","종로구","평창동","중국집","7"
"20180113","토","남","30대","서울특별시","종로구","숭인동","중국집","5"
"20180113","토","남","40대","서울특별시","종로구","원서동","중국집","5"
"20180113","토","여","40대","서울특별시","종로구","교남동","중국집","5"
"20180113","토","남","20대","서울특별시","종로구","종로3가","중국집","5"
"20180113","토","여","40대","서울특별시","종로구","낙원동","중국집","5"
"20180113","토","여","40대","서울특별시","종로구","창성동","중국집","5"
"20180113","토","남","20대","서울특별시","종로구","신문로2가","중국집","5"
"20180113","토","여","30대","서울특별시","종로구","숭인동","중국집","5"
"20180113","토","남","50대","서울특별시","종로구","숭인동","중국집","5"
"20180113","토","여","40대","서울특별시","종로구","청진동","중국집","5"
"20180113","토","여","40대","서울특별시","종로구","평창동","중국집","5"
"20180113","토","남","20대","서울특별시","종로구","숭인동","중국집","5"
"20180113","토","여","50대","서울특별시","종로구","동숭동","중국집","5"
"20180113","토","남","60대이상","서울특별시","종로구","교남동","중국집","5"
"20180113","토","남","30대","서울특별시","종로구","평창동","중국집","5"
"20180113","토","여","20대","서울특별시","종로구","원서동","중국집","5"
"20180113","토","여","50대","서울특별시","종로구","명륜3가","중국집","5"
"20180113","토","여","50대","서울특별시","종로구","서린동","중국집","5"
"20180113","토","여","20대","서울특별시","종로구","종로6가","중국집","5"
"20180113","토","남","50대","서울특별시","종로구","관수동","중국집","5"
"20180113","토","여","40대","서울특별시","종로구","동숭동","중국집","5"
"20180113","토","여","50대","서울특별시","종로구","숭인동","중국집","5"
"20180113","토","여","20대","서울특별시","종로구","평창동","중국집","5"
"20180113","토","남","40대","서울특별시","종로구","신문로2가","중국집","5"
"20180113","토","남","60대이상","서울특별시","종로구","원서동","중국집","5"
"20180113","토","남","50대","서울특별시","종로구","낙원동","중국집","5"
"20180113","토","남","40대","서울특별시","종로구","평창동","중국집","5"
"20180113","토","여","50대","서울특별시","종로구","신문로2가","중국집","5"
"20180113","토","여","50대","서울특별시","종로구","원서동","중국집","5"
"20180113","토","남","10대","서울특별시","종로구","숭인동","중국집","5"
"20180113","토","여","50대","서울특별시","종로구","종로3가","중국집","5"
"20180113","토","남","60대이상","서울특별시","종로구","숭인동","중국집","5"
"20180113","토","여","50대","서울특별시","종로구","평창동","중국집","5"
"20180113","토","여","60대이상","서울특별시","종로구","낙원동","중국집","5"
"20180113","토","남","40대","서울특별시","종로구","창성동","중국집","5"
"20180113","토","여","20대","서울특별시","종로구","동숭동","중국집","5"
"20180113","토","여","60대이상","서울특별시","종로구","동숭동","중국집","5"
"20180113","토","남","60대이상","서울특별시","종로구","동숭동","중국집","5"
"20180113","토","남","30대","서울특별시","종로구","신문로2가","중국집","5"
"20180113","토","여","20대","서울특별시","종로구","교남동","중국집","5"
"20180113","토","여","50대","서울특별시","종로구","교남동","중국집","5"
"20180113","토","여","30대","서울특별시","종로구","동숭동","중국집","5"
"20180113","토","여","60대이상","서울특별시","종로구","원서동","중국집","5"
"20180113","토","여","50대","서울특별시","종로구","창성동","중국집","5"
"20180113","토","여","60대이상","서울특별시","종로구","평창동","중국집","5"
"20180113","토","남","30대","서울특별시","종로구","교남동","중국집","5"
"20180113","토","남","50대","서울특별시","종로구","종로6가","중국집","5"
"20180113","토","남","10대","서울특별시","중구","수하동","중국집","11"
"20180113","토","남","20대","서울특별시","중구","명동1가","중국집","5"
"20180113","토","남","20대","서울특별시","중구","수하동","중국집","23"
"20180113","토","남","30대","서울특별시","중구","충무로1가","중국집","5"
"20180113","토","남","40대","서울특별시","중구","수하동","중국집","54"
"20180113","토","남","40대","서울특별시","중구","회현동1가","중국집","5"
"20180113","토","남","40대","서울특별시","중구","신당동","중국집","100"
"20180113","토","남","50대","서울특별시","중구","수하동","중국집","49"
"20180113","토","남","50대","서울특별시","중구","신당동","중국집","56"
"20180113","토","남","50대","서울특별시","중구","을지로6가","중국집","5"
"20180113","토","남","30대","서울특별시","중구","신당동","중국집","88"
"20180113","토","남","60대이상","서울특별시","중구","신당동","중국집","32"
"20180113","토","남","60대이상","서울특별시","중구","을지로6가","중국집","5"
"20180113","토","남","20대","서울특별시","중구","회현동1가","중국집","5"
"20180113","토","남","30대","서울특별시","중구","회현동1가","중국집","5"
"20180113","토","남","60대이상","서울특별시","중구","필동2가","중국집","5"
"20180113","토","여","10대","서울특별시","중구","수하동","중국집","5"
"20180113","토","여","10대","서울특별시","중구","신당동","중국집","5"
"20180113","토","여","10대","서울특별시","중구","필동2가","중국집","5"
"20180113","토","여","20대","서울특별시","중구","을지로6가","중국집","5"
"20180113","토","남","50대","서울특별시","중구","을지로3가","중국집","5"
"20180113","토","여","20대","서울특별시","중구","충무로1가","중국집","5"
"20180113","토","여","30대","서울특별시","중구","신당동","중국집","54"
"20180113","토","여","30대","서울특별시","중구","을지로1가","중국집","5"
"20180113","토","남","40대","서울특별시","중구","필동2가","중국집","5"
"20180113","토","남","50대","서울특별시","중구","회현동1가","중국집","5"
"20180113","토","여","30대","서울특별시","중구","을지로6가","중국집","5"
"20180113","토","여","20대","서울특별시","중구","신당동","중국집","26"
"20180113","토","여","20대","서울특별시","중구","필동2가","중국집","5"
"20180113","토","남","60대이상","서울특별시","중구","주교동","중국집","5"
"20180113","토","남","30대","서울특별시","중구","을지로6가","중국집","5"
"20180113","토","여","30대","서울특별시","중구","주교동","중국집","5"
"20180113","토","남","60대이상","서울특별시","중구","수하동","중국집","24"
"20180113","토","여","40대","서울특별시","중구","수하동","중국집","17"
"20180113","토","남","40대","서울특별시","중구","서소문동","중국집","5"
"20180113","토","여","40대","서울특별시","중구","신당동","중국집","89"
"20180113","토","남","20대","서울특별시","중구","신당동","중국집","34"
"20180113","토","여","20대","서울특별시","중구","수하동","중국집","10"
"20180113","토","여","40대","서울특별시","중구","을지로1가","중국집","5"
"20180113","토","남","20대","서울특별시","중구","주교동","중국집","5"
"20180113","토","여","40대","서울특별시","중구","을지로6가","중국집","5"
"20180113","토","남","60대이상","서울특별시","중구","명동1가","중국집","5"
"20180113","토","남","30대","서울특별시","중구","을지로3가","중국집","5"
"20180113","토","여","40대","서울특별시","중구","정동","중국집","5"
"20180113","토","여","50대","서울특별시","중구","수하동","중국집","17"
"20180113","토","여","50대","서울특별시","중구","신당동","중국집","43"
"20180113","토","남","10대","서울특별시","중구","신당동","중국집","12"
"20180113","토","여","30대","서울특별시","중구","충무로1가","중국집","5"
"20180113","토","여","50대","서울특별시","중구","을지로3가","중국집","5"
"20180113","토","여","50대","서울특별시","중구","을지로6가","중국집","5"
"20180113","토","남","20대","서울특별시","중구","을지로6가","중국집","5"
"20180113","토","남","30대","서울특별시","중구","수하동","중국집","67"
"20180113","토","여","50대","서울특별시","중구","필동2가","중국집","5"
"20180113","토","여","60대이상","서울특별시","중구","수하동","중국집","11"
"20180113","토","남","40대","서울특별시","중구","을지로6가","중국집","5"
"20180113","토","여","30대","서울특별시","중구","수하동","중국집","19"
"20180113","토","여","60대이상","서울특별시","중구","을지로6가","중국집","5"
"20180113","토","여","60대이상","서울특별시","중구","신당동","중국집","34"
"20180113","토","남","50대","서울특별시","중구","수표동","중국집","5"
"20180113","토","여","60대이상","서울특별시","중구","충무로1가","중국집","5"
"20180113","토","남","10대","서울특별시","중랑구","면목동","중국집","5"
"20180113","토","남","20대","서울특별시","중랑구","망우동","중국집","5"
"20180113","토","남","20대","서울특별시","중랑구","면목동","중국집","31"
"20180113","토","남","30대","서울특별시","중랑구","망우동","중국집","5"
"20180113","토","남","30대","서울특별시","중랑구","면목동","중국집","60"
"20180113","토","남","30대","서울특별시","중랑구","묵동","중국집","5"
"20180113","토","남","30대","서울특별시","중랑구","상봉동","중국집","5"
"20180113","토","남","30대","서울특별시","중랑구","신내동","중국집","5"
"20180113","토","남","40대","서울특별시","중랑구","망우동","중국집","5"
"20180113","토","남","40대","서울특별시","중랑구","면목동","중국집","65"
"20180113","토","남","40대","서울특별시","중랑구","묵동","중국집","5"
"20180113","토","남","20대","서울특별시","중랑구","묵동","중국집","5"
"20180113","토","남","10대","서울특별시","중랑구","묵동","중국집","5"
"20180113","토","남","50대","서울특별시","중랑구","면목동","중국집","41"
"20180113","토","남","50대","서울특별시","중랑구","묵동","중국집","5"
"20180113","토","남","60대이상","서울특별시","중랑구","면목동","중국집","17"
"20180113","토","남","60대이상","서울특별시","중랑구","중화동","중국집","5"
"20180113","토","여","10대","서울특별시","중랑구","망우동","중국집","5"
"20180113","토","여","10대","서울특별시","중랑구","면목동","중국집","5"
"20180113","토","여","20대","서울특별시","중랑구","상봉동","중국집","5"
"20180113","토","여","30대","서울특별시","중랑구","망우동","중국집","5"
"20180113","토","여","30대","서울특별시","중랑구","면목동","중국집","39"
"20180113","토","여","30대","서울특별시","중랑구","신내동","중국집","5"
"20180113","토","여","40대","서울특별시","중랑구","망우동","중국집","5"
"20180113","토","여","30대","서울특별시","중랑구","상봉동","중국집","5"
"20180113","토","여","40대","서울특별시","중랑구","면목동","중국집","56"
"20180113","토","남","60대이상","서울특별시","중랑구","망우동","중국집","5"
"20180113","토","남","50대","서울특별시","중랑구","신내동","중국집","5"
"20180113","토","여","40대","서울특별시","중랑구","신내동","중국집","5"
"20180113","토","남","50대","서울특별시","중랑구","망우동","중국집","5"
"20180113","토","여","50대","서울특별시","중랑구","망우동","중국집","5"
"20180113","토","여","50대","서울특별시","중랑구","면목동","중국집","26"
"20180113","토","여","50대","서울특별시","중랑구","묵동","중국집","5"
"20180113","토","여","20대","서울특별시","중랑구","묵동","중국집","5"
"20180113","토","여","20대","서울특별시","중랑구","면목동","중국집","13"
"20180113","토","여","50대","서울특별시","중랑구","신내동","중국집","5"
"20180113","토","여","50대","서울특별시","중랑구","중화동","중국집","5"
"20180113","토","여","60대이상","서울특별시","중랑구","면목동","중국집","30"
"20180113","토","여","20대","서울특별시","중랑구","신내동","중국집","5"
"20180113","토","여","60대이상","서울특별시","중랑구","신내동","중국집","5"
"20180114","일","남","20대","서울특별시","강남구","세곡동","중국집","6"
"20180114","일","남","10대","서울특별시","강남구","삼성동","중국집","6"
"20180114","일","남","30대","서울특별시","강남구","논현동","중국집","47"
"20180114","일","남","30대","서울특별시","강남구","대치동","중국집","5"
"20180114","일","남","30대","서울특별시","강남구","삼성동","중국집","62"
"20180114","일","남","40대","서울특별시","강남구","수서동","중국집","5"
"20180114","일","남","20대","서울특별시","강남구","대치동","중국집","5"
"20180114","일","남","50대","서울특별시","강남구","삼성동","중국집","47"
"20180114","일","남","60대이상","서울특별시","강남구","논현동","중국집","7"
"20180114","일","남","30대","서울특별시","강남구","수서동","중국집","5"
"20180114","일","남","60대이상","서울특별시","강남구","삼성동","중국집","19"
"20180114","일","남","60대이상","서울특별시","강남구","압구정동","중국집","5"
"20180114","일","남","10대","서울특별시","강남구","대치동","중국집","5"
"20180114","일","여","10대","서울특별시","강남구","논현동","중국집","5"
"20180114","일","여","20대","서울특별시","강남구","개포동","중국집","5"
"20180114","일","여","20대","서울특별시","강남구","논현동","중국집","21"
"20180114","일","남","50대","서울특별시","강남구","도곡동","중국집","5"
"20180114","일","남","60대이상","서울특별시","강남구","대치동","중국집","5"
"20180114","일","남","20대","서울특별시","강남구","역삼동","중국집","37"
"20180114","일","여","20대","서울특별시","강남구","삼성동","중국집","17"
"20180114","일","남","20대","서울특별시","강남구","수서동","중국집","5"
"20180114","일","남","30대","서울특별시","강남구","도곡동","중국집","7"
"20180114","일","여","20대","서울특별시","강남구","수서동","중국집","5"
"20180114","일","남","50대","서울특별시","강남구","수서동","중국집","5"
"20180114","일","여","20대","서울특별시","강남구","역삼동","중국집","22"
"20180114","일","여","10대","서울특별시","강남구","도곡동","중국집","5"
"20180114","일","남","30대","서울특별시","강남구","압구정동","중국집","5"
"20180114","일","여","30대","서울특별시","강남구","대치동","중국집","5"
"20180114","일","여","30대","서울특별시","강남구","세곡동","중국집","8"
"20180114","일","남","40대","서울특별시","강남구","세곡동","중국집","12"
"20180114","일","남","40대","서울특별시","강남구","압구정동","중국집","5"
"20180114","일","여","30대","서울특별시","강남구","일원동","중국집","5"
"20180114","일","남","20대","서울특별시","강남구","삼성동","중국집","52"
"20180114","일","여","40대","서울특별시","강남구","도곡동","중국집","5"
"20180114","일","남","40대","서울특별시","강남구","논현동","중국집","45"
"20180114","일","여","40대","서울특별시","강남구","세곡동","중국집","18"
"20180114","일","남","40대","서울특별시","강남구","삼성동","중국집","81"
"20180114","일","남","10대","서울특별시","강남구","도곡동","중국집","5"
"20180114","일","여","40대","서울특별시","강남구","수서동","중국집","5"
"20180114","일","여","40대","서울특별시","강남구","역삼동","중국집","55"
"20180114","일","여","50대","서울특별시","강남구","논현동","중국집","21"
"20180114","일","남","50대","서울특별시","강남구","세곡동","중국집","5"
"20180114","일","여","50대","서울특별시","강남구","개포동","중국집","5"
"20180114","일","남","50대","서울특별시","강남구","대치동","중국집","5"
"20180114","일","남","50대","서울특별시","강남구","역삼동","중국집","24"
"20180114","일","여","40대","서울특별시","강남구","개포동","중국집","5"
"20180114","일","여","10대","서울특별시","강남구","세곡동","중국집","5"
"20180114","일","여","50대","서울특별시","강남구","대치동","중국집","5"
"20180114","일","남","40대","서울특별시","강남구","역삼동","중국집","50"
"20180114","일","여","20대","서울특별시","강남구","세곡동","중국집","6"
"20180114","일","남","40대","서울특별시","강남구","도곡동","중국집","7"
"20180114","일","여","50대","서울특별시","강남구","도곡동","중국집","7"
"20180114","일","남","60대이상","서울특별시","강남구","역삼동","중국집","15"
"20180114","일","여","30대","서울특별시","강남구","삼성동","중국집","63"
"20180114","일","여","50대","서울특별시","강남구","삼성동","중국집","47"
"20180114","일","여","20대","서울특별시","강남구","도곡동","중국집","6"
"20180114","일","여","50대","서울특별시","강남구","세곡동","중국집","5"
"20180114","일","남","50대","서울특별시","강남구","개포동","중국집","5"
"20180114","일","여","30대","서울특별시","강남구","도곡동","중국집","7"
"20180114","일","여","30대","서울특별시","강남구","논현동","중국집","44"
"20180114","일","여","10대","서울특별시","강남구","삼성동","중국집","5"
"20180114","일","남","60대이상","서울특별시","강남구","세곡동","중국집","5"
"20180114","일","여","50대","서울특별시","강남구","역삼동","중국집","18"
"20180114","일","남","30대","서울특별시","강남구","역삼동","중국집","72"
"20180114","일","여","30대","서울특별시","강남구","역삼동","중국집","44"
"20180114","일","여","40대","서울특별시","강남구","일원동","중국집","5"
"20180114","일","여","50대","서울특별시","강남구","일원동","중국집","5"
"20180114","일","여","40대","서울특별시","강남구","삼성동","중국집","89"
"20180114","일","여","60대이상","서울특별시","강남구","논현동","중국집","12"
"20180114","일","남","20대","서울특별시","강남구","압구정동","중국집","5"
"20180114","일","여","60대이상","서울특별시","강남구","대치동","중국집","5"
"20180114","일","여","10대","서울특별시","강남구","역삼동","중국집","5"
"20180114","일","남","20대","서울특별시","강남구","도곡동","중국집","5"
"20180114","일","여","60대이상","서울특별시","강남구","도곡동","중국집","5"
"20180114","일","남","40대","서울특별시","강남구","일원동","중국집","5"
"20180114","일","남","20대","서울특별시","강남구","논현동","중국집","29"
"20180114","일","여","60대이상","서울특별시","강남구","삼성동","중국집","26"
"20180114","일","여","50대","서울특별시","강남구","압구정동","중국집","5"
"20180114","일","여","20대","서울특별시","강남구","대치동","중국집","5"
"20180114","일","여","60대이상","서울특별시","강남구","세곡동","중국집","5"
"20180114","일","남","50대","서울특별시","강남구","압구정동","중국집","5"
"20180114","일","남","50대","서울특별시","강남구","논현동","중국집","26"
"20180114","일","여","40대","서울특별시","강남구","논현동","중국집","47"
"20180114","일","여","60대이상","서울특별시","강남구","수서동","중국집","5"
"20180114","일","남","60대이상","서울특별시","강남구","수서동","중국집","5"
"20180114","일","여","60대이상","서울특별시","강남구","역삼동","중국집","16"
"20180114","일","남","30대","서울특별시","강남구","세곡동","중국집","15"
"20180114","일","남","10대","서울특별시","강남구","일원동","중국집","5"
"20180114","일","여","40대","서울특별시","강남구","압구정동","중국집","6"
"20180114","일","여","30대","서울특별시","강남구","개포동","중국집","5"
"20180114","일","남","10대","서울특별시","강동구","길동","중국집","11"
"20180114","일","남","10대","서울특별시","강동구","천호동","중국집","5"
"20180114","일","남","20대","서울특별시","강동구","길동","중국집","27"
"20180114","일","남","20대","서울특별시","강동구","상일동","중국집","5"
"20180114","일","남","20대","서울특별시","강동구","성내동","중국집","5"
"20180114","일","남","30대","서울특별시","강동구","길동","중국집","106"
"20180114","일","남","30대","서울특별시","강동구","둔촌동","중국집","5"
"20180114","일","남","30대","서울특별시","강동구","상일동","중국집","5"
"20180114","일","남","30대","서울특별시","강동구","성내동","중국집","12"
"20180114","일","남","30대","서울특별시","강동구","암사동","중국집","5"
"20180114","일","남","40대","서울특별시","강동구","길동","중국집","75"
"20180114","일","남","40대","서울특별시","강동구","성내동","중국집","5"
"20180114","일","남","40대","서울특별시","강동구","천호동","중국집","5"
"20180114","일","남","50대","서울특별시","강동구","길동","중국집","57"
"20180114","일","남","20대","서울특별시","강동구","명일동","중국집","5"
"20180114","일","남","50대","서울특별시","강동구","상일동","중국집","5"
"20180114","일","남","50대","서울특별시","강동구","암사동","중국집","5"
"20180114","일","남","60대이상","서울특별시","강동구","암사동","중국집","5"
"20180114","일","남","60대이상","서울특별시","강동구","천호동","중국집","5"
"20180114","일","여","10대","서울특별시","강동구","성내동","중국집","5"
"20180114","일","남","50대","서울특별시","강동구","성내동","중국집","5"
"20180114","일","여","20대","서울특별시","강동구","성내동","중국집","6"
"20180114","일","여","10대","서울특별시","강동구","길동","중국집","5"
"20180114","일","여","20대","서울특별시","강동구","암사동","중국집","5"
"20180114","일","여","30대","서울특별시","강동구","길동","중국집","88"
"20180114","일","여","30대","서울특별시","강동구","둔촌동","중국집","5"
"20180114","일","여","30대","서울특별시","강동구","명일동","중국집","7"
"20180114","일","남","30대","서울특별시","강동구","천호동","중국집","5"
"20180114","일","여","30대","서울특별시","강동구","천호동","중국집","5"
"20180114","일","남","60대이상","서울특별시","강동구","길동","중국집","38"
"20180114","일","여","40대","서울특별시","강동구","길동","중국집","100"
"20180114","일","여","40대","서울특별시","강동구","명일동","중국집","5"
"20180114","일","여","40대","서울특별시","강동구","성내동","중국집","5"
"20180114","일","여","50대","서울특별시","강동구","길동","중국집","40"
"20180114","일","여","50대","서울특별시","강동구","둔촌동","중국집","5"
"20180114","일","남","30대","서울특별시","강동구","명일동","중국집","5"
"20180114","일","여","50대","서울특별시","강동구","명일동","중국집","5"
"20180114","일","여","20대","서울특별시","강동구","길동","중국집","21"
"20180114","일","여","50대","서울특별시","강동구","성내동","중국집","5"
"20180114","일","여","50대","서울특별시","강동구","암사동","중국집","5"
"20180114","일","남","20대","서울특별시","강동구","천호동","중국집","5"
"20180114","일","여","10대","서울특별시","강동구","명일동","중국집","5"
"20180114","일","여","50대","서울특별시","강동구","천호동","중국집","5"
"20180114","일","여","30대","서울특별시","강동구","성내동","중국집","5"
"20180114","일","남","40대","서울특별시","강동구","암사동","중국집","5"
"20180114","일","여","40대","서울특별시","강동구","암사동","중국집","5"
"20180114","일","여","60대이상","서울특별시","강동구","길동","중국집","24"
"20180114","일","여","60대이상","서울특별시","강동구","명일동","중국집","5"
"20180114","일","여","30대","서울특별시","강동구","암사동","중국집","5"
"20180114","일","여","60대이상","서울특별시","강동구","성내동","중국집","5"
"20180114","일","여","20대","서울특별시","강동구","명일동","중국집","5"
"20180114","일","여","40대","서울특별시","강동구","천호동","중국집","5"
"20180114","일","여","60대이상","서울특별시","강동구","암사동","중국집","5"
"20180114","일","남","10대","서울특별시","강북구","미아동","중국집","11"
"20180114","일","남","10대","서울특별시","강북구","번동","중국집","5"
"20180114","일","남","10대","서울특별시","강북구","우이동","중국집","5"
"20180114","일","남","20대","서울특별시","강북구","번동","중국집","6"
"20180114","일","남","30대","서울특별시","강북구","미아동","중국집","82"
"20180114","일","남","30대","서울특별시","강북구","우이동","중국집","5"
"20180114","일","남","40대","서울특별시","강북구","미아동","중국집","103"
"20180114","일","남","40대","서울특별시","강북구","번동","중국집","26"
"20180114","일","남","40대","서울특별시","강북구","우이동","중국집","5"
"20180114","일","남","50대","서울특별시","강북구","번동","중국집","13"
"20180114","일","남","50대","서울특별시","강북구","수유동","중국집","5"
"20180114","일","남","50대","서울특별시","강북구","우이동","중국집","5"
"20180114","일","남","60대이상","서울특별시","강북구","미아동","중국집","31"
"20180114","일","남","60대이상","서울특별시","강북구","번동","중국집","12"
"20180114","일","남","60대이상","서울특별시","강북구","우이동","중국집","5"
"20180114","일","여","10대","서울특별시","강북구","미아동","중국집","5"
"20180114","일","여","10대","서울특별시","강북구","번동","중국집","5"
"20180114","일","여","20대","서울특별시","강북구","번동","중국집","5"
"20180114","일","여","30대","서울특별시","강북구","미아동","중국집","71"
"20180114","일","여","30대","서울특별시","강북구","번동","중국집","17"
"20180114","일","여","40대","서울특별시","강북구","미아동","중국집","109"
"20180114","일","여","40대","서울특별시","강북구","번동","중국집","23"
"20180114","일","여","20대","서울특별시","강북구","미아동","중국집","31"
"20180114","일","여","40대","서울특별시","강북구","우이동","중국집","5"
"20180114","일","남","30대","서울특별시","강북구","번동","중국집","27"
"20180114","일","남","20대","서울특별시","강북구","미아동","중국집","29"
"20180114","일","여","50대","서울특별시","강북구","미아동","중국집","57"
"20180114","일","여","50대","서울특별시","강북구","번동","중국집","23"
"20180114","일","여","50대","서울특별시","강북구","우이동","중국집","5"
"20180114","일","남","50대","서울특별시","강북구","미아동","중국집","69"
"20180114","일","여","60대이상","서울특별시","강북구","미아동","중국집","28"
"20180114","일","여","60대이상","서울특별시","강북구","번동","중국집","13"
"20180114","일","여","60대이상","서울특별시","강북구","우이동","중국집","5"
"20180114","일","남","10대","서울특별시","강서구","가양동","중국집","5"
"20180114","일","남","10대","서울특별시","강서구","마곡동","중국집","5"
"20180114","일","남","10대","서울특별시","강서구","화곡동","중국집","8"
"20180114","일","남","20대","서울특별시","강서구","내발산동","중국집","30"
"20180114","일","남","20대","서울특별시","강서구","마곡동","중국집","5"
"20180114","일","남","20대","서울특별시","강서구","화곡동","중국집","24"
"20180114","일","남","30대","서울특별시","강서구","가양동","중국집","46"
"20180114","일","남","20대","서울특별시","강서구","등촌동","중국집","9"
"20180114","일","남","30대","서울특별시","강서구","등촌동","중국집","36"
"20180114","일","남","30대","서울특별시","강서구","마곡동","중국집","5"
"20180114","일","남","40대","서울특별시","강서구","가양동","중국집","43"
"20180114","일","남","30대","서울특별시","강서구","외발산동","중국집","5"
"20180114","일","남","40대","서울특별시","강서구","등촌동","중국집","32"
"20180114","일","남","20대","서울특별시","강서구","가양동","중국집","20"
"20180114","일","남","50대","서울특별시","강서구","가양동","중국집","34"
"20180114","일","남","50대","서울특별시","강서구","내발산동","중국집","45"
"20180114","일","남","50대","서울특별시","강서구","등촌동","중국집","8"
"20180114","일","남","10대","서울특별시","강서구","등촌동","중국집","5"
"20180114","일","남","30대","서울특별시","강서구","방화동","중국집","5"
"20180114","일","남","50대","서울특별시","강서구","외발산동","중국집","5"
"20180114","일","남","50대","서울특별시","강서구","화곡동","중국집","25"
"20180114","일","남","60대이상","서울특별시","강서구","가양동","중국집","14"
"20180114","일","남","60대이상","서울특별시","강서구","내발산동","중국집","24"
"20180114","일","남","60대이상","서울특별시","강서구","등촌동","중국집","7"
"20180114","일","여","10대","서울특별시","강서구","내발산동","중국집","5"
"20180114","일","여","10대","서울특별시","강서구","화곡동","중국집","5"
"20180114","일","남","10대","서울특별시","강서구","내발산동","중국집","5"
"20180114","일","여","20대","서울특별시","강서구","가양동","중국집","7"
"20180114","일","여","20대","서울특별시","강서구","내발산동","중국집","12"
"20180114","일","여","20대","서울특별시","강서구","방화동","중국집","5"
"20180114","일","여","20대","서울특별시","강서구","외발산동","중국집","5"
"20180114","일","남","60대이상","서울특별시","강서구","화곡동","중국집","21"
"20180114","일","남","40대","서울특별시","강서구","화곡동","중국집","76"
"20180114","일","남","30대","서울특별시","강서구","내발산동","중국집","62"
"20180114","일","여","20대","서울특별시","강서구","화곡동","중국집","28"
"20180114","일","여","20대","서울특별시","강서구","등촌동","중국집","7"
"20180114","일","여","30대","서울특별시","강서구","가양동","중국집","23"
"20180114","일","여","30대","서울특별시","강서구","등촌동","중국집","36"
"20180114","일","여","30대","서울특별시","강서구","마곡동","중국집","5"
"20180114","일","여","30대","서울특별시","강서구","화곡동","중국집","58"
"20180114","일","남","50대","서울특별시","강서구","마곡동","중국집","5"
"20180114","일","여","10대","서울특별시","강서구","가양동","중국집","5"
"20180114","일","여","40대","서울특별시","강서구","가양동","중국집","36"
"20180114","일","여","40대","서울특별시","강서구","내발산동","중국집","68"
"20180114","일","남","40대","서울특별시","강서구","외발산동","중국집","5"
"20180114","일","여","40대","서울특별시","강서구","방화동","중국집","5"
"20180114","일","여","40대","서울특별시","강서구","외발산동","중국집","5"
"20180114","일","남","60대이상","서울특별시","강서구","마곡동","중국집","5"
"20180114","일","여","40대","서울특별시","강서구","화곡동","중국집","80"
"20180114","일","여","50대","서울특별시","강서구","가양동","중국집","9"
"20180114","일","여","50대","서울특별시","강서구","내발산동","중국집","31"
"20180114","일","남","60대이상","서울특별시","강서구","방화동","중국집","5"
"20180114","일","여","50대","서울특별시","강서구","등촌동","중국집","16"
"20180114","일","여","50대","서울특별시","강서구","화곡동","중국집","36"
"20180114","일","남","40대","서울특별시","강서구","내발산동","중국집","63"
"20180114","일","여","60대이상","서울특별시","강서구","내발산동","중국집","21"
"20180114","일","남","40대","서울특별시","강서구","방화동","중국집","5"
"20180114","일","여","60대이상","서울특별시","강서구","등촌동","중국집","8"
"20180114","일","남","20대","서울특별시","강서구","방화동","중국집","5"
"20180114","일","여","60대이상","서울특별시","강서구","마곡동","중국집","5"
"20180114","일","여","60대이상","서울특별시","강서구","방화동","중국집","5"
"20180114","일","여","60대이상","서울특별시","강서구","가양동","중국집","16"
"20180114","일","여","60대이상","서울특별시","강서구","화곡동","중국집","19"
"20180114","일","남","30대","서울특별시","강서구","화곡동","중국집","59"
"20180114","일","여","40대","서울특별시","강서구","등촌동","중국집","30"
"20180114","일","여","30대","서울특별시","강서구","내발산동","중국집","40"
"20180114","일","남","20대","서울특별시","관악구","신림동","중국집","19"
"20180114","일","남","30대","서울특별시","관악구","신림동","중국집","22"
"20180114","일","남","40대","서울특별시","관악구","봉천동","중국집","8"
"20180114","일","남","40대","서울특별시","관악구","신림동","중국집","10"
"20180114","일","남","50대","서울특별시","관악구","봉천동","중국집","9"
"20180114","일","남","50대","서울특별시","관악구","신림동","중국집","5"
"20180114","일","남","10대","서울특별시","관악구","봉천동","중국집","5"
"20180114","일","남","60대이상","서울특별시","관악구","봉천동","중국집","5"
"20180114","일","남","60대이상","서울특별시","관악구","신림동","중국집","6"
"20180114","일","여","10대","서울특별시","관악구","봉천동","중국집","5"
"20180114","일","여","10대","서울특별시","관악구","신림동","중국집","5"
"20180114","일","여","20대","서울특별시","관악구","봉천동","중국집","5"
"20180114","일","여","20대","서울특별시","관악구","신림동","중국집","10"
"20180114","일","여","30대","서울특별시","관악구","봉천동","중국집","14"
"20180114","일","여","30대","서울특별시","관악구","신림동","중국집","18"
"20180114","일","여","40대","서울특별시","관악구","봉천동","중국집","5"
"20180114","일","여","40대","서울특별시","관악구","신림동","중국집","5"
"20180114","일","여","50대","서울특별시","관악구","봉천동","중국집","5"
"20180114","일","여","50대","서울특별시","관악구","신림동","중국집","5"
"20180114","일","여","60대이상","서울특별시","관악구","봉천동","중국집","10"
"20180114","일","남","20대","서울특별시","관악구","봉천동","중국집","5"
"20180114","일","남","30대","서울특별시","관악구","봉천동","중국집","7"
"20180114","일","여","60대이상","서울특별시","관악구","신림동","중국집","5"
"20180114","일","남","10대","서울특별시","관악구","신림동","중국집","5"
"20180114","일","남","10대","서울특별시","광진구","능동","중국집","5"
"20180114","일","남","10대","서울특별시","광진구","자양동","중국집","5"
"20180114","일","남","20대","서울특별시","광진구","능동","중국집","5"
"20180114","일","남","20대","서울특별시","광진구","화양동","중국집","5"
"20180114","일","남","30대","서울특별시","광진구","자양동","중국집","10"
"20180114","일","남","30대","서울특별시","광진구","중곡동","중국집","5"
"20180114","일","남","30대","서울특별시","광진구","화양동","중국집","5"
"20180114","일","남","20대","서울특별시","광진구","자양동","중국집","14"
"20180114","일","남","40대","서울특별시","광진구","능동","중국집","5"
"20180114","일","남","40대","서울특별시","광진구","자양동","중국집","5"
"20180114","일","남","40대","서울특별시","광진구","중곡동","중국집","5"
"20180114","일","남","40대","서울특별시","광진구","화양동","중국집","5"
"20180114","일","남","50대","서울특별시","광진구","광장동","중국집","5"
"20180114","일","남","50대","서울특별시","광진구","자양동","중국집","5"
"20180114","일","남","60대이상","서울특별시","광진구","구의동","중국집","5"
"20180114","일","남","30대","서울특별시","광진구","광장동","중국집","5"
"20180114","일","남","30대","서울특별시","광진구","능동","중국집","5"
"20180114","일","남","60대이상","서울특별시","광진구","자양동","중국집","5"
"20180114","일","남","60대이상","서울특별시","광진구","중곡동","중국집","5"
"20180114","일","여","20대","서울특별시","광진구","광장동","중국집","5"
"20180114","일","여","20대","서울특별시","광진구","자양동","중국집","8"
"20180114","일","여","20대","서울특별시","광진구","중곡동","중국집","5"
"20180114","일","여","30대","서울특별시","광진구","광장동","중국집","5"
"20180114","일","여","30대","서울특별시","광진구","구의동","중국집","5"
"20180114","일","여","30대","서울특별시","광진구","능동","중국집","5"
"20180114","일","여","30대","서울특별시","광진구","자양동","중국집","13"
"20180114","일","여","30대","서울특별시","광진구","중곡동","중국집","5"
"20180114","일","남","20대","서울특별시","광진구","구의동","중국집","5"
"20180114","일","여","40대","서울특별시","광진구","광장동","중국집","5"
"20180114","일","여","40대","서울특별시","광진구","구의동","중국집","5"
"20180114","일","여","40대","서울특별시","광진구","능동","중국집","5"
"20180114","일","여","40대","서울특별시","광진구","자양동","중국집","16"
"20180114","일","남","10대","서울특별시","광진구","중곡동","중국집","5"
"20180114","일","여","50대","서울특별시","광진구","광장동","중국집","5"
"20180114","일","여","20대","서울특별시","광진구","능동","중국집","5"
"20180114","일","남","20대","서울특별시","광진구","중곡동","중국집","5"
"20180114","일","여","50대","서울특별시","광진구","능동","중국집","5"
"20180114","일","여","60대이상","서울특별시","광진구","자양동","중국집","6"
"20180114","일","남","10대","서울특별시","구로구","신도림동","중국집","5"
"20180114","일","남","20대","서울특별시","구로구","개봉동","중국집","16"
"20180114","일","남","20대","서울특별시","구로구","구로동","중국집","5"
"20180114","일","남","20대","서울특별시","구로구","신도림동","중국집","5"
"20180114","일","남","30대","서울특별시","구로구","개봉동","중국집","49"
"20180114","일","남","30대","서울특별시","구로구","구로동","중국집","5"
"20180114","일","남","40대","서울특별시","구로구","개봉동","중국집","48"
"20180114","일","남","40대","서울특별시","구로구","궁동","중국집","5"
"20180114","일","남","50대","서울특별시","구로구","개봉동","중국집","28"
"20180114","일","남","20대","서울특별시","구로구","궁동","중국집","5"
"20180114","일","남","50대","서울특별시","구로구","구로동","중국집","5"
"20180114","일","남","60대이상","서울특별시","구로구","개봉동","중국집","21"
"20180114","일","남","60대이상","서울특별시","구로구","궁동","중국집","5"
"20180114","일","남","60대이상","서울특별시","구로구","신도림동","중국집","5"
"20180114","일","여","10대","서울특별시","구로구","개봉동","중국집","5"
"20180114","일","남","40대","서울특별시","구로구","구로동","중국집","5"
"20180114","일","여","10대","서울특별시","구로구","궁동","중국집","5"
"20180114","일","여","20대","서울특별시","구로구","개봉동","중국집","10"
"20180114","일","여","20대","서울특별시","구로구","신도림동","중국집","5"
"20180114","일","여","30대","서울특별시","구로구","개봉동","중국집","42"
"20180114","일","여","30대","서울특별시","구로구","구로동","중국집","5"
"20180114","일","여","30대","서울특별시","구로구","궁동","중국집","5"
"20180114","일","여","40대","서울특별시","구로구","개봉동","중국집","52"
"20180114","일","남","50대","서울특별시","구로구","신도림동","중국집","5"
"20180114","일","남","60대이상","서울특별시","구로구","구로동","중국집","5"
"20180114","일","여","40대","서울특별시","구로구","구로동","중국집","6"
"20180114","일","여","40대","서울특별시","구로구","궁동","중국집","5"
"20180114","일","여","50대","서울특별시","구로구","개봉동","중국집","28"
"20180114","일","여","20대","서울특별시","구로구","궁동","중국집","5"
"20180114","일","여","50대","서울특별시","구로구","구로동","중국집","5"
"20180114","일","남","10대","서울특별시","구로구","개봉동","중국집","12"
"20180114","일","여","50대","서울특별시","구로구","궁동","중국집","5"
"20180114","일","여","50대","서울특별시","구로구","신도림동","중국집","5"
"20180114","일","여","60대이상","서울특별시","구로구","개봉동","중국집","17"
"20180114","일","여","20대","서울특별시","구로구","구로동","중국집","5"
"20180114","일","여","60대이상","서울특별시","구로구","구로동","중국집","6"
"20180114","일","남","40대","서울특별시","구로구","신도림동","중국집","5"
"20180114","일","여","60대이상","서울특별시","구로구","궁동","중국집","5"
"20180114","일","남","20대","서울특별시","금천구","가산동","중국집","7"
"20180114","일","남","20대","서울특별시","금천구","독산동","중국집","5"
"20180114","일","남","20대","서울특별시","금천구","시흥동","중국집","7"
"20180114","일","남","30대","서울특별시","금천구","가산동","중국집","23"
"20180114","일","남","30대","서울특별시","금천구","독산동","중국집","5"
"20180114","일","남","30대","서울특별시","금천구","시흥동","중국집","5"
"20180114","일","남","40대","서울특별시","금천구","가산동","중국집","18"
"20180114","일","남","50대","서울특별시","금천구","독산동","중국집","5"
"20180114","일","남","40대","서울특별시","금천구","시흥동","중국집","5"
"20180114","일","남","50대","서울특별시","금천구","시흥동","중국집","5"
"20180114","일","남","60대이상","서울특별시","금천구","가산동","중국집","5"
"20180114","일","남","60대이상","서울특별시","금천구","시흥동","중국집","5"
"20180114","일","여","20대","서울특별시","금천구","가산동","중국집","5"
"20180114","일","여","20대","서울특별시","금천구","시흥동","중국집","5"
"20180114","일","여","30대","서울특별시","금천구","가산동","중국집","14"
"20180114","일","여","30대","서울특별시","금천구","시흥동","중국집","11"
"20180114","일","여","40대","서울특별시","금천구","독산동","중국집","5"
"20180114","일","여","40대","서울특별시","금천구","시흥동","중국집","6"
"20180114","일","여","50대","서울특별시","금천구","가산동","중국집","7"
"20180114","일","남","40대","서울특별시","금천구","독산동","중국집","5"
"20180114","일","여","50대","서울특별시","금천구","독산동","중국집","5"
"20180114","일","여","50대","서울특별시","금천구","시흥동","중국집","7"
"20180114","일","여","60대이상","서울특별시","금천구","가산동","중국집","5"
"20180114","일","여","40대","서울특별시","금천구","가산동","중국집","14"
"20180114","일","남","60대이상","서울특별시","금천구","독산동","중국집","12"
"20180114","일","여","60대이상","서울특별시","금천구","시흥동","중국집","5"
"20180114","일","여","60대이상","서울특별시","금천구","독산동","중국집","5"
"20180114","일","남","50대","서울특별시","금천구","가산동","중국집","15"
"20180114","일","남","10대","서울특별시","노원구","공릉동","중국집","5"
"20180114","일","남","20대","서울특별시","노원구","공릉동","중국집","5"
"20180114","일","남","20대","서울특별시","노원구","중계동","중국집","5"
"20180114","일","남","10대","서울특별시","노원구","상계동","중국집","16"
"20180114","일","남","30대","서울특별시","노원구","상계동","중국집","67"
"20180114","일","남","30대","서울특별시","노원구","월계동","중국집","5"
"20180114","일","남","30대","서울특별시","노원구","중계동","중국집","5"
"20180114","일","남","40대","서울특별시","노원구","상계동","중국집","60"
"20180114","일","남","30대","서울특별시","노원구","공릉동","중국집","5"
"20180114","일","남","40대","서울특별시","노원구","월계동","중국집","5"
"20180114","일","남","20대","서울특별시","노원구","월계동","중국집","5"
"20180114","일","남","40대","서울특별시","노원구","중계동","중국집","5"
"20180114","일","남","50대","서울특별시","노원구","공릉동","중국집","5"
"20180114","일","남","50대","서울특별시","노원구","중계동","중국집","5"
"20180114","일","여","10대","서울특별시","노원구","상계동","중국집","6"
"20180114","일","여","20대","서울특별시","노원구","공릉동","중국집","5"
"20180114","일","여","10대","서울특별시","노원구","중계동","중국집","5"
"20180114","일","여","20대","서울특별시","노원구","상계동","중국집","14"
"20180114","일","여","20대","서울특별시","노원구","중계동","중국집","5"
"20180114","일","남","60대이상","서울특별시","노원구","중계동","중국집","5"
"20180114","일","여","30대","서울특별시","노원구","공릉동","중국집","5"
"20180114","일","여","30대","서울특별시","노원구","상계동","중국집","50"
"20180114","일","여","30대","서울특별시","노원구","월계동","중국집","5"
"20180114","일","남","60대이상","서울특별시","노원구","월계동","중국집","5"
"20180114","일","여","30대","서울특별시","노원구","중계동","중국집","5"
"20180114","일","여","40대","서울특별시","노원구","공릉동","중국집","5"
"20180114","일","여","40대","서울특별시","노원구","상계동","중국집","102"
"20180114","일","여","50대","서울특별시","노원구","공릉동","중국집","5"
"20180114","일","여","50대","서울특별시","노원구","상계동","중국집","64"
"20180114","일","남","50대","서울특별시","노원구","상계동","중국집","43"
"20180114","일","여","40대","서울특별시","노원구","중계동","중국집","5"
"20180114","일","여","50대","서울특별시","노원구","월계동","중국집","5"
"20180114","일","남","20대","서울특별시","노원구","상계동","중국집","37"
"20180114","일","여","60대이상","서울특별시","노원구","공릉동","중국집","5"
"20180114","일","여","60대이상","서울특별시","노원구","상계동","중국집","22"
"20180114","일","남","40대","서울특별시","노원구","공릉동","중국집","6"
"20180114","일","여","60대이상","서울특별시","노원구","월계동","중국집","5"
"20180114","일","여","20대","서울특별시","노원구","월계동","중국집","5"
"20180114","일","남","60대이상","서울특별시","노원구","상계동","중국집","33"
"20180114","일","여","60대이상","서울특별시","노원구","중계동","중국집","5"
"20180114","일","남","10대","서울특별시","도봉구","도봉동","중국집","5"
"20180114","일","남","10대","서울특별시","도봉구","쌍문동","중국집","5"
"20180114","일","남","20대","서울특별시","도봉구","쌍문동","중국집","5"
"20180114","일","남","30대","서울특별시","도봉구","방학동","중국집","5"
"20180114","일","남","30대","서울특별시","도봉구","쌍문동","중국집","6"
"20180114","일","남","20대","서울특별시","도봉구","방학동","중국집","5"
"20180114","일","남","40대","서울특별시","도봉구","방학동","중국집","5"
"20180114","일","남","40대","서울특별시","도봉구","도봉동","중국집","5"
"20180114","일","남","40대","서울특별시","도봉구","쌍문동","중국집","5"
"20180114","일","남","50대","서울특별시","도봉구","도봉동","중국집","5"
"20180114","일","남","60대이상","서울특별시","도봉구","도봉동","중국집","5"
"20180114","일","여","10대","서울특별시","도봉구","방학동","중국집","5"
"20180114","일","여","10대","서울특별시","도봉구","쌍문동","중국집","5"
"20180114","일","여","20대","서울특별시","도봉구","쌍문동","중국집","5"
"20180114","일","여","30대","서울특별시","도봉구","도봉동","중국집","5"
"20180114","일","남","30대","서울특별시","도봉구","도봉동","중국집","5"
"20180114","일","여","30대","서울특별시","도봉구","방학동","중국집","5"
"20180114","일","여","30대","서울특별시","도봉구","쌍문동","중국집","5"
"20180114","일","여","40대","서울특별시","도봉구","도봉동","중국집","5"
"20180114","일","여","20대","서울특별시","도봉구","방학동","중국집","5"
"20180114","일","여","40대","서울특별시","도봉구","방학동","중국집","5"
"20180114","일","여","40대","서울특별시","도봉구","쌍문동","중국집","5"
"20180114","일","여","50대","서울특별시","도봉구","방학동","중국집","5"
"20180114","일","여","50대","서울특별시","도봉구","쌍문동","중국집","5"
"20180114","일","여","60대이상","서울특별시","도봉구","방학동","중국집","5"
"20180114","일","남","50대","서울특별시","도봉구","쌍문동","중국집","5"
"20180114","일","여","60대이상","서울특별시","도봉구","쌍문동","중국집","5"
"20180114","일","남","10대","서울특별시","동대문구","제기동","중국집","10"
"20180114","일","남","20대","서울특별시","동대문구","답십리동","중국집","14"
"20180114","일","남","20대","서울특별시","동대문구","장안동","중국집","24"
"20180114","일","남","30대","서울특별시","동대문구","답십리동","중국집","5"
"20180114","일","남","30대","서울특별시","동대문구","장안동","중국집","60"
"20180114","일","남","30대","서울특별시","동대문구","전농동","중국집","6"
"20180114","일","남","20대","서울특별시","동대문구","전농동","중국집","8"
"20180114","일","남","40대","서울특별시","동대문구","답십리동","중국집","5"
"20180114","일","남","40대","서울특별시","동대문구","제기동","중국집","57"
"20180114","일","남","50대","서울특별시","동대문구","장안동","중국집","41"
"20180114","일","남","50대","서울특별시","동대문구","전농동","중국집","5"
"20180114","일","남","60대이상","서울특별시","동대문구","장안동","중국집","29"
"20180114","일","남","60대이상","서울특별시","동대문구","전농동","중국집","5"
"20180114","일","남","60대이상","서울특별시","동대문구","제기동","중국집","32"
"20180114","일","여","10대","서울특별시","동대문구","장안동","중국집","5"
"20180114","일","여","10대","서울특별시","동대문구","전농동","중국집","5"
"20180114","일","여","10대","서울특별시","동대문구","제기동","중국집","5"
"20180114","일","남","10대","서울특별시","동대문구","장안동","중국집","15"
"20180114","일","남","10대","서울특별시","동대문구","전농동","중국집","5"
"20180114","일","여","20대","서울특별시","동대문구","답십리동","중국집","5"
"20180114","일","여","20대","서울특별시","동대문구","장안동","중국집","12"
"20180114","일","남","20대","서울특별시","동대문구","제기동","중국집","54"
"20180114","일","여","20대","서울특별시","동대문구","전농동","중국집","6"
"20180114","일","남","40대","서울특별시","동대문구","장안동","중국집","65"
"20180114","일","여","20대","서울특별시","동대문구","제기동","중국집","12"
"20180114","일","여","20대","서울특별시","동대문구","휘경동","중국집","5"
"20180114","일","여","30대","서울특별시","동대문구","답십리동","중국집","5"
"20180114","일","여","30대","서울특별시","동대문구","전농동","중국집","5"
"20180114","일","여","30대","서울특별시","동대문구","제기동","중국집","25"
"20180114","일","여","40대","서울특별시","동대문구","답십리동","중국집","5"
"20180114","일","여","40대","서울특별시","동대문구","전농동","중국집","5"
"20180114","일","남","40대","서울특별시","동대문구","전농동","중국집","5"
"20180114","일","여","40대","서울특별시","동대문구","장안동","중국집","53"
"20180114","일","여","30대","서울특별시","동대문구","장안동","중국집","63"
"20180114","일","여","40대","서울특별시","동대문구","제기동","중국집","40"
"20180114","일","여","50대","서울특별시","동대문구","답십리동","중국집","5"
"20180114","일","여","50대","서울특별시","동대문구","장안동","중국집","32"
"20180114","일","여","50대","서울특별시","동대문구","전농동","중국집","5"
"20180114","일","여","50대","서울특별시","동대문구","제기동","중국집","39"
"20180114","일","남","50대","서울특별시","동대문구","제기동","중국집","26"
"20180114","일","여","60대이상","서울특별시","동대문구","답십리동","중국집","5"
"20180114","일","여","60대이상","서울특별시","동대문구","장안동","중국집","28"
"20180114","일","남","50대","서울특별시","동대문구","답십리동","중국집","5"
"20180114","일","남","30대","서울특별시","동대문구","제기동","중국집","61"
"20180114","일","여","60대이상","서울특별시","동대문구","제기동","중국집","17"
"20180114","일","남","20대","서울특별시","동작구","노량진동","중국집","5"
"20180114","일","남","20대","서울특별시","동작구","본동","중국집","5"
"20180114","일","남","20대","서울특별시","동작구","사당동","중국집","5"
"20180114","일","남","20대","서울특별시","동작구","상도동","중국집","5"
"20180114","일","남","30대","서울특별시","동작구","노량진동","중국집","5"
"20180114","일","남","30대","서울특별시","동작구","본동","중국집","5"
"20180114","일","남","40대","서울특별시","동작구","노량진동","중국집","5"
"20180114","일","남","30대","서울특별시","동작구","신대방동","중국집","172"
"20180114","일","남","20대","서울특별시","동작구","신대방동","중국집","106"
"20180114","일","남","40대","서울특별시","동작구","본동","중국집","8"
"20180114","일","남","40대","서울특별시","동작구","사당동","중국집","5"
"20180114","일","남","40대","서울특별시","동작구","상도동","중국집","5"
"20180114","일","남","40대","서울특별시","동작구","신대방동","중국집","147"
"20180114","일","남","40대","서울특별시","동작구","흑석동","중국집","5"
"20180114","일","남","50대","서울특별시","동작구","노량진동","중국집","5"
"20180114","일","남","50대","서울특별시","동작구","본동","중국집","5"
"20180114","일","남","50대","서울특별시","동작구","사당동","중국집","5"
"20180114","일","남","50대","서울특별시","동작구","신대방동","중국집","78"
"20180114","일","남","60대이상","서울특별시","동작구","사당동","중국집","5"
"20180114","일","남","10대","서울특별시","동작구","상도동","중국집","5"
"20180114","일","남","60대이상","서울특별시","동작구","본동","중국집","5"
"20180114","일","남","60대이상","서울특별시","동작구","신대방동","중국집","50"
"20180114","일","여","10대","서울특별시","동작구","사당동","중국집","5"
"20180114","일","남","10대","서울특별시","동작구","신대방동","중국집","15"
"20180114","일","여","10대","서울특별시","동작구","신대방동","중국집","6"
"20180114","일","여","20대","서울특별시","동작구","노량진동","중국집","5"
"20180114","일","여","20대","서울특별시","동작구","본동","중국집","5"
"20180114","일","여","20대","서울특별시","동작구","상도동","중국집","5"
"20180114","일","여","20대","서울특별시","동작구","신대방동","중국집","37"
"20180114","일","여","30대","서울특별시","동작구","본동","중국집","5"
"20180114","일","남","50대","서울특별시","동작구","상도동","중국집","5"
"20180114","일","여","30대","서울특별시","동작구","사당동","중국집","5"
"20180114","일","여","30대","서울특별시","동작구","상도동","중국집","5"
"20180114","일","여","30대","서울특별시","동작구","신대방동","중국집","106"
"20180114","일","여","40대","서울특별시","동작구","노량진동","중국집","5"
"20180114","일","여","40대","서울특별시","동작구","본동","중국집","5"
"20180114","일","여","40대","서울특별시","동작구","사당동","중국집","6"
"20180114","일","여","40대","서울특별시","동작구","상도동","중국집","5"
"20180114","일","여","50대","서울특별시","동작구","상도동","중국집","5"
"20180114","일","여","50대","서울특별시","동작구","신대방동","중국집","73"
"20180114","일","남","30대","서울특별시","동작구","사당동","중국집","8"
"20180114","일","여","60대이상","서울특별시","동작구","본동","중국집","5"
"20180114","일","여","60대이상","서울특별시","동작구","신대방동","중국집","52"
"20180114","일","여","40대","서울특별시","동작구","신대방동","중국집","146"
"20180114","일","여","30대","서울특별시","동작구","노량진동","중국집","5"
"20180114","일","여","60대이상","서울특별시","동작구","흑석동","중국집","5"
"20180114","일","남","30대","서울특별시","동작구","상도동","중국집","7"
"20180114","일","남","10대","서울특별시","동작구","사당동","중국집","5"
"20180114","일","여","50대","서울특별시","동작구","사당동","중국집","5"
"20180114","일","남","10대","서울특별시","마포구","서교동","중국집","5"
"20180114","일","남","20대","서울특별시","마포구","상암동","중국집","17"
"20180114","일","남","20대","서울특별시","마포구","마포동","중국집","5"
"20180114","일","남","20대","서울특별시","마포구","염리동","중국집","5"
"20180114","일","남","20대","서울특별시","마포구","합정동","중국집","11"
"20180114","일","남","30대","서울특별시","마포구","신수동","중국집","5"
"20180114","일","남","40대","서울특별시","마포구","마포동","중국집","5"
"20180114","일","남","40대","서울특별시","마포구","상암동","중국집","28"
"20180114","일","남","40대","서울특별시","마포구","창전동","중국집","5"
"20180114","일","남","40대","서울특별시","마포구","합정동","중국집","17"
"20180114","일","남","50대","서울특별시","마포구","상암동","중국집","20"
"20180114","일","남","50대","서울특별시","마포구","신공덕동","중국집","5"
"20180114","일","남","50대","서울특별시","마포구","아현동","중국집","5"
"20180114","일","남","50대","서울특별시","마포구","염리동","중국집","5"
"20180114","일","남","50대","서울특별시","마포구","신수동","중국집","5"
"20180114","일","남","50대","서울특별시","마포구","창전동","중국집","5"
"20180114","일","남","10대","서울특별시","마포구","상암동","중국집","5"
"20180114","일","남","60대이상","서울특별시","마포구","합정동","중국집","5"
"20180114","일","여","10대","서울특별시","마포구","서교동","중국집","5"
"20180114","일","남","50대","서울특별시","마포구","망원동","중국집","5"
"20180114","일","여","10대","서울특별시","마포구","합정동","중국집","5"
"20180114","일","여","20대","서울특별시","마포구","대흥동","중국집","5"
"20180114","일","여","20대","서울특별시","마포구","망원동","중국집","5"
"20180114","일","여","20대","서울특별시","마포구","상암동","중국집","7"
"20180114","일","여","20대","서울특별시","마포구","합정동","중국집","5"
"20180114","일","여","30대","서울특별시","마포구","대흥동","중국집","5"
"20180114","일","남","30대","서울특별시","마포구","합정동","중국집","20"
"20180114","일","여","30대","서울특별시","마포구","마포동","중국집","5"
"20180114","일","여","20대","서울특별시","마포구","상수동","중국집","5"
"20180114","일","남","60대이상","서울특별시","마포구","대흥동","중국집","5"
"20180114","일","여","30대","서울특별시","마포구","상암동","중국집","35"
"20180114","일","여","30대","서울특별시","마포구","신공덕동","중국집","5"
"20180114","일","남","20대","서울특별시","마포구","신수동","중국집","5"
"20180114","일","여","20대","서울특별시","마포구","마포동","중국집","5"
"20180114","일","남","30대","서울특별시","마포구","신공덕동","중국집","5"
"20180114","일","여","30대","서울특별시","마포구","합정동","중국집","11"
"20180114","일","여","40대","서울특별시","마포구","신공덕동","중국집","5"
"20180114","일","여","40대","서울특별시","마포구","신수동","중국집","5"
"20180114","일","여","20대","서울특별시","마포구","신공덕동","중국집","6"
"20180114","일","남","60대이상","서울특별시","마포구","상암동","중국집","12"
"20180114","일","여","40대","서울특별시","마포구","창전동","중국집","5"
"20180114","일","남","20대","서울특별시","마포구","창전동","중국집","5"
"20180114","일","여","40대","서울특별시","마포구","합정동","중국집","8"
"20180114","일","남","60대이상","서울특별시","마포구","염리동","중국집","5"
"20180114","일","남","30대","서울특별시","마포구","상암동","중국집","34"
"20180114","일","여","50대","서울특별시","마포구","대흥동","중국집","5"
"20180114","일","여","40대","서울특별시","마포구","상암동","중국집","43"
"20180114","일","여","50대","서울특별시","마포구","마포동","중국집","5"
"20180114","일","여","50대","서울특별시","마포구","상암동","중국집","10"
"20180114","일","남","40대","서울특별시","마포구","아현동","중국집","5"
"20180114","일","남","30대","서울특별시","마포구","염리동","중국집","5"
"20180114","일","남","50대","서울특별시","마포구","대흥동","중국집","5"
"20180114","일","남","20대","서울특별시","마포구","망원동","중국집","5"
"20180114","일","여","50대","서울특별시","마포구","신공덕동","중국집","5"
"20180114","일","여","20대","서울특별시","마포구","염리동","중국집","5"
"20180114","일","여","50대","서울특별시","마포구","합정동","중국집","9"
"20180114","일","남","40대","서울특별시","마포구","염리동","중국집","5"
"20180114","일","여","40대","서울특별시","마포구","아현동","중국집","5"
"20180114","일","여","40대","서울특별시","마포구","망원동","중국집","5"
"20180114","일","여","60대이상","서울특별시","마포구","노고산동","중국집","5"
"20180114","일","여","60대이상","서울특별시","마포구","망원동","중국집","5"
"20180114","일","여","60대이상","서울특별시","마포구","대흥동","중국집","5"
"20180114","일","여","20대","서울특별시","마포구","공덕동","중국집","5"
"20180114","일","여","30대","서울특별시","마포구","염리동","중국집","5"
"20180114","일","여","60대이상","서울특별시","마포구","상암동","중국집","12"
"20180114","일","여","60대이상","서울특별시","마포구","신수동","중국집","5"
"20180114","일","여","60대이상","서울특별시","마포구","염리동","중국집","5"
"20180114","일","남","40대","서울특별시","마포구","신공덕동","중국집","5"
"20180114","일","남","20대","서울특별시","마포구","신공덕동","중국집","5"
"20180114","일","여","60대이상","서울특별시","마포구","창전동","중국집","5"
"20180114","일","여","30대","서울특별시","마포구","망원동","중국집","5"
"20180114","일","여","60대이상","서울특별시","마포구","합정동","중국집","5"
"20180114","일","여","30대","서울특별시","마포구","신수동","중국집","5"
"20180114","일","남","60대이상","서울특별시","마포구","신공덕동","중국집","5"
"20180114","일","남","40대","서울특별시","마포구","신수동","중국집","5"
"20180114","일","남","30대","서울특별시","마포구","마포동","중국집","5"
"20180114","일","남","50대","서울특별시","마포구","합정동","중국집","13"
"20180114","일","남","10대","서울특별시","서대문구","북가좌동","중국집","5"
"20180114","일","남","10대","서울특별시","서대문구","연희동","중국집","7"
"20180114","일","남","10대","서울특별시","서대문구","창천동","중국집","5"
"20180114","일","남","20대","서울특별시","서대문구","남가좌동","중국집","5"
"20180114","일","남","20대","서울특별시","서대문구","연희동","중국집","41"
"20180114","일","남","20대","서울특별시","서대문구","창천동","중국집","14"
"20180114","일","남","30대","서울특별시","서대문구","연희동","중국집","71"
"20180114","일","남","20대","서울특별시","서대문구","홍은동","중국집","5"
"20180114","일","남","40대","서울특별시","서대문구","창천동","중국집","34"
"20180114","일","남","30대","서울특별시","서대문구","충정로3가","중국집","5"
"20180114","일","남","40대","서울특별시","서대문구","충정로3가","중국집","5"
"20180114","일","남","40대","서울특별시","서대문구","홍제동","중국집","42"
"20180114","일","남","50대","서울특별시","서대문구","남가좌동","중국집","5"
"20180114","일","남","50대","서울특별시","서대문구","충정로3가","중국집","5"
"20180114","일","남","50대","서울특별시","서대문구","홍은동","중국집","5"
"20180114","일","남","30대","서울특별시","서대문구","북가좌동","중국집","5"
"20180114","일","남","50대","서울특별시","서대문구","연희동","중국집","37"
"20180114","일","남","50대","서울특별시","서대문구","홍제동","중국집","28"
"20180114","일","남","60대이상","서울특별시","서대문구","남가좌동","중국집","5"
"20180114","일","남","20대","서울특별시","서대문구","홍제동","중국집","26"
"20180114","일","남","60대이상","서울특별시","서대문구","북가좌동","중국집","5"
"20180114","일","남","60대이상","서울특별시","서대문구","연희동","중국집","27"
"20180114","일","남","60대이상","서울특별시","서대문구","창천동","중국집","16"
"20180114","일","남","60대이상","서울특별시","서대문구","홍제동","중국집","21"
"20180114","일","여","10대","서울특별시","서대문구","창천동","중국집","5"
"20180114","일","여","10대","서울특별시","서대문구","홍제동","중국집","5"
"20180114","일","여","20대","서울특별시","서대문구","연희동","중국집","30"
"20180114","일","여","20대","서울특별시","서대문구","홍제동","중국집","12"
"20180114","일","여","30대","서울특별시","서대문구","남가좌동","중국집","5"
"20180114","일","남","50대","서울특별시","서대문구","창천동","중국집","17"
"20180114","일","여","20대","서울특별시","서대문구","충정로3가","중국집","5"
"20180114","일","여","30대","서울특별시","서대문구","북가좌동","중국집","5"
"20180114","일","여","20대","서울특별시","서대문구","창천동","중국집","17"
"20180114","일","여","30대","서울특별시","서대문구","창천동","중국집","33"
"20180114","일","여","20대","서울특별시","서대문구","북아현동","중국집","5"
"20180114","일","여","30대","서울특별시","서대문구","홍제동","중국집","40"
"20180114","일","남","30대","서울특별시","서대문구","창천동","중국집","37"
"20180114","일","여","40대","서울특별시","서대문구","남가좌동","중국집","5"
"20180114","일","여","40대","서울특별시","서대문구","연희동","중국집","52"
"20180114","일","남","30대","서울특별시","서대문구","남가좌동","중국집","5"
"20180114","일","남","30대","서울특별시","서대문구","북아현동","중국집","5"
"20180114","일","여","40대","서울특별시","서대문구","창천동","중국집","44"
"20180114","일","남","40대","서울특별시","서대문구","연희동","중국집","48"
"20180114","일","남","20대","서울특별시","서대문구","충정로3가","중국집","5"
"20180114","일","남","30대","서울특별시","서대문구","홍은동","중국집","5"
"20180114","일","여","40대","서울특별시","서대문구","충정로3가","중국집","5"
"20180114","일","여","40대","서울특별시","서대문구","홍제동","중국집","33"
"20180114","일","남","30대","서울특별시","서대문구","홍제동","중국집","30"
"20180114","일","여","50대","서울특별시","서대문구","연희동","중국집","29"
"20180114","일","여","30대","서울특별시","서대문구","충정로3가","중국집","5"
"20180114","일","남","60대이상","서울특별시","서대문구","충정로3가","중국집","5"
"20180114","일","여","30대","서울특별시","서대문구","홍은동","중국집","5"
"20180114","일","여","50대","서울특별시","서대문구","창천동","중국집","20"
"20180114","일","여","50대","서울특별시","서대문구","홍제동","중국집","25"
"20180114","일","여","60대이상","서울특별시","서대문구","북가좌동","중국집","5"
"20180114","일","여","60대이상","서울특별시","서대문구","북아현동","중국집","5"
"20180114","일","남","10대","서울특별시","서대문구","홍제동","중국집","5"
"20180114","일","여","20대","서울특별시","서대문구","홍은동","중국집","5"
"20180114","일","여","60대이상","서울특별시","서대문구","창천동","중국집","14"
"20180114","일","여","60대이상","서울특별시","서대문구","충정로3가","중국집","5"
"20180114","일","여","60대이상","서울특별시","서대문구","홍제동","중국집","10"
"20180114","일","여","10대","서울특별시","서대문구","연희동","중국집","5"
"20180114","일","여","30대","서울특별시","서대문구","연희동","중국집","25"
"20180114","일","여","40대","서울특별시","서대문구","북가좌동","중국집","5"
"20180114","일","여","60대이상","서울특별시","서대문구","연희동","중국집","24"
"20180114","일","여","40대","서울특별시","서대문구","홍은동","중국집","5"
"20180114","일","남","10대","서울특별시","서초구","방배동","중국집","8"
"20180114","일","남","10대","서울특별시","서초구","양재동","중국집","6"
"20180114","일","남","20대","서울특별시","서초구","반포동","중국집","6"
"20180114","일","남","20대","서울특별시","서초구","서초동","중국집","7"
"20180114","일","남","30대","서울특별시","서초구","반포동","중국집","12"
"20180114","일","남","30대","서울특별시","서초구","방배동","중국집","67"
"20180114","일","남","30대","서울특별시","서초구","서초동","중국집","10"
"20180114","일","남","30대","서울특별시","서초구","양재동","중국집","50"
"20180114","일","남","30대","서울특별시","서초구","잠원동","중국집","5"
"20180114","일","남","40대","서울특별시","서초구","반포동","중국집","23"
"20180114","일","남","40대","서울특별시","서초구","서초동","중국집","15"
"20180114","일","남","40대","서울특별시","서초구","잠원동","중국집","5"
"20180114","일","남","50대","서울특별시","서초구","내곡동","중국집","5"
"20180114","일","남","40대","서울특별시","서초구","양재동","중국집","35"
"20180114","일","남","50대","서울특별시","서초구","반포동","중국집","14"
"20180114","일","남","50대","서울특별시","서초구","서초동","중국집","5"
"20180114","일","남","50대","서울특별시","서초구","양재동","중국집","27"
"20180114","일","남","60대이상","서울특별시","서초구","반포동","중국집","5"
"20180114","일","남","20대","서울특별시","서초구","양재동","중국집","20"
"20180114","일","남","60대이상","서울특별시","서초구","방배동","중국집","23"
"20180114","일","남","60대이상","서울특별시","서초구","잠원동","중국집","5"
"20180114","일","남","20대","서울특별시","서초구","방배동","중국집","23"
"20180114","일","남","50대","서울특별시","서초구","방배동","중국집","32"
"20180114","일","여","10대","서울특별시","서초구","방배동","중국집","5"
"20180114","일","남","40대","서울특별시","서초구","방배동","중국집","74"
"20180114","일","여","10대","서울특별시","서초구","양재동","중국집","5"
"20180114","일","여","20대","서울특별시","서초구","반포동","중국집","5"
"20180114","일","여","20대","서울특별시","서초구","방배동","중국집","14"
"20180114","일","여","20대","서울특별시","서초구","서초동","중국집","5"
"20180114","일","여","30대","서울특별시","서초구","반포동","중국집","10"
"20180114","일","여","30대","서울특별시","서초구","방배동","중국집","52"
"20180114","일","남","60대이상","서울특별시","서초구","양재동","중국집","10"
"20180114","일","여","30대","서울특별시","서초구","서초동","중국집","14"
"20180114","일","여","30대","서울특별시","서초구","양재동","중국집","36"
"20180114","일","여","30대","서울특별시","서초구","내곡동","중국집","5"
"20180114","일","여","40대","서울특별시","서초구","반포동","중국집","34"
"20180114","일","여","40대","서울특별시","서초구","방배동","중국집","68"
"20180114","일","여","40대","서울특별시","서초구","서초동","중국집","12"
"20180114","일","남","40대","서울특별시","서초구","내곡동","중국집","5"
"20180114","일","여","20대","서울특별시","서초구","양재동","중국집","17"
"20180114","일","여","40대","서울특별시","서초구","양재동","중국집","32"
"20180114","일","여","50대","서울특별시","서초구","반포동","중국집","8"
"20180114","일","남","10대","서울특별시","서초구","반포동","중국집","5"
"20180114","일","여","50대","서울특별시","서초구","방배동","중국집","44"
"20180114","일","여","50대","서울특별시","서초구","양재동","중국집","24"
"20180114","일","여","50대","서울특별시","서초구","잠원동","중국집","5"
"20180114","일","여","60대이상","서울특별시","서초구","내곡동","중국집","5"
"20180114","일","여","60대이상","서울특별시","서초구","반포동","중국집","9"
"20180114","일","남","60대이상","서울특별시","서초구","서초동","중국집","5"
"20180114","일","여","60대이상","서울특별시","서초구","방배동","중국집","24"
"20180114","일","여","60대이상","서울특별시","서초구","서초동","중국집","6"
"20180114","일","여","50대","서울특별시","서초구","서초동","중국집","7"
"20180114","일","여","60대이상","서울특별시","서초구","양재동","중국집","18"
"20180114","일","남","10대","서울특별시","성동구","옥수동","중국집","5"
"20180114","일","남","20대","서울특별시","성동구","성수동2가","중국집","64"
"20180114","일","남","10대","서울특별시","성동구","성수동2가","중국집","10"
"20180114","일","남","20대","서울특별시","성동구","옥수동","중국집","19"
"20180114","일","남","40대","서울특별시","성동구","성수동2가","중국집","92"
"20180114","일","남","40대","서울특별시","성동구","옥수동","중국집","26"
"20180114","일","남","50대","서울특별시","성동구","옥수동","중국집","24"
"20180114","일","남","60대이상","서울특별시","성동구","성수동2가","중국집","32"
"20180114","일","남","60대이상","서울특별시","성동구","옥수동","중국집","11"
"20180114","일","남","30대","서울특별시","성동구","옥수동","중국집","22"
"20180114","일","여","10대","서울특별시","성동구","성수동2가","중국집","5"
"20180114","일","남","60대이상","서울특별시","성동구","행당동","중국집","5"
"20180114","일","여","20대","서울특별시","성동구","성수동2가","중국집","31"
"20180114","일","여","10대","서울특별시","성동구","옥수동","중국집","5"
"20180114","일","여","20대","서울특별시","성동구","옥수동","중국집","6"
"20180114","일","여","30대","서울특별시","성동구","성수동2가","중국집","89"
"20180114","일","여","30대","서울특별시","성동구","옥수동","중국집","14"
"20180114","일","남","50대","서울특별시","성동구","성수동2가","중국집","87"
"20180114","일","여","40대","서울특별시","성동구","성수동2가","중국집","117"
"20180114","일","여","40대","서울특별시","성동구","옥수동","중국집","21"
"20180114","일","여","50대","서울특별시","성동구","성수동2가","중국집","51"
"20180114","일","여","50대","서울특별시","성동구","옥수동","중국집","12"
"20180114","일","남","30대","서울특별시","성동구","성수동2가","중국집","120"
"20180114","일","여","60대이상","서울특별시","성동구","성수동2가","중국집","19"
"20180114","일","여","60대이상","서울특별시","성동구","옥수동","중국집","10"
"20180114","일","남","10대","서울특별시","성북구","정릉동","중국집","5"
"20180114","일","남","20대","서울특별시","성북구","동선동3가","중국집","5"
"20180114","일","남","20대","서울특별시","성북구","안암동5가","중국집","5"
"20180114","일","남","20대","서울특별시","성북구","정릉동","중국집","5"
"20180114","일","남","20대","서울특별시","성북구","종암동","중국집","5"
"20180114","일","남","20대","서울특별시","성북구","하월곡동","중국집","5"
"20180114","일","남","30대","서울특별시","성북구","길음동","중국집","5"
"20180114","일","남","30대","서울특별시","성북구","삼선동5가","중국집","5"
"20180114","일","남","10대","서울특별시","성북구","동선동2가","중국집","5"
"20180114","일","남","30대","서울특별시","성북구","종암동","중국집","5"
"20180114","일","남","20대","서울특별시","성북구","상월곡동","중국집","5"
"20180114","일","남","40대","서울특별시","성북구","길음동","중국집","5"
"20180114","일","남","30대","서울특별시","성북구","정릉동","중국집","5"
"20180114","일","남","40대","서울특별시","성북구","동선동2가","중국집","52"
"20180114","일","남","40대","서울특별시","성북구","동선동3가","중국집","5"
"20180114","일","남","40대","서울특별시","성북구","삼선동5가","중국집","5"
"20180114","일","남","50대","서울특별시","성북구","동선동2가","중국집","44"
"20180114","일","남","50대","서울특별시","성북구","삼선동5가","중국집","5"
"20180114","일","남","50대","서울특별시","성북구","정릉동","중국집","5"
"20180114","일","남","50대","서울특별시","성북구","종암동","중국집","5"
"20180114","일","남","60대이상","서울특별시","성북구","동선동2가","중국집","22"
"20180114","일","남","60대이상","서울특별시","성북구","정릉동","중국집","5"
"20180114","일","여","10대","서울특별시","성북구","삼선동5가","중국집","5"
"20180114","일","남","40대","서울특별시","성북구","종암동","중국집","5"
"20180114","일","남","60대이상","서울특별시","성북구","삼선동5가","중국집","5"
"20180114","일","여","10대","서울특별시","성북구","종암동","중국집","5"
"20180114","일","남","30대","서울특별시","성북구","하월곡동","중국집","5"
"20180114","일","여","20대","서울특별시","성북구","동선동2가","중국집","15"
"20180114","일","여","20대","서울특별시","성북구","삼선동5가","중국집","5"
"20180114","일","여","20대","서울특별시","성북구","하월곡동","중국집","5"
"20180114","일","여","30대","서울특별시","성북구","동선동2가","중국집","37"
"20180114","일","여","30대","서울특별시","성북구","삼선동5가","중국집","5"
"20180114","일","여","30대","서울특별시","성북구","정릉동","중국집","5"
"20180114","일","여","20대","서울특별시","성북구","길음동","중국집","5"
"20180114","일","여","10대","서울특별시","성북구","하월곡동","중국집","5"
"20180114","일","여","40대","서울특별시","성북구","동선동2가","중국집","63"
"20180114","일","여","40대","서울특별시","성북구","삼선동5가","중국집","5"
"20180114","일","여","40대","서울특별시","성북구","성북동","중국집","5"
"20180114","일","남","20대","서울특별시","성북구","동선동2가","중국집","42"
"20180114","일","여","40대","서울특별시","성북구","종암동","중국집","5"
"20180114","일","여","50대","서울특별시","성북구","동선동2가","중국집","45"
"20180114","일","남","60대이상","서울특별시","성북구","종암동","중국집","5"
"20180114","일","남","30대","서울특별시","성북구","동선동2가","중국집","58"
"20180114","일","여","50대","서울특별시","성북구","정릉동","중국집","5"
"20180114","일","남","20대","서울특별시","성북구","삼선동5가","중국집","5"
"20180114","일","남","60대이상","서울특별시","성북구","하월곡동","중국집","5"
"20180114","일","여","50대","서울특별시","성북구","종암동","중국집","5"
"20180114","일","여","40대","서울특별시","성북구","정릉동","중국집","5"
"20180114","일","여","60대이상","서울특별시","성북구","동선동2가","중국집","22"
"20180114","일","여","60대이상","서울특별시","성북구","종암동","중국집","5"
"20180114","일","남","20대","서울특별시","송파구","가락동","중국집","9"
"20180114","일","남","20대","서울특별시","송파구","송파동","중국집","51"
"20180114","일","남","20대","서울특별시","송파구","풍납동","중국집","5"
"20180114","일","남","30대","서울특별시","송파구","가락동","중국집","20"
"20180114","일","남","30대","서울특별시","송파구","방이동","중국집","5"
"20180114","일","남","30대","서울특별시","송파구","송파동","중국집","97"
"20180114","일","남","30대","서울특별시","송파구","풍납동","중국집","5"
"20180114","일","남","40대","서울특별시","송파구","송파동","중국집","81"
"20180114","일","남","50대","서울특별시","송파구","가락동","중국집","10"
"20180114","일","남","20대","서울특별시","송파구","마천동","중국집","5"
"20180114","일","남","50대","서울특별시","송파구","마천동","중국집","5"
"20180114","일","남","50대","서울특별시","송파구","방이동","중국집","5"
"20180114","일","남","40대","서울특별시","송파구","가락동","중국집","15"
"20180114","일","남","10대","서울특별시","송파구","가락동","중국집","5"
"20180114","일","남","40대","서울특별시","송파구","풍납동","중국집","5"
"20180114","일","남","50대","서울특별시","송파구","송파동","중국집","65"
"20180114","일","남","10대","서울특별시","송파구","송파동","중국집","7"
"20180114","일","남","10대","서울특별시","송파구","마천동","중국집","5"
"20180114","일","남","60대이상","서울특별시","송파구","가락동","중국집","8"
"20180114","일","남","60대이상","서울특별시","송파구","잠실동","중국집","5"
"20180114","일","여","10대","서울특별시","송파구","송파동","중국집","5"
"20180114","일","여","20대","서울특별시","송파구","가락동","중국집","5"
"20180114","일","여","20대","서울특별시","송파구","송파동","중국집","16"
"20180114","일","여","20대","서울특별시","송파구","풍납동","중국집","5"
"20180114","일","여","30대","서울특별시","송파구","가락동","중국집","9"
"20180114","일","여","30대","서울특별시","송파구","방이동","중국집","5"
"20180114","일","여","30대","서울특별시","송파구","송파동","중국집","67"
"20180114","일","여","30대","서울특별시","송파구","풍납동","중국집","5"
"20180114","일","여","40대","서울특별시","송파구","가락동","중국집","23"
"20180114","일","여","50대","서울특별시","송파구","가락동","중국집","5"
"20180114","일","여","50대","서울특별시","송파구","송파동","중국집","53"
"20180114","일","여","40대","서울특별시","송파구","송파동","중국집","89"
"20180114","일","남","60대이상","서울특별시","송파구","송파동","중국집","31"
"20180114","일","여","60대이상","서울특별시","송파구","가락동","중국집","5"
"20180114","일","여","60대이상","서울특별시","송파구","송파동","중국집","34"
"20180114","일","여","60대이상","서울특별시","송파구","풍납동","중국집","5"
"20180114","일","남","10대","서울특별시","양천구","신월동","중국집","5"
"20180114","일","남","10대","서울특별시","양천구","목동","중국집","5"
"20180114","일","남","40대","서울특별시","양천구","목동","중국집","5"
"20180114","일","남","40대","서울특별시","양천구","신월동","중국집","5"
"20180114","일","남","40대","서울특별시","양천구","신정동","중국집","15"
"20180114","일","남","30대","서울특별시","양천구","신정동","중국집","26"
"20180114","일","남","50대","서울특별시","양천구","신정동","중국집","15"
"20180114","일","남","60대이상","서울특별시","양천구","신월동","중국집","5"
"20180114","일","남","20대","서울특별시","양천구","신정동","중국집","10"
"20180114","일","남","30대","서울특별시","양천구","신월동","중국집","5"
"20180114","일","남","60대이상","서울특별시","양천구","신정동","중국집","6"
"20180114","일","여","10대","서울특별시","양천구","목동","중국집","5"
"20180114","일","여","10대","서울특별시","양천구","신월동","중국집","5"
"20180114","일","여","10대","서울특별시","양천구","신정동","중국집","5"
"20180114","일","여","20대","서울특별시","양천구","신월동","중국집","5"
"20180114","일","여","20대","서울특별시","양천구","신정동","중국집","5"
"20180114","일","남","50대","서울특별시","양천구","목동","중국집","5"
"20180114","일","여","30대","서울특별시","양천구","신월동","중국집","5"
"20180114","일","여","40대","서울특별시","양천구","목동","중국집","5"
"20180114","일","여","40대","서울특별시","양천구","신월동","중국집","6"
"20180114","일","남","10대","서울특별시","양천구","신정동","중국집","5"
"20180114","일","여","40대","서울특별시","양천구","신정동","중국집","29"
"20180114","일","여","50대","서울특별시","양천구","목동","중국집","5"
"20180114","일","여","50대","서울특별시","양천구","신월동","중국집","5"
"20180114","일","여","50대","서울특별시","양천구","신정동","중국집","6"
"20180114","일","남","20대","서울특별시","양천구","신월동","중국집","5"
"20180114","일","여","60대이상","서울특별시","양천구","목동","중국집","5"
"20180114","일","여","30대","서울특별시","양천구","신정동","중국집","13"
"20180114","일","여","60대이상","서울특별시","양천구","신월동","중국집","5"
"20180114","일","여","60대이상","서울특별시","양천구","신정동","중국집","5"
"20180114","일","여","30대","서울특별시","양천구","목동","중국집","5"
"20180114","일","남","10대","서울특별시","영등포구","문래동2가","중국집","5"
"20180114","일","남","10대","서울특별시","영등포구","신길동","중국집","5"
"20180114","일","남","20대","서울특별시","영등포구","영등포동1가","중국집","5"
"20180114","일","남","20대","서울특별시","영등포구","영등포동7가","중국집","5"
"20180114","일","남","20대","서울특별시","영등포구","영등포동8가","중국집","5"
"20180114","일","남","20대","서울특별시","영등포구","문래동2가","중국집","18"
"20180114","일","남","30대","서울특별시","영등포구","문래동3가","중국집","32"
"20180114","일","남","30대","서울특별시","영등포구","여의도동","중국집","26"
"20180114","일","남","40대","서울특별시","영등포구","영등포동1가","중국집","5"
"20180114","일","남","40대","서울특별시","영등포구","영등포동8가","중국집","5"
"20180114","일","남","20대","서울특별시","영등포구","문래동3가","중국집","12"
"20180114","일","남","20대","서울특별시","영등포구","여의도동","중국집","5"
"20180114","일","남","50대","서울특별시","영등포구","문래동2가","중국집","12"
"20180114","일","남","50대","서울특별시","영등포구","여의도동","중국집","6"
"20180114","일","남","20대","서울특별시","영등포구","신길동","중국집","5"
"20180114","일","남","40대","서울특별시","영등포구","문래동3가","중국집","29"
"20180114","일","남","50대","서울특별시","영등포구","영등포동1가","중국집","5"
"20180114","일","남","40대","서울특별시","영등포구","여의도동","중국집","18"
"20180114","일","남","60대이상","서울특별시","영등포구","문래동2가","중국집","7"
"20180114","일","남","60대이상","서울특별시","영등포구","문래동3가","중국집","10"
"20180114","일","남","60대이상","서울특별시","영등포구","여의도동","중국집","12"
"20180114","일","남","50대","서울특별시","영등포구","대림동","중국집","5"
"20180114","일","남","50대","서울특별시","영등포구","문래동3가","중국집","21"
"20180114","일","남","60대이상","서울특별시","영등포구","영등포동1가","중국집","5"
"20180114","일","여","10대","서울특별시","영등포구","문래동2가","중국집","5"
"20180114","일","여","10대","서울특별시","영등포구","문래동3가","중국집","5"
"20180114","일","여","10대","서울특별시","영등포구","여의도동","중국집","5"
"20180114","일","여","20대","서울특별시","영등포구","당산동6가","중국집","5"
"20180114","일","여","20대","서울특별시","영등포구","문래동2가","중국집","5"
"20180114","일","남","40대","서울특별시","영등포구","문래동2가","중국집","27"
"20180114","일","여","20대","서울특별시","영등포구","문래동3가","중국집","13"
"20180114","일","여","20대","서울특별시","영등포구","여의도동","중국집","8"
"20180114","일","여","20대","서울특별시","영등포구","대림동","중국집","5"
"20180114","일","남","20대","서울특별시","영등포구","대림동","중국집","5"
"20180114","일","여","20대","서울특별시","영등포구","영등포동8가","중국집","5"
"20180114","일","여","30대","서울특별시","영등포구","문래동2가","중국집","17"
"20180114","일","여","30대","서울특별시","영등포구","문래동3가","중국집","20"
"20180114","일","여","30대","서울특별시","영등포구","여의도동","중국집","8"
"20180114","일","여","30대","서울특별시","영등포구","영등포동1가","중국집","5"
"20180114","일","여","30대","서울특별시","영등포구","영등포동7가","중국집","5"
"20180114","일","여","40대","서울특별시","영등포구","대림동","중국집","5"
"20180114","일","여","40대","서울특별시","영등포구","문래동2가","중국집","23"
"20180114","일","여","40대","서울특별시","영등포구","문래동3가","중국집","13"
"20180114","일","남","30대","서울특별시","영등포구","문래동2가","중국집","26"
"20180114","일","여","40대","서울특별시","영등포구","여의도동","중국집","14"
"20180114","일","여","40대","서울특별시","영등포구","영등포동1가","중국집","5"
"20180114","일","여","30대","서울특별시","영등포구","신길동","중국집","5"
"20180114","일","남","10대","서울특별시","영등포구","문래동3가","중국집","5"
"20180114","일","여","50대","서울특별시","영등포구","문래동2가","중국집","10"
"20180114","일","남","40대","서울특별시","영등포구","신길동","중국집","5"
"20180114","일","여","50대","서울특별시","영등포구","문래동3가","중국집","10"
"20180114","일","남","30대","서울특별시","영등포구","신길동","중국집","5"
"20180114","일","남","40대","서울특별시","영등포구","대림동","중국집","6"
"20180114","일","여","50대","서울특별시","영등포구","여의도동","중국집","9"
"20180114","일","여","50대","서울특별시","영등포구","영등포동1가","중국집","5"
"20180114","일","여","50대","서울특별시","영등포구","영등포동7가","중국집","5"
"20180114","일","여","40대","서울특별시","영등포구","영등포동8가","중국집","5"
"20180114","일","여","60대이상","서울특별시","영등포구","대림동","중국집","5"
"20180114","일","여","50대","서울특별시","영등포구","대림동","중국집","5"
"20180114","일","여","60대이상","서울특별시","영등포구","문래동2가","중국집","7"
"20180114","일","여","20대","서울특별시","영등포구","신길동","중국집","5"
"20180114","일","여","60대이상","서울특별시","영등포구","문래동3가","중국집","6"
"20180114","일","남","30대","서울특별시","영등포구","영등포동1가","중국집","7"
"20180114","일","여","20대","서울특별시","영등포구","영등포동1가","중국집","5"
"20180114","일","여","60대이상","서울특별시","영등포구","여의도동","중국집","5"
"20180114","일","남","30대","서울특별시","영등포구","대림동","중국집","5"
"20180114","일","남","10대","서울특별시","용산구","후암동","중국집","5"
"20180114","일","남","20대","서울특별시","용산구","도원동","중국집","5"
"20180114","일","남","20대","서울특별시","용산구","후암동","중국집","14"
"20180114","일","남","30대","서울특별시","용산구","이촌동","중국집","5"
"20180114","일","남","30대","서울특별시","용산구","이태원동","중국집","6"
"20180114","일","남","40대","서울특별시","용산구","보광동","중국집","5"
"20180114","일","남","40대","서울특별시","용산구","한강로3가","중국집","53"
"20180114","일","남","40대","서울특별시","용산구","한남동","중국집","5"
"20180114","일","남","10대","서울특별시","용산구","이태원동","중국집","5"
"20180114","일","남","50대","서울특별시","용산구","원효로4가","중국집","5"
"20180114","일","남","50대","서울특별시","용산구","이촌동","중국집","5"
"20180114","일","남","50대","서울특별시","용산구","한남동","중국집","5"
"20180114","일","남","60대이상","서울특별시","용산구","동자동","중국집","5"
"20180114","일","남","60대이상","서울특별시","용산구","보광동","중국집","5"
"20180114","일","남","30대","서울특별시","용산구","도원동","중국집","5"
"20180114","일","남","60대이상","서울특별시","용산구","이태원동","중국집","5"
"20180114","일","남","60대이상","서울특별시","용산구","한남동","중국집","5"
"20180114","일","남","40대","서울특별시","용산구","이촌동","중국집","5"
"20180114","일","남","40대","서울특별시","용산구","이태원동","중국집","5"
"20180114","일","남","60대이상","서울특별시","용산구","후암동","중국집","15"
"20180114","일","남","40대","서울특별시","용산구","후암동","중국집","29"
"20180114","일","여","10대","서울특별시","용산구","보광동","중국집","5"
"20180114","일","여","10대","서울특별시","용산구","후암동","중국집","5"
"20180114","일","여","20대","서울특별시","용산구","도원동","중국집","5"
"20180114","일","여","20대","서울특별시","용산구","보광동","중국집","5"
"20180114","일","남","20대","서울특별시","용산구","원효로4가","중국집","5"
"20180114","일","여","20대","서울특별시","용산구","이촌동","중국집","5"
"20180114","일","남","60대이상","서울특별시","용산구","이촌동","중국집","5"
"20180114","일","여","10대","서울특별시","용산구","원효로4가","중국집","5"
"20180114","일","여","20대","서울특별시","용산구","이태원동","중국집","5"
"20180114","일","여","20대","서울특별시","용산구","한강로3가","중국집","5"
"20180114","일","여","20대","서울특별시","용산구","후암동","중국집","15"
"20180114","일","여","30대","서울특별시","용산구","도원동","중국집","5"
"20180114","일","남","20대","서울특별시","용산구","한강로3가","중국집","17"
"20180114","일","남","50대","서울특별시","용산구","보광동","중국집","5"
"20180114","일","여","30대","서울특별시","용산구","동자동","중국집","5"
"20180114","일","남","50대","서울특별시","용산구","동자동","중국집","5"
"20180114","일","여","30대","서울특별시","용산구","보광동","중국집","5"
"20180114","일","남","30대","서울특별시","용산구","후암동","중국집","33"
"20180114","일","여","30대","서울특별시","용산구","원효로4가","중국집","5"
"20180114","일","여","30대","서울특별시","용산구","이촌동","중국집","5"
"20180114","일","여","20대","서울특별시","용산구","원효로4가","중국집","5"
"20180114","일","여","30대","서울특별시","용산구","한강로3가","중국집","29"
"20180114","일","여","30대","서울특별시","용산구","한남동","중국집","5"
"20180114","일","여","40대","서울특별시","용산구","보광동","중국집","6"
"20180114","일","여","40대","서울특별시","용산구","신계동","중국집","5"
"20180114","일","남","60대이상","서울특별시","용산구","한강로3가","중국집","11"
"20180114","일","여","40대","서울특별시","용산구","원효로4가","중국집","5"
"20180114","일","여","40대","서울특별시","용산구","이촌동","중국집","7"
"20180114","일","여","40대","서울특별시","용산구","이태원동","중국집","5"
"20180114","일","여","30대","서울특별시","용산구","후암동","중국집","21"
"20180114","일","여","40대","서울특별시","용산구","후암동","중국집","18"
"20180114","일","남","20대","서울특별시","용산구","이태원동","중국집","5"
"20180114","일","여","50대","서울특별시","용산구","동자동","중국집","5"
"20180114","일","여","50대","서울특별시","용산구","보광동","중국집","5"
"20180114","일","여","50대","서울특별시","용산구","한강로3가","중국집","29"
"20180114","일","여","10대","서울특별시","용산구","갈월동","중국집","5"
"20180114","일","여","50대","서울특별시","용산구","후암동","중국집","18"
"20180114","일","남","20대","서울특별시","용산구","보광동","중국집","12"
"20180114","일","여","40대","서울특별시","용산구","도원동","중국집","5"
"20180114","일","여","40대","서울특별시","용산구","한강로3가","중국집","35"
"20180114","일","여","60대이상","서울특별시","용산구","도원동","중국집","5"
"20180114","일","남","50대","서울특별시","용산구","신계동","중국집","5"
"20180114","일","여","60대이상","서울특별시","용산구","동자동","중국집","5"
"20180114","일","여","20대","서울특별시","용산구","한남동","중국집","5"
"20180114","일","여","60대이상","서울특별시","용산구","보광동","중국집","5"
"20180114","일","남","50대","서울특별시","용산구","한강로3가","중국집","30"
"20180114","일","여","50대","서울특별시","용산구","한남동","중국집","5"
"20180114","일","남","30대","서울특별시","용산구","보광동","중국집","11"
"20180114","일","남","30대","서울특별시","용산구","한강로3가","중국집","28"
"20180114","일","남","50대","서울특별시","용산구","후암동","중국집","22"
"20180114","일","여","60대이상","서울특별시","용산구","이촌동","중국집","5"
"20180114","일","여","10대","서울특별시","용산구","한강로3가","중국집","5"
"20180114","일","여","60대이상","서울특별시","용산구","한강로3가","중국집","19"
"20180114","일","여","60대이상","서울특별시","용산구","후암동","중국집","13"
"20180114","일","여","50대","서울특별시","용산구","이촌동","중국집","5"
"20180114","일","여","50대","서울특별시","용산구","이태원동","중국집","5"
"20180114","일","여","30대","서울특별시","용산구","이태원동","중국집","5"
"20180114","일","남","30대","서울특별시","용산구","한남동","중국집","5"
"20180114","일","남","20대","서울특별시","용산구","이촌동","중국집","5"
"20180114","일","남","10대","서울특별시","은평구","불광동","중국집","11"
"20180114","일","남","20대","서울특별시","은평구","구산동","중국집","5"
"20180114","일","남","20대","서울특별시","은평구","불광동","중국집","17"
"20180114","일","남","20대","서울특별시","은평구","수색동","중국집","5"
"20180114","일","남","20대","서울특별시","은평구","증산동","중국집","5"
"20180114","일","남","30대","서울특별시","은평구","구산동","중국집","5"
"20180114","일","남","30대","서울특별시","은평구","불광동","중국집","66"
"20180114","일","남","30대","서울특별시","은평구","진관동","중국집","5"
"20180114","일","남","40대","서울특별시","은평구","구산동","중국집","5"
"20180114","일","남","40대","서울특별시","은평구","불광동","중국집","60"
"20180114","일","남","40대","서울특별시","은평구","증산동","중국집","6"
"20180114","일","남","50대","서울특별시","은평구","구산동","중국집","5"
"20180114","일","남","50대","서울특별시","은평구","불광동","중국집","33"
"20180114","일","남","50대","서울특별시","은평구","증산동","중국집","5"
"20180114","일","남","60대이상","서울특별시","은평구","구산동","중국집","5"
"20180114","일","남","60대이상","서울특별시","은평구","증산동","중국집","5"
"20180114","일","여","20대","서울특별시","은평구","불광동","중국집","12"
"20180114","일","여","20대","서울특별시","은평구","증산동","중국집","5"
"20180114","일","남","40대","서울특별시","은평구","수색동","중국집","5"
"20180114","일","여","30대","서울특별시","은평구","구산동","중국집","5"
"20180114","일","여","10대","서울특별시","은평구","불광동","중국집","5"
"20180114","일","여","30대","서울특별시","은평구","불광동","중국집","56"
"20180114","일","여","30대","서울특별시","은평구","수색동","중국집","5"
"20180114","일","여","30대","서울특별시","은평구","증산동","중국집","5"
"20180114","일","여","40대","서울특별시","은평구","구산동","중국집","5"
"20180114","일","여","40대","서울특별시","은평구","대조동","중국집","5"
"20180114","일","여","40대","서울특별시","은평구","불광동","중국집","64"
"20180114","일","여","40대","서울특별시","은평구","수색동","중국집","5"
"20180114","일","남","60대이상","서울특별시","은평구","불광동","중국집","16"
"20180114","일","남","30대","서울특별시","은평구","증산동","중국집","5"
"20180114","일","여","40대","서울특별시","은평구","증산동","중국집","5"
"20180114","일","여","50대","서울특별시","은평구","불광동","중국집","33"
"20180114","일","여","50대","서울특별시","은평구","구산동","중국집","5"
"20180114","일","여","50대","서울특별시","은평구","증산동","중국집","5"
"20180114","일","여","60대이상","서울특별시","은평구","불광동","중국집","16"
"20180114","일","여","60대이상","서울특별시","은평구","증산동","중국집","5"
"20180114","일","남","10대","서울특별시","종로구","교남동","중국집","5"
"20180114","일","남","10대","서울특별시","종로구","창성동","중국집","5"
"20180114","일","남","20대","서울특별시","종로구","명륜1가","중국집","5"
"20180114","일","남","20대","서울특별시","종로구","창성동","중국집","5"
"20180114","일","남","30대","서울특별시","종로구","경운동","중국집","5"
"20180114","일","남","30대","서울특별시","종로구","낙원동","중국집","5"
"20180114","일","남","30대","서울특별시","종로구","신문로2가","중국집","5"
"20180114","일","남","30대","서울특별시","종로구","종로5가","중국집","5"
"20180114","일","남","30대","서울특별시","종로구","종로6가","중국집","5"
"20180114","일","남","40대","서울특별시","종로구","낙원동","중국집","5"
"20180114","일","남","40대","서울특별시","종로구","숭인동","중국집","5"
"20180114","일","남","40대","서울특별시","종로구","명륜1가","중국집","5"
"20180114","일","남","30대","서울특별시","종로구","옥인동","중국집","5"
"20180114","일","남","50대","서울특별시","종로구","교남동","중국집","5"
"20180114","일","남","20대","서울특별시","종로구","안국동","중국집","5"
"20180114","일","남","50대","서울특별시","종로구","동숭동","중국집","5"
"20180114","일","남","50대","서울특별시","종로구","숭인동","중국집","5"
"20180114","일","남","20대","서울특별시","종로구","교남동","중국집","5"
"20180114","일","남","50대","서울특별시","종로구","원서동","중국집","5"
"20180114","일","남","20대","서울특별시","종로구","평창동","중국집","5"
"20180114","일","남","20대","서울특별시","종로구","종로3가","중국집","5"
"20180114","일","남","40대","서울특별시","종로구","원서동","중국집","5"
"20180114","일","남","50대","서울특별시","종로구","창성동","중국집","5"
"20180114","일","남","60대이상","서울특별시","종로구","낙원동","중국집","5"
"20180114","일","남","30대","서울특별시","종로구","숭인동","중국집","5"
"20180114","일","남","60대이상","서울특별시","종로구","동숭동","중국집","5"
"20180114","일","남","20대","서울특별시","종로구","숭인동","중국집","5"
"20180114","일","남","60대이상","서울특별시","종로구","종로5가","중국집","5"
"20180114","일","남","60대이상","서울특별시","종로구","창신동","중국집","5"
"20180114","일","남","60대이상","서울특별시","종로구","명륜1가","중국집","5"
"20180114","일","여","20대","서울특별시","종로구","교남동","중국집","5"
"20180114","일","여","20대","서울특별시","종로구","낙원동","중국집","5"
"20180114","일","남","10대","서울특별시","종로구","평창동","중국집","5"
"20180114","일","여","20대","서울특별시","종로구","명륜1가","중국집","5"
"20180114","일","남","40대","서울특별시","종로구","교남동","중국집","5"
"20180114","일","여","20대","서울특별시","종로구","숭인동","중국집","5"
"20180114","일","여","20대","서울특별시","종로구","신문로2가","중국집","5"
"20180114","일","남","20대","서울특별시","종로구","동숭동","중국집","5"
"20180114","일","남","20대","서울특별시","종로구","창신동","중국집","5"
"20180114","일","남","60대이상","서울특별시","종로구","숭인동","중국집","5"
"20180114","일","여","20대","서울특별시","종로구","평창동","중국집","5"
"20180114","일","여","30대","서울특별시","종로구","교남동","중국집","5"
"20180114","일","여","30대","서울특별시","종로구","낙원동","중국집","5"
"20180114","일","여","30대","서울특별시","종로구","원서동","중국집","5"
"20180114","일","여","30대","서울특별시","종로구","창성동","중국집","5"
"20180114","일","남","40대","서울특별시","종로구","평창동","중국집","5"
"20180114","일","남","50대","서울특별시","종로구","종로6가","중국집","5"
"20180114","일","여","30대","서울특별시","종로구","평창동","중국집","5"
"20180114","일","여","40대","서울특별시","종로구","교남동","중국집","5"
"20180114","일","남","30대","서울특별시","종로구","원서동","중국집","5"
"20180114","일","여","40대","서울특별시","종로구","동숭동","중국집","5"
"20180114","일","여","40대","서울특별시","종로구","종로6가","중국집","5"
"20180114","일","여","30대","서울특별시","종로구","동숭동","중국집","5"
"20180114","일","남","40대","서울특별시","종로구","종로6가","중국집","5"
"20180114","일","여","40대","서울특별시","종로구","창성동","중국집","5"
"20180114","일","여","40대","서울특별시","종로구","평창동","중국집","5"
"20180114","일","남","10대","서울특별시","종로구","숭인동","중국집","5"
"20180114","일","여","50대","서울특별시","종로구","동숭동","중국집","5"
"20180114","일","남","40대","서울특별시","종로구","동숭동","중국집","5"
"20180114","일","남","30대","서울특별시","종로구","창신동","중국집","5"
"20180114","일","여","50대","서울특별시","종로구","명륜1가","중국집","5"
"20180114","일","남","40대","서울특별시","종로구","서린동","중국집","5"
"20180114","일","여","50대","서울특별시","종로구","숭인동","중국집","5"
"20180114","일","여","50대","서울특별시","종로구","창성동","중국집","5"
"20180114","일","남","30대","서울특별시","종로구","동숭동","중국집","5"
"20180114","일","남","40대","서울특별시","종로구","신문로2가","중국집","5"
"20180114","일","여","20대","서울특별시","종로구","원서동","중국집","5"
"20180114","일","여","40대","서울특별시","종로구","신문로2가","중국집","5"
"20180114","일","여","50대","서울특별시","종로구","평창동","중국집","5"
"20180114","일","남","30대","서울특별시","종로구","창성동","중국집","5"
"20180114","일","여","60대이상","서울특별시","종로구","교남동","중국집","5"
"20180114","일","여","60대이상","서울특별시","종로구","동숭동","중국집","5"
"20180114","일","여","20대","서울특별시","종로구","동숭동","중국집","5"
"20180114","일","여","60대이상","서울특별시","종로구","명륜1가","중국집","5"
"20180114","일","여","60대이상","서울특별시","종로구","창성동","중국집","5"
"20180114","일","여","10대","서울특별시","종로구","평창동","중국집","5"
"20180114","일","여","40대","서울특별시","종로구","숭인동","중국집","5"
"20180114","일","남","10대","서울특별시","중구","신당동","중국집","7"
"20180114","일","남","20대","서울특별시","중구","수하동","중국집","21"
"20180114","일","남","20대","서울특별시","중구","신당동","중국집","42"
"20180114","일","남","30대","서울특별시","중구","신당동","중국집","79"
"20180114","일","남","30대","서울특별시","중구","주교동","중국집","5"
"20180114","일","남","30대","서울특별시","중구","충무로1가","중국집","5"
"20180114","일","남","30대","서울특별시","중구","필동2가","중국집","5"
"20180114","일","남","30대","서울특별시","중구","회현동1가","중국집","5"
"20180114","일","남","40대","서울특별시","중구","수하동","중국집","32"
"20180114","일","남","40대","서울특별시","중구","신당동","중국집","115"
"20180114","일","남","40대","서울특별시","중구","필동2가","중국집","5"
"20180114","일","남","50대","서울특별시","중구","주교동","중국집","5"
"20180114","일","남","60대이상","서울특별시","중구","신당동","중국집","34"
"20180114","일","남","60대이상","서울특별시","중구","을지로3가","중국집","5"
"20180114","일","남","50대","서울특별시","중구","신당동","중국집","57"
"20180114","일","여","20대","서울특별시","중구","무교동","중국집","5"
"20180114","일","남","50대","서울특별시","중구","을지로6가","중국집","5"
"20180114","일","여","20대","서울특별시","중구","수표동","중국집","5"
"20180114","일","여","20대","서울특별시","중구","수하동","중국집","5"
"20180114","일","여","20대","서울특별시","중구","신당동","중국집","19"
"20180114","일","여","20대","서울특별시","중구","충무로1가","중국집","5"
"20180114","일","여","30대","서울특별시","중구","수하동","중국집","14"
"20180114","일","여","10대","서울특별시","중구","신당동","중국집","6"
"20180114","일","여","30대","서울특별시","중구","을지로1가","중국집","5"
"20180114","일","남","30대","서울특별시","중구","명동1가","중국집","5"
"20180114","일","여","30대","서울특별시","중구","정동","중국집","5"
"20180114","일","여","30대","서울특별시","중구","충무로1가","중국집","5"
"20180114","일","남","40대","서울특별시","중구","을지로6가","중국집","5"
"20180114","일","남","50대","서울특별시","중구","수하동","중국집","24"
"20180114","일","여","30대","서울특별시","중구","필동2가","중국집","5"
"20180114","일","여","30대","서울특별시","중구","수표동","중국집","5"
"20180114","일","남","60대이상","서울특별시","중구","충무로1가","중국집","5"
"20180114","일","여","40대","서울특별시","중구","무교동","중국집","5"
"20180114","일","남","10대","서울특별시","중구","수하동","중국집","6"
"20180114","일","여","30대","서울특별시","중구","신당동","중국집","66"
"20180114","일","여","40대","서울특별시","중구","수하동","중국집","16"
"20180114","일","여","40대","서울특별시","중구","신당동","중국집","78"
"20180114","일","남","30대","서울특별시","중구","수하동","중국집","30"
"20180114","일","남","60대이상","서울특별시","중구","수하동","중국집","6"
"20180114","일","여","40대","서울특별시","중구","을지로6가","중국집","5"
"20180114","일","여","40대","서울특별시","중구","정동","중국집","5"
"20180114","일","여","50대","서울특별시","중구","수하동","중국집","14"
"20180114","일","여","50대","서울특별시","중구","을지로6가","중국집","5"
"20180114","일","여","50대","서울특별시","중구","정동","중국집","5"
"20180114","일","여","50대","서울특별시","중구","신당동","중국집","52"
"20180114","일","남","20대","서울특별시","중구","을지로6가","중국집","6"
"20180114","일","여","60대이상","서울특별시","중구","수하동","중국집","18"
"20180114","일","여","60대이상","서울특별시","중구","신당동","중국집","39"
"20180114","일","여","30대","서울특별시","중구","을지로6가","중국집","5"
"20180114","일","남","10대","서울특별시","중랑구","망우동","중국집","5"
"20180114","일","남","10대","서울특별시","중랑구","면목동","중국집","10"
"20180114","일","남","20대","서울특별시","중랑구","망우동","중국집","5"
"20180114","일","남","20대","서울특별시","중랑구","면목동","중국집","40"
"20180114","일","남","20대","서울특별시","중랑구","묵동","중국집","5"
"20180114","일","남","20대","서울특별시","중랑구","신내동","중국집","5"
"20180114","일","남","30대","서울특별시","중랑구","면목동","중국집","70"
"20180114","일","남","30대","서울특별시","중랑구","상봉동","중국집","5"
"20180114","일","남","30대","서울특별시","중랑구","신내동","중국집","6"
"20180114","일","남","40대","서울특별시","중랑구","망우동","중국집","5"
"20180114","일","남","40대","서울특별시","중랑구","면목동","중국집","62"
"20180114","일","남","40대","서울특별시","중랑구","묵동","중국집","6"
"20180114","일","남","40대","서울특별시","중랑구","신내동","중국집","5"
"20180114","일","남","50대","서울특별시","중랑구","망우동","중국집","5"
"20180114","일","남","50대","서울특별시","중랑구","면목동","중국집","44"
"20180114","일","남","50대","서울특별시","중랑구","묵동","중국집","5"
"20180114","일","남","30대","서울특별시","중랑구","묵동","중국집","5"
"20180114","일","남","50대","서울특별시","중랑구","신내동","중국집","5"
"20180114","일","여","10대","서울특별시","중랑구","망우동","중국집","5"
"20180114","일","남","60대이상","서울특별시","중랑구","신내동","중국집","5"
"20180114","일","여","20대","서울특별시","중랑구","망우동","중국집","5"
"20180114","일","남","30대","서울특별시","중랑구","중화동","중국집","5"
"20180114","일","여","20대","서울특별시","중랑구","면목동","중국집","18"
"20180114","일","여","20대","서울특별시","중랑구","상봉동","중국집","5"
"20180114","일","남","30대","서울특별시","중랑구","망우동","중국집","5"
"20180114","일","여","30대","서울특별시","중랑구","망우동","중국집","5"
"20180114","일","남","60대이상","서울특별시","중랑구","망우동","중국집","5"
"20180114","일","여","30대","서울특별시","중랑구","면목동","중국집","47"
"20180114","일","여","30대","서울특별시","중랑구","묵동","중국집","5"
"20180114","일","남","60대이상","서울특별시","중랑구","면목동","중국집","28"
"20180114","일","여","30대","서울특별시","중랑구","신내동","중국집","5"
"20180114","일","여","40대","서울특별시","중랑구","망우동","중국집","6"
"20180114","일","여","40대","서울특별시","중랑구","면목동","중국집","66"
"20180114","일","여","40대","서울특별시","중랑구","묵동","중국집","5"
"20180114","일","여","40대","서울특별시","중랑구","신내동","중국집","5"
"20180114","일","여","50대","서울특별시","중랑구","망우동","중국집","8"
"20180114","일","여","50대","서울특별시","중랑구","면목동","중국집","48"
"20180114","일","여","10대","서울특별시","중랑구","면목동","중국집","5"
"20180114","일","여","50대","서울특별시","중랑구","묵동","중국집","5"
"20180114","일","여","50대","서울특별시","중랑구","신내동","중국집","5"
"20180114","일","여","60대이상","서울특별시","중랑구","면목동","중국집","17"
"20180114","일","여","60대이상","서울특별시","중랑구","묵동","중국집","5"
"20180114","일","여","60대이상","서울특별시","중랑구","신내동","중국집","5"
"20180115","월","남","10대","서울특별시","강남구","논현동","중국집","5"
"20180115","월","남","10대","서울특별시","강남구","세곡동","중국집","5"
"20180115","월","남","10대","서울특별시","강남구","삼성동","중국집","9"
"20180115","월","남","20대","서울특별시","강남구","논현동","중국집","34"
"20180115","월","남","30대","서울특별시","강남구","논현동","중국집","54"
"20180115","월","남","30대","서울특별시","강남구","도곡동","중국집","5"
"20180115","월","남","10대","서울특별시","강남구","역삼동","중국집","5"
"20180115","월","남","30대","서울특별시","강남구","삼성동","중국집","82"
"20180115","월","남","20대","서울특별시","강남구","대치동","중국집","5"
"20180115","월","남","30대","서울특별시","강남구","수서동","중국집","8"
"20180115","월","남","30대","서울특별시","강남구","역삼동","중국집","60"
"20180115","월","남","40대","서울특별시","강남구","논현동","중국집","40"
"20180115","월","남","20대","서울특별시","강남구","세곡동","중국집","5"
"20180115","월","남","40대","서울특별시","강남구","삼성동","중국집","44"
"20180115","월","남","40대","서울특별시","강남구","세곡동","중국집","5"
"20180115","월","남","40대","서울특별시","강남구","압구정동","중국집","5"
"20180115","월","남","20대","서울특별시","강남구","역삼동","중국집","39"
"20180115","월","남","40대","서울특별시","강남구","일원동","중국집","5"
"20180115","월","남","50대","서울특별시","강남구","삼성동","중국집","39"
"20180115","월","남","50대","서울특별시","강남구","압구정동","중국집","5"
"20180115","월","남","50대","서울특별시","강남구","역삼동","중국집","54"
"20180115","월","남","10대","서울특별시","강남구","대치동","중국집","5"
"20180115","월","남","20대","서울특별시","강남구","삼성동","중국집","29"
"20180115","월","남","60대이상","서울특별시","강남구","개포동","중국집","5"
"20180115","월","남","50대","서울특별시","강남구","세곡동","중국집","5"
"20180115","월","여","10대","서울특별시","강남구","개포동","중국집","5"
"20180115","월","여","10대","서울특별시","강남구","논현동","중국집","5"
"20180115","월","남","60대이상","서울특별시","강남구","역삼동","중국집","18"
"20180115","월","남","20대","서울특별시","강남구","도곡동","중국집","5"
"20180115","월","여","10대","서울특별시","강남구","도곡동","중국집","5"
"20180115","월","여","10대","서울특별시","강남구","삼성동","중국집","5"
"20180115","월","여","10대","서울특별시","강남구","역삼동","중국집","5"
"20180115","월","여","20대","서울특별시","강남구","논현동","중국집","16"
"20180115","월","여","20대","서울특별시","강남구","대치동","중국집","5"
"20180115","월","남","60대이상","서울특별시","강남구","삼성동","중국집","23"
"20180115","월","여","20대","서울특별시","강남구","세곡동","중국집","5"
"20180115","월","남","30대","서울특별시","강남구","대치동","중국집","5"
"20180115","월","여","20대","서울특별시","강남구","압구정동","중국집","5"
"20180115","월","여","30대","서울특별시","강남구","개포동","중국집","5"
"20180115","월","여","30대","서울특별시","강남구","논현동","중국집","31"
"20180115","월","여","30대","서울특별시","강남구","도곡동","중국집","6"
"20180115","월","여","20대","서울특별시","강남구","삼성동","중국집","24"
"20180115","월","여","30대","서울특별시","강남구","세곡동","중국집","8"
"20180115","월","여","20대","서울특별시","강남구","개포동","중국집","5"
"20180115","월","여","30대","서울특별시","강남구","역삼동","중국집","41"
"20180115","월","여","40대","서울특별시","강남구","논현동","중국집","32"
"20180115","월","남","60대이상","서울특별시","강남구","논현동","중국집","14"
"20180115","월","남","50대","서울특별시","강남구","논현동","중국집","28"
"20180115","월","여","40대","서울특별시","강남구","도곡동","중국집","5"
"20180115","월","여","40대","서울특별시","강남구","삼성동","중국집","69"
"20180115","월","여","30대","서울특별시","강남구","삼성동","중국집","38"
"20180115","월","여","40대","서울특별시","강남구","역삼동","중국집","46"
"20180115","월","여","40대","서울특별시","강남구","일원동","중국집","5"
"20180115","월","남","40대","서울특별시","강남구","대치동","중국집","5"
"20180115","월","여","50대","서울특별시","강남구","도곡동","중국집","9"
"20180115","월","남","60대이상","서울특별시","강남구","도곡동","중국집","5"
"20180115","월","여","50대","서울특별시","강남구","삼성동","중국집","38"
"20180115","월","남","60대이상","서울특별시","강남구","수서동","중국집","5"
"20180115","월","여","50대","서울특별시","강남구","세곡동","중국집","5"
"20180115","월","여","50대","서울특별시","강남구","논현동","중국집","24"
"20180115","월","여","10대","서울특별시","강남구","수서동","중국집","5"
"20180115","월","남","60대이상","서울특별시","강남구","세곡동","중국집","5"
"20180115","월","남","30대","서울특별시","강남구","세곡동","중국집","5"
"20180115","월","여","50대","서울특별시","강남구","수서동","중국집","5"
"20180115","월","여","50대","서울특별시","강남구","역삼동","중국집","20"
"20180115","월","여","40대","서울특별시","강남구","압구정동","중국집","5"
"20180115","월","여","50대","서울특별시","강남구","압구정동","중국집","5"
"20180115","월","여","50대","서울특별시","강남구","일원동","중국집","5"
"20180115","월","여","50대","서울특별시","강남구","개포동","중국집","5"
"20180115","월","여","60대이상","서울특별시","강남구","대치동","중국집","5"
"20180115","월","남","40대","서울특별시","강남구","역삼동","중국집","62"
"20180115","월","남","60대이상","서울특별시","강남구","압구정동","중국집","5"
"20180115","월","남","50대","서울특별시","강남구","수서동","중국집","5"
"20180115","월","남","20대","서울특별시","강남구","개포동","중국집","5"
"20180115","월","여","60대이상","서울특별시","강남구","도곡동","중국집","5"
"20180115","월","여","60대이상","서울특별시","강남구","삼성동","중국집","28"
"20180115","월","여","60대이상","서울특별시","강남구","세곡동","중국집","5"
"20180115","월","남","50대","서울특별시","강남구","대치동","중국집","5"
"20180115","월","여","20대","서울특별시","강남구","역삼동","중국집","21"
"20180115","월","여","60대이상","서울특별시","강남구","수서동","중국집","5"
"20180115","월","여","40대","서울특별시","강남구","세곡동","중국집","11"
"20180115","월","남","40대","서울특별시","강남구","수서동","중국집","5"
"20180115","월","남","40대","서울특별시","강남구","도곡동","중국집","5"
"20180115","월","여","60대이상","서울특별시","강남구","역삼동","중국집","7"
"20180115","월","여","60대이상","서울특별시","강남구","논현동","중국집","20"
"20180115","월","남","10대","서울특별시","강동구","길동","중국집","17"
"20180115","월","남","10대","서울특별시","강동구","성내동","중국집","5"
"20180115","월","남","20대","서울특별시","강동구","명일동","중국집","5"
"20180115","월","남","20대","서울특별시","강동구","상일동","중국집","5"
"20180115","월","남","20대","서울특별시","강동구","성내동","중국집","5"
"20180115","월","남","20대","서울특별시","강동구","천호동","중국집","5"
"20180115","월","남","30대","서울특별시","강동구","길동","중국집","54"
"20180115","월","남","30대","서울특별시","강동구","천호동","중국집","5"
"20180115","월","남","40대","서울특별시","강동구","길동","중국집","63"
"20180115","월","남","40대","서울특별시","강동구","명일동","중국집","5"
"20180115","월","남","40대","서울특별시","강동구","성내동","중국집","5"
"20180115","월","남","40대","서울특별시","강동구","천호동","중국집","5"
"20180115","월","남","50대","서울특별시","강동구","길동","중국집","39"
"20180115","월","남","50대","서울특별시","강동구","둔촌동","중국집","5"
"20180115","월","남","50대","서울특별시","강동구","상일동","중국집","5"
"20180115","월","남","50대","서울특별시","강동구","성내동","중국집","5"
"20180115","월","남","50대","서울특별시","강동구","천호동","중국집","5"
"20180115","월","남","60대이상","서울특별시","강동구","명일동","중국집","5"
"20180115","월","남","60대이상","서울특별시","강동구","성내동","중국집","5"
"20180115","월","남","30대","서울특별시","강동구","성내동","중국집","10"
"20180115","월","여","10대","서울특별시","강동구","길동","중국집","9"
"20180115","월","여","20대","서울특별시","강동구","길동","중국집","15"
"20180115","월","여","20대","서울특별시","강동구","명일동","중국집","5"
"20180115","월","여","20대","서울특별시","강동구","암사동","중국집","5"
"20180115","월","여","20대","서울특별시","강동구","천호동","중국집","5"
"20180115","월","여","30대","서울특별시","강동구","길동","중국집","52"
"20180115","월","남","20대","서울특별시","강동구","암사동","중국집","5"
"20180115","월","여","30대","서울특별시","강동구","명일동","중국집","5"
"20180115","월","여","30대","서울특별시","강동구","성내동","중국집","7"
"20180115","월","남","60대이상","서울특별시","강동구","길동","중국집","28"
"20180115","월","여","30대","서울특별시","강동구","암사동","중국집","6"
"20180115","월","여","30대","서울특별시","강동구","천호동","중국집","5"
"20180115","월","여","40대","서울특별시","강동구","길동","중국집","76"
"20180115","월","여","40대","서울특별시","강동구","명일동","중국집","5"
"20180115","월","남","60대이상","서울특별시","강동구","천호동","중국집","5"
"20180115","월","여","40대","서울특별시","강동구","성내동","중국집","5"
"20180115","월","여","40대","서울특별시","강동구","암사동","중국집","5"
"20180115","월","여","40대","서울특별시","강동구","천호동","중국집","5"
"20180115","월","여","50대","서울특별시","강동구","길동","중국집","38"
"20180115","월","여","50대","서울특별시","강동구","상일동","중국집","5"
"20180115","월","남","20대","서울특별시","강동구","길동","중국집","33"
"20180115","월","여","50대","서울특별시","강동구","성내동","중국집","5"
"20180115","월","여","50대","서울특별시","강동구","천호동","중국집","5"
"20180115","월","남","30대","서울특별시","강동구","둔촌동","중국집","5"
"20180115","월","여","60대이상","서울특별시","강동구","길동","중국집","28"
"20180115","월","남","50대","서울특별시","강동구","암사동","중국집","5"
"20180115","월","남","10대","서울특별시","강동구","암사동","중국집","5"
"20180115","월","남","40대","서울특별시","강동구","상일동","중국집","5"
"20180115","월","여","60대이상","서울특별시","강동구","명일동","중국집","5"
"20180115","월","여","60대이상","서울특별시","강동구","성내동","중국집","5"
"20180115","월","여","60대이상","서울특별시","강동구","암사동","중국집","5"
"20180115","월","남","40대","서울특별시","강동구","암사동","중국집","5"
"20180115","월","여","20대","서울특별시","강동구","성내동","중국집","5"
"20180115","월","남","30대","서울특별시","강동구","암사동","중국집","5"
"20180115","월","남","10대","서울특별시","강북구","미아동","중국집","11"
"20180115","월","남","10대","서울특별시","강북구","번동","중국집","5"
"20180115","월","남","10대","서울특별시","강북구","수유동","중국집","5"
"20180115","월","남","20대","서울특별시","강북구","미아동","중국집","43"
"20180115","월","남","30대","서울특별시","강북구","미아동","중국집","56"
"20180115","월","남","40대","서울특별시","강북구","미아동","중국집","73"
"20180115","월","남","40대","서울특별시","강북구","번동","중국집","15"
"20180115","월","남","30대","서울특별시","강북구","번동","중국집","10"
"20180115","월","남","50대","서울특별시","강북구","미아동","중국집","34"
"20180115","월","남","50대","서울특별시","강북구","번동","중국집","12"
"20180115","월","남","60대이상","서울특별시","강북구","미아동","중국집","30"
"20180115","월","남","20대","서울특별시","강북구","번동","중국집","10"
"20180115","월","남","60대이상","서울특별시","강북구","번동","중국집","6"
"20180115","월","여","10대","서울특별시","강북구","미아동","중국집","5"
"20180115","월","여","10대","서울특별시","강북구","번동","중국집","5"
"20180115","월","여","10대","서울특별시","강북구","우이동","중국집","5"
"20180115","월","남","60대이상","서울특별시","강북구","우이동","중국집","5"
"20180115","월","여","20대","서울특별시","강북구","미아동","중국집","11"
"20180115","월","여","20대","서울특별시","강북구","번동","중국집","5"
"20180115","월","여","30대","서울특별시","강북구","미아동","중국집","33"
"20180115","월","여","30대","서울특별시","강북구","번동","중국집","9"
"20180115","월","여","40대","서울특별시","강북구","미아동","중국집","73"
"20180115","월","여","40대","서울특별시","강북구","번동","중국집","12"
"20180115","월","여","50대","서울특별시","강북구","미아동","중국집","48"
"20180115","월","여","50대","서울특별시","강북구","번동","중국집","14"
"20180115","월","여","60대이상","서울특별시","강북구","미아동","중국집","42"
"20180115","월","여","60대이상","서울특별시","강북구","번동","중국집","9"
"20180115","월","여","60대이상","서울특별시","강북구","우이동","중국집","5"
"20180115","월","남","10대","서울특별시","강서구","등촌동","중국집","5"
"20180115","월","남","10대","서울특별시","강서구","마곡동","중국집","5"
"20180115","월","남","20대","서울특별시","강서구","가양동","중국집","5"
"20180115","월","남","20대","서울특별시","강서구","내발산동","중국집","23"
"20180115","월","남","20대","서울특별시","강서구","등촌동","중국집","17"
"20180115","월","남","20대","서울특별시","강서구","방화동","중국집","5"
"20180115","월","남","20대","서울특별시","강서구","외발산동","중국집","5"
"20180115","월","남","10대","서울특별시","강서구","가양동","중국집","5"
"20180115","월","남","20대","서울특별시","강서구","화곡동","중국집","24"
"20180115","월","남","30대","서울특별시","강서구","가양동","중국집","23"
"20180115","월","남","10대","서울특별시","강서구","화곡동","중국집","12"
"20180115","월","남","30대","서울특별시","강서구","내발산동","중국집","47"
"20180115","월","남","30대","서울특별시","강서구","방화동","중국집","5"
"20180115","월","남","30대","서울특별시","강서구","화곡동","중국집","32"
"20180115","월","남","40대","서울특별시","강서구","가양동","중국집","18"
"20180115","월","남","40대","서울특별시","강서구","내발산동","중국집","46"
"20180115","월","남","40대","서울특별시","강서구","등촌동","중국집","18"
"20180115","월","남","30대","서울특별시","강서구","등촌동","중국집","9"
"20180115","월","남","50대","서울특별시","강서구","마곡동","중국집","5"
"20180115","월","남","50대","서울특별시","강서구","화곡동","중국집","32"
"20180115","월","남","60대이상","서울특별시","강서구","내발산동","중국집","15"
"20180115","월","남","60대이상","서울특별시","강서구","등촌동","중국집","12"
"20180115","월","남","50대","서울특별시","강서구","가양동","중국집","16"
"20180115","월","남","60대이상","서울특별시","강서구","방화동","중국집","5"
"20180115","월","남","60대이상","서울특별시","강서구","화곡동","중국집","28"
"20180115","월","여","10대","서울특별시","강서구","가양동","중국집","5"
"20180115","월","남","30대","서울특별시","강서구","마곡동","중국집","5"
"20180115","월","여","10대","서울특별시","강서구","내발산동","중국집","5"
"20180115","월","여","10대","서울특별시","강서구","등촌동","중국집","5"
"20180115","월","여","10대","서울특별시","강서구","외발산동","중국집","5"
"20180115","월","여","20대","서울특별시","강서구","가양동","중국집","13"
"20180115","월","여","20대","서울특별시","강서구","내발산동","중국집","11"
"20180115","월","남","50대","서울특별시","강서구","등촌동","중국집","12"
"20180115","월","여","20대","서울특별시","강서구","등촌동","중국집","5"
"20180115","월","여","20대","서울특별시","강서구","방화동","중국집","5"
"20180115","월","여","30대","서울특별시","강서구","가양동","중국집","14"
"20180115","월","여","30대","서울특별시","강서구","내발산동","중국집","28"
"20180115","월","여","30대","서울특별시","강서구","등촌동","중국집","19"
"20180115","월","여","30대","서울특별시","강서구","방화동","중국집","5"
"20180115","월","여","30대","서울특별시","강서구","화곡동","중국집","32"
"20180115","월","남","40대","서울특별시","강서구","화곡동","중국집","37"
"20180115","월","남","30대","서울특별시","강서구","외발산동","중국집","5"
"20180115","월","여","40대","서울특별시","강서구","가양동","중국집","25"
"20180115","월","여","40대","서울특별시","강서구","등촌동","중국집","23"
"20180115","월","여","40대","서울특별시","강서구","마곡동","중국집","5"
"20180115","월","여","40대","서울특별시","강서구","내발산동","중국집","51"
"20180115","월","여","40대","서울특별시","강서구","화곡동","중국집","67"
"20180115","월","남","10대","서울특별시","강서구","내발산동","중국집","6"
"20180115","월","여","50대","서울특별시","강서구","내발산동","중국집","35"
"20180115","월","여","20대","서울특별시","강서구","화곡동","중국집","12"
"20180115","월","여","50대","서울특별시","강서구","등촌동","중국집","13"
"20180115","월","여","50대","서울특별시","강서구","화곡동","중국집","41"
"20180115","월","여","50대","서울특별시","강서구","가양동","중국집","13"
"20180115","월","여","20대","서울특별시","강서구","마곡동","중국집","5"
"20180115","월","여","10대","서울특별시","강서구","화곡동","중국집","7"
"20180115","월","여","60대이상","서울특별시","강서구","가양동","중국집","8"
"20180115","월","남","20대","서울특별시","강서구","마곡동","중국집","5"
"20180115","월","여","60대이상","서울특별시","강서구","내발산동","중국집","8"
"20180115","월","여","60대이상","서울특별시","강서구","등촌동","중국집","5"
"20180115","월","여","40대","서울특별시","강서구","방화동","중국집","5"
"20180115","월","여","60대이상","서울특별시","강서구","마곡동","중국집","5"
"20180115","월","남","60대이상","서울특별시","강서구","가양동","중국집","8"
"20180115","월","남","50대","서울특별시","강서구","내발산동","중국집","28"
"20180115","월","여","60대이상","서울특별시","강서구","화곡동","중국집","19"
"20180115","월","남","60대이상","서울특별시","강서구","마곡동","중국집","5"
"20180115","월","남","20대","서울특별시","관악구","봉천동","중국집","5"
"20180115","월","남","30대","서울특별시","관악구","봉천동","중국집","5"
"20180115","월","남","30대","서울특별시","관악구","신림동","중국집","13"
"20180115","월","남","40대","서울특별시","관악구","봉천동","중국집","5"
"20180115","월","남","10대","서울특별시","관악구","봉천동","중국집","5"
"20180115","월","남","40대","서울특별시","관악구","신림동","중국집","5"
"20180115","월","남","50대","서울특별시","관악구","봉천동","중국집","5"
"20180115","월","남","50대","서울특별시","관악구","신림동","중국집","5"
"20180115","월","남","60대이상","서울특별시","관악구","봉천동","중국집","5"
"20180115","월","남","60대이상","서울특별시","관악구","신림동","중국집","5"
"20180115","월","여","10대","서울특별시","관악구","신림동","중국집","5"
"20180115","월","여","20대","서울특별시","관악구","봉천동","중국집","5"
"20180115","월","여","20대","서울특별시","관악구","신림동","중국집","7"
"20180115","월","여","30대","서울특별시","관악구","봉천동","중국집","5"
"20180115","월","여","30대","서울특별시","관악구","신림동","중국집","8"
"20180115","월","여","40대","서울특별시","관악구","봉천동","중국집","10"
"20180115","월","여","10대","서울특별시","관악구","봉천동","중국집","5"
"20180115","월","남","20대","서울특별시","관악구","신림동","중국집","9"
"20180115","월","여","40대","서울특별시","관악구","신림동","중국집","5"
"20180115","월","여","50대","서울특별시","관악구","봉천동","중국집","9"
"20180115","월","여","50대","서울특별시","관악구","신림동","중국집","5"
"20180115","월","여","60대이상","서울특별시","관악구","봉천동","중국집","5"
"20180115","월","여","60대이상","서울특별시","관악구","신림동","중국집","5"
"20180115","월","남","10대","서울특별시","광진구","자양동","중국집","5"
"20180115","월","남","20대","서울특별시","광진구","능동","중국집","5"
"20180115","월","남","20대","서울특별시","광진구","자양동","중국집","5"
"20180115","월","남","20대","서울특별시","광진구","중곡동","중국집","5"
"20180115","월","남","30대","서울특별시","광진구","광장동","중국집","5"
"20180115","월","남","40대","서울특별시","광진구","자양동","중국집","6"
"20180115","월","남","50대","서울특별시","광진구","능동","중국집","5"
"20180115","월","남","60대이상","서울특별시","광진구","구의동","중국집","5"
"20180115","월","남","60대이상","서울특별시","광진구","자양동","중국집","5"
"20180115","월","남","40대","서울특별시","광진구","광장동","중국집","5"
"20180115","월","남","60대이상","서울특별시","광진구","화양동","중국집","5"
"20180115","월","여","10대","서울특별시","광진구","자양동","중국집","5"
"20180115","월","남","30대","서울특별시","광진구","능동","중국집","5"
"20180115","월","여","10대","서울특별시","광진구","화양동","중국집","5"
"20180115","월","여","20대","서울특별시","광진구","광장동","중국집","5"
"20180115","월","여","20대","서울특별시","광진구","능동","중국집","5"
"20180115","월","여","20대","서울특별시","광진구","자양동","중국집","8"
"20180115","월","남","40대","서울특별시","광진구","능동","중국집","5"
"20180115","월","여","30대","서울특별시","광진구","능동","중국집","5"
"20180115","월","여","30대","서울특별시","광진구","자양동","중국집","5"
"20180115","월","남","30대","서울특별시","광진구","자양동","중국집","11"
"20180115","월","여","40대","서울특별시","광진구","광장동","중국집","5"
"20180115","월","여","40대","서울특별시","광진구","자양동","중국집","5"
"20180115","월","여","40대","서울특별시","광진구","중곡동","중국집","5"
"20180115","월","여","20대","서울특별시","광진구","화양동","중국집","5"
"20180115","월","여","50대","서울특별시","광진구","자양동","중국집","6"
"20180115","월","남","50대","서울특별시","광진구","자양동","중국집","5"
"20180115","월","남","40대","서울특별시","광진구","중곡동","중국집","5"
"20180115","월","여","50대","서울특별시","광진구","광장동","중국집","5"
"20180115","월","여","60대이상","서울특별시","광진구","자양동","중국집","5"
"20180115","월","남","10대","서울특별시","구로구","개봉동","중국집","5"
"20180115","월","남","10대","서울특별시","구로구","궁동","중국집","5"
"20180115","월","남","10대","서울특별시","구로구","신도림동","중국집","5"
"20180115","월","남","20대","서울특별시","구로구","개봉동","중국집","13"
"20180115","월","남","20대","서울특별시","구로구","구로동","중국집","5"
"20180115","월","남","30대","서울특별시","구로구","천왕동","중국집","5"
"20180115","월","남","40대","서울특별시","구로구","개봉동","중국집","25"
"20180115","월","남","40대","서울특별시","구로구","신도림동","중국집","5"
"20180115","월","남","50대","서울특별시","구로구","개봉동","중국집","24"
"20180115","월","남","60대이상","서울특별시","구로구","개봉동","중국집","13"
"20180115","월","남","60대이상","서울특별시","구로구","신도림동","중국집","5"
"20180115","월","여","10대","서울특별시","구로구","개봉동","중국집","5"
"20180115","월","여","20대","서울특별시","구로구","개봉동","중국집","5"
"20180115","월","여","20대","서울특별시","구로구","구로동","중국집","5"
"20180115","월","여","30대","서울특별시","구로구","개봉동","중국집","19"
"20180115","월","여","30대","서울특별시","구로구","구로동","중국집","5"
"20180115","월","남","30대","서울특별시","구로구","구로동","중국집","5"
"20180115","월","여","30대","서울특별시","구로구","궁동","중국집","5"
"20180115","월","여","40대","서울특별시","구로구","개봉동","중국집","34"
"20180115","월","남","30대","서울특별시","구로구","개봉동","중국집","20"
"20180115","월","여","40대","서울특별시","구로구","구로동","중국집","5"
"20180115","월","남","30대","서울특별시","구로구","신도림동","중국집","5"
"20180115","월","여","40대","서울특별시","구로구","궁동","중국집","5"
"20180115","월","여","50대","서울특별시","구로구","개봉동","중국집","10"
"20180115","월","남","30대","서울특별시","구로구","궁동","중국집","5"
"20180115","월","여","50대","서울특별시","구로구","구로동","중국집","5"
"20180115","월","여","60대이상","서울특별시","구로구","개봉동","중국집","12"
"20180115","월","여","60대이상","서울특별시","구로구","구로동","중국집","5"
"20180115","월","여","60대이상","서울특별시","구로구","궁동","중국집","5"
"20180115","월","남","10대","서울특별시","금천구","가산동","중국집","5"
"20180115","월","남","10대","서울특별시","금천구","시흥동","중국집","5"
"20180115","월","남","20대","서울특별시","금천구","가산동","중국집","15"
"20180115","월","남","20대","서울특별시","금천구","독산동","중국집","5"
"20180115","월","남","20대","서울특별시","금천구","시흥동","중국집","5"
"20180115","월","남","30대","서울특별시","금천구","가산동","중국집","22"
"20180115","월","남","30대","서울특별시","금천구","독산동","중국집","5"
"20180115","월","남","30대","서울특별시","금천구","시흥동","중국집","5"
"20180115","월","남","40대","서울특별시","금천구","가산동","중국집","14"
"20180115","월","남","50대","서울특별시","금천구","가산동","중국집","11"
"20180115","월","남","60대이상","서울특별시","금천구","가산동","중국집","5"
"20180115","월","남","60대이상","서울특별시","금천구","독산동","중국집","5"
"20180115","월","남","60대이상","서울특별시","금천구","시흥동","중국집","5"
"20180115","월","여","10대","서울특별시","금천구","가산동","중국집","5"
"20180115","월","여","10대","서울특별시","금천구","시흥동","중국집","5"
"20180115","월","여","20대","서울특별시","금천구","가산동","중국집","6"
"20180115","월","여","20대","서울특별시","금천구","독산동","중국집","5"
"20180115","월","남","50대","서울특별시","금천구","시흥동","중국집","5"
"20180115","월","남","40대","서울특별시","금천구","시흥동","중국집","5"
"20180115","월","여","20대","서울특별시","금천구","시흥동","중국집","5"
"20180115","월","여","30대","서울특별시","금천구","가산동","중국집","11"
"20180115","월","여","30대","서울특별시","금천구","시흥동","중국집","5"
"20180115","월","여","40대","서울특별시","금천구","시흥동","중국집","5"
"20180115","월","여","40대","서울특별시","금천구","가산동","중국집","9"
"20180115","월","여","50대","서울특별시","금천구","가산동","중국집","5"
"20180115","월","여","50대","서울특별시","금천구","시흥동","중국집","5"
"20180115","월","여","60대이상","서울특별시","금천구","가산동","중국집","5"
"20180115","월","여","60대이상","서울특별시","금천구","시흥동","중국집","5"
"20180115","월","남","10대","서울특별시","노원구","상계동","중국집","5"
"20180115","월","남","20대","서울특별시","노원구","공릉동","중국집","5"
"20180115","월","남","20대","서울특별시","노원구","상계동","중국집","31"
"20180115","월","남","20대","서울특별시","노원구","월계동","중국집","5"
"20180115","월","남","20대","서울특별시","노원구","중계동","중국집","5"
"20180115","월","남","30대","서울특별시","노원구","상계동","중국집","32"
"20180115","월","남","30대","서울특별시","노원구","공릉동","중국집","5"
"20180115","월","남","30대","서울특별시","노원구","중계동","중국집","5"
"20180115","월","남","30대","서울특별시","노원구","하계동","중국집","5"
"20180115","월","남","40대","서울특별시","노원구","공릉동","중국집","5"
"20180115","월","남","40대","서울특별시","노원구","상계동","중국집","45"
"20180115","월","남","10대","서울특별시","노원구","월계동","중국집","5"
"20180115","월","남","50대","서울특별시","노원구","상계동","중국집","32"
"20180115","월","남","40대","서울특별시","노원구","월계동","중국집","5"
"20180115","월","남","50대","서울특별시","노원구","중계동","중국집","5"
"20180115","월","남","60대이상","서울특별시","노원구","공릉동","중국집","5"
"20180115","월","남","60대이상","서울특별시","노원구","상계동","중국집","27"
"20180115","월","여","10대","서울특별시","노원구","상계동","중국집","5"
"20180115","월","남","60대이상","서울특별시","노원구","월계동","중국집","5"
"20180115","월","여","20대","서울특별시","노원구","상계동","중국집","11"
"20180115","월","남","30대","서울특별시","노원구","월계동","중국집","5"
"20180115","월","여","20대","서울특별시","노원구","중계동","중국집","5"
"20180115","월","여","40대","서울특별시","노원구","공릉동","중국집","5"
"20180115","월","여","40대","서울특별시","노원구","상계동","중국집","72"
"20180115","월","여","40대","서울특별시","노원구","월계동","중국집","5"
"20180115","월","여","50대","서울특별시","노원구","공릉동","중국집","5"
"20180115","월","여","30대","서울특별시","노원구","상계동","중국집","17"
"20180115","월","남","50대","서울특별시","노원구","월계동","중국집","5"
"20180115","월","여","50대","서울특별시","노원구","상계동","중국집","51"
"20180115","월","여","50대","서울특별시","노원구","중계동","중국집","5"
"20180115","월","여","30대","서울특별시","노원구","월계동","중국집","5"
"20180115","월","여","60대이상","서울특별시","노원구","공릉동","중국집","5"
"20180115","월","여","60대이상","서울특별시","노원구","상계동","중국집","19"
"20180115","월","여","60대이상","서울특별시","노원구","중계동","중국집","5"
"20180115","월","남","10대","서울특별시","도봉구","방학동","중국집","5"
"20180115","월","남","20대","서울특별시","도봉구","방학동","중국집","5"
"20180115","월","남","20대","서울특별시","도봉구","쌍문동","중국집","5"
"20180115","월","남","30대","서울특별시","도봉구","방학동","중국집","5"
"20180115","월","남","40대","서울특별시","도봉구","도봉동","중국집","5"
"20180115","월","남","40대","서울특별시","도봉구","방학동","중국집","5"
"20180115","월","남","40대","서울특별시","도봉구","쌍문동","중국집","5"
"20180115","월","남","50대","서울특별시","도봉구","쌍문동","중국집","5"
"20180115","월","남","60대이상","서울특별시","도봉구","방학동","중국집","5"
"20180115","월","남","30대","서울특별시","도봉구","도봉동","중국집","5"
"20180115","월","남","60대이상","서울특별시","도봉구","쌍문동","중국집","5"
"20180115","월","여","20대","서울특별시","도봉구","도봉동","중국집","5"
"20180115","월","여","20대","서울특별시","도봉구","쌍문동","중국집","5"
"20180115","월","남","30대","서울특별시","도봉구","쌍문동","중국집","5"
"20180115","월","여","40대","서울특별시","도봉구","방학동","중국집","5"
"20180115","월","여","30대","서울특별시","도봉구","쌍문동","중국집","5"
"20180115","월","여","40대","서울특별시","도봉구","쌍문동","중국집","5"
"20180115","월","여","50대","서울특별시","도봉구","쌍문동","중국집","5"
"20180115","월","남","10대","서울특별시","도봉구","쌍문동","중국집","5"
"20180115","월","여","60대이상","서울특별시","도봉구","도봉동","중국집","5"
"20180115","월","여","60대이상","서울특별시","도봉구","쌍문동","중국집","5"
"20180115","월","여","60대이상","서울특별시","도봉구","방학동","중국집","5"
"20180115","월","남","10대","서울특별시","동대문구","장안동","중국집","6"
"20180115","월","남","10대","서울특별시","동대문구","전농동","중국집","5"
"20180115","월","남","10대","서울특별시","동대문구","제기동","중국집","5"
"20180115","월","남","20대","서울특별시","동대문구","답십리동","중국집","5"
"20180115","월","남","20대","서울특별시","동대문구","제기동","중국집","39"
"20180115","월","남","30대","서울특별시","동대문구","답십리동","중국집","5"
"20180115","월","남","30대","서울특별시","동대문구","장안동","중국집","43"
"20180115","월","남","30대","서울특별시","동대문구","전농동","중국집","5"
"20180115","월","남","30대","서울특별시","동대문구","제기동","중국집","45"
"20180115","월","남","20대","서울특별시","동대문구","휘경동","중국집","5"
"20180115","월","남","40대","서울특별시","동대문구","장안동","중국집","33"
"20180115","월","남","50대","서울특별시","동대문구","장안동","중국집","30"
"20180115","월","남","50대","서울특별시","동대문구","전농동","중국집","5"
"20180115","월","남","50대","서울특별시","동대문구","제기동","중국집","34"
"20180115","월","남","60대이상","서울특별시","동대문구","장안동","중국집","20"
"20180115","월","남","60대이상","서울특별시","동대문구","전농동","중국집","5"
"20180115","월","여","10대","서울특별시","동대문구","장안동","중국집","5"
"20180115","월","여","10대","서울특별시","동대문구","전농동","중국집","5"
"20180115","월","여","10대","서울특별시","동대문구","제기동","중국집","5"
"20180115","월","여","20대","서울특별시","동대문구","전농동","중국집","5"
"20180115","월","남","40대","서울특별시","동대문구","답십리동","중국집","5"
"20180115","월","여","20대","서울특별시","동대문구","제기동","중국집","16"
"20180115","월","여","30대","서울특별시","동대문구","장안동","중국집","29"
"20180115","월","여","30대","서울특별시","동대문구","전농동","중국집","5"
"20180115","월","여","30대","서울특별시","동대문구","제기동","중국집","26"
"20180115","월","여","40대","서울특별시","동대문구","답십리동","중국집","5"
"20180115","월","여","40대","서울특별시","동대문구","장안동","중국집","43"
"20180115","월","여","40대","서울특별시","동대문구","전농동","중국집","5"
"20180115","월","여","40대","서울특별시","동대문구","제기동","중국집","34"
"20180115","월","여","40대","서울특별시","동대문구","휘경동","중국집","5"
"20180115","월","여","50대","서울특별시","동대문구","장안동","중국집","24"
"20180115","월","여","50대","서울특별시","동대문구","전농동","중국집","5"
"20180115","월","남","60대이상","서울특별시","동대문구","제기동","중국집","21"
"20180115","월","남","40대","서울특별시","동대문구","제기동","중국집","39"
"20180115","월","여","50대","서울특별시","동대문구","제기동","중국집","16"
"20180115","월","여","60대이상","서울특별시","동대문구","답십리동","중국집","5"
"20180115","월","남","20대","서울특별시","동대문구","전농동","중국집","5"
"20180115","월","여","60대이상","서울특별시","동대문구","장안동","중국집","14"
"20180115","월","남","20대","서울특별시","동대문구","장안동","중국집","22"
"20180115","월","여","20대","서울특별시","동대문구","장안동","중국집","14"
"20180115","월","여","60대이상","서울특별시","동대문구","제기동","중국집","15"
"20180115","월","남","40대","서울특별시","동대문구","전농동","중국집","5"
"20180115","월","남","10대","서울특별시","동작구","노량진동","중국집","5"
"20180115","월","남","10대","서울특별시","동작구","사당동","중국집","5"
"20180115","월","남","10대","서울특별시","동작구","신대방동","중국집","19"
"20180115","월","남","20대","서울특별시","동작구","노량진동","중국집","5"
"20180115","월","남","20대","서울특별시","동작구","본동","중국집","5"
"20180115","월","남","20대","서울특별시","동작구","사당동","중국집","5"
"20180115","월","남","30대","서울특별시","동작구","노량진동","중국집","5"
"20180115","월","남","20대","서울특별시","동작구","신대방동","중국집","76"
"20180115","월","남","30대","서울특별시","동작구","신대방동","중국집","67"
"20180115","월","남","40대","서울특별시","동작구","대방동","중국집","5"
"20180115","월","남","40대","서울특별시","동작구","상도동","중국집","5"
"20180115","월","남","30대","서울특별시","동작구","사당동","중국집","5"
"20180115","월","남","40대","서울특별시","동작구","신대방동","중국집","74"
"20180115","월","남","50대","서울특별시","동작구","사당동","중국집","5"
"20180115","월","남","50대","서울특별시","동작구","신대방동","중국집","60"
"20180115","월","남","20대","서울특별시","동작구","상도동","중국집","5"
"20180115","월","남","60대이상","서울특별시","동작구","대방동","중국집","5"
"20180115","월","남","10대","서울특별시","동작구","본동","중국집","5"
"20180115","월","남","60대이상","서울특별시","동작구","본동","중국집","5"
"20180115","월","남","60대이상","서울특별시","동작구","사당동","중국집","5"
"20180115","월","남","60대이상","서울특별시","동작구","신대방동","중국집","42"
"20180115","월","여","20대","서울특별시","동작구","노량진동","중국집","5"
"20180115","월","여","20대","서울특별시","동작구","본동","중국집","5"
"20180115","월","여","20대","서울특별시","동작구","사당동","중국집","5"
"20180115","월","여","20대","서울특별시","동작구","상도동","중국집","5"
"20180115","월","여","20대","서울특별시","동작구","신대방동","중국집","29"
"20180115","월","여","30대","서울특별시","동작구","노량진동","중국집","5"
"20180115","월","여","10대","서울특별시","동작구","신대방동","중국집","5"
"20180115","월","여","30대","서울특별시","동작구","사당동","중국집","5"
"20180115","월","여","30대","서울특별시","동작구","상도동","중국집","5"
"20180115","월","여","30대","서울특별시","동작구","신대방동","중국집","58"
"20180115","월","여","40대","서울특별시","동작구","대방동","중국집","5"
"20180115","월","남","50대","서울특별시","동작구","노량진동","중국집","5"
"20180115","월","여","30대","서울특별시","동작구","본동","중국집","5"
"20180115","월","남","30대","서울특별시","동작구","본동","중국집","5"
"20180115","월","여","40대","서울특별시","동작구","본동","중국집","5"
"20180115","월","여","40대","서울특별시","동작구","사당동","중국집","5"
"20180115","월","남","40대","서울특별시","동작구","흑석동","중국집","5"
"20180115","월","여","40대","서울특별시","동작구","상도동","중국집","5"
"20180115","월","남","40대","서울특별시","동작구","노량진동","중국집","5"
"20180115","월","여","40대","서울특별시","동작구","신대방동","중국집","64"
"20180115","월","남","30대","서울특별시","동작구","상도동","중국집","5"
"20180115","월","여","40대","서울특별시","동작구","흑석동","중국집","5"
"20180115","월","남","40대","서울특별시","동작구","본동","중국집","5"
"20180115","월","여","50대","서울특별시","동작구","대방동","중국집","5"
"20180115","월","여","50대","서울특별시","동작구","사당동","중국집","5"
"20180115","월","남","60대이상","서울특별시","동작구","노량진동","중국집","5"
"20180115","월","여","50대","서울특별시","동작구","신대방동","중국집","47"
"20180115","월","여","60대이상","서울특별시","동작구","본동","중국집","5"
"20180115","월","여","60대이상","서울특별시","동작구","상도동","중국집","5"
"20180115","월","여","60대이상","서울특별시","동작구","노량진동","중국집","5"
"20180115","월","남","50대","서울특별시","동작구","본동","중국집","5"
"20180115","월","여","60대이상","서울특별시","동작구","신대방동","중국집","32"
"20180115","월","남","20대","서울특별시","동작구","대방동","중국집","5"
"20180115","월","남","10대","서울특별시","마포구","대흥동","중국집","5"
"20180115","월","남","20대","서울특별시","마포구","상암동","중국집","8"
"20180115","월","남","30대","서울특별시","마포구","상수동","중국집","5"
"20180115","월","남","30대","서울특별시","마포구","상암동","중국집","18"
"20180115","월","남","40대","서울특별시","마포구","노고산동","중국집","5"
"20180115","월","남","50대","서울특별시","마포구","망원동","중국집","5"
"20180115","월","남","50대","서울특별시","마포구","공덕동","중국집","5"
"20180115","월","남","10대","서울특별시","마포구","합정동","중국집","5"
"20180115","월","남","30대","서울특별시","마포구","망원동","중국집","5"
"20180115","월","남","50대","서울특별시","마포구","신공덕동","중국집","5"
"20180115","월","남","50대","서울특별시","마포구","합정동","중국집","8"
"20180115","월","남","30대","서울특별시","마포구","신공덕동","중국집","5"
"20180115","월","남","60대이상","서울특별시","마포구","상암동","중국집","9"
"20180115","월","남","60대이상","서울특별시","마포구","합정동","중국집","8"
"20180115","월","여","20대","서울특별시","마포구","공덕동","중국집","5"
"20180115","월","여","20대","서울특별시","마포구","마포동","중국집","5"
"20180115","월","여","20대","서울특별시","마포구","상암동","중국집","7"
"20180115","월","여","20대","서울특별시","마포구","창전동","중국집","5"
"20180115","월","여","20대","서울특별시","마포구","합정동","중국집","8"
"20180115","월","남","10대","서울특별시","마포구","서교동","중국집","5"
"20180115","월","여","30대","서울특별시","마포구","대흥동","중국집","5"
"20180115","월","여","30대","서울특별시","마포구","마포동","중국집","5"
"20180115","월","남","30대","서울특별시","마포구","신수동","중국집","5"
"20180115","월","여","30대","서울특별시","마포구","상암동","중국집","27"
"20180115","월","남","40대","서울특별시","마포구","신공덕동","중국집","5"
"20180115","월","남","60대이상","서울특별시","마포구","신공덕동","중국집","5"
"20180115","월","여","30대","서울특별시","마포구","신공덕동","중국집","5"
"20180115","월","여","20대","서울특별시","마포구","염리동","중국집","5"
"20180115","월","여","30대","서울특별시","마포구","아현동","중국집","5"
"20180115","월","여","30대","서울특별시","마포구","염리동","중국집","5"
"20180115","월","여","30대","서울특별시","마포구","합정동","중국집","5"
"20180115","월","여","30대","서울특별시","마포구","공덕동","중국집","5"
"20180115","월","여","40대","서울특별시","마포구","공덕동","중국집","5"
"20180115","월","남","30대","서울특별시","마포구","합정동","중국집","19"
"20180115","월","남","30대","서울특별시","마포구","대흥동","중국집","5"
"20180115","월","여","40대","서울특별시","마포구","대흥동","중국집","5"
"20180115","월","남","40대","서울특별시","마포구","상암동","중국집","19"
"20180115","월","여","40대","서울특별시","마포구","마포동","중국집","5"
"20180115","월","남","40대","서울특별시","마포구","마포동","중국집","5"
"20180115","월","여","40대","서울특별시","마포구","상암동","중국집","32"
"20180115","월","여","40대","서울특별시","마포구","신공덕동","중국집","5"
"20180115","월","남","10대","서울특별시","마포구","신공덕동","중국집","5"
"20180115","월","여","40대","서울특별시","마포구","신수동","중국집","5"
"20180115","월","여","40대","서울특별시","마포구","아현동","중국집","5"
"20180115","월","남","10대","서울특별시","마포구","상암동","중국집","5"
"20180115","월","여","40대","서울특별시","마포구","염리동","중국집","5"
"20180115","월","남","20대","서울특별시","마포구","합정동","중국집","10"
"20180115","월","여","40대","서울특별시","마포구","합정동","중국집","13"
"20180115","월","여","50대","서울특별시","마포구","대흥동","중국집","5"
"20180115","월","여","50대","서울특별시","마포구","상암동","중국집","6"
"20180115","월","여","50대","서울특별시","마포구","신공덕동","중국집","5"
"20180115","월","여","50대","서울특별시","마포구","창전동","중국집","5"
"20180115","월","남","30대","서울특별시","마포구","아현동","중국집","5"
"20180115","월","여","50대","서울특별시","마포구","합정동","중국집","5"
"20180115","월","여","60대이상","서울특별시","마포구","상암동","중국집","11"
"20180115","월","남","40대","서울특별시","마포구","합정동","중국집","16"
"20180115","월","여","60대이상","서울특별시","마포구","신공덕동","중국집","5"
"20180115","월","남","50대","서울특별시","마포구","상암동","중국집","11"
"20180115","월","여","60대이상","서울특별시","마포구","망원동","중국집","5"
"20180115","월","여","60대이상","서울특별시","마포구","합정동","중국집","5"
"20180115","월","여","10대","서울특별시","마포구","상암동","중국집","5"
"20180115","월","남","10대","서울특별시","서대문구","연희동","중국집","5"
"20180115","월","남","10대","서울특별시","서대문구","창천동","중국집","5"
"20180115","월","남","10대","서울특별시","서대문구","홍은동","중국집","5"
"20180115","월","남","20대","서울특별시","서대문구","홍제동","중국집","27"
"20180115","월","남","30대","서울특별시","서대문구","연희동","중국집","45"
"20180115","월","남","30대","서울특별시","서대문구","창천동","중국집","19"
"20180115","월","남","30대","서울특별시","서대문구","충정로3가","중국집","5"
"20180115","월","남","30대","서울특별시","서대문구","홍은동","중국집","5"
"20180115","월","남","40대","서울특별시","서대문구","연희동","중국집","37"
"20180115","월","남","40대","서울특별시","서대문구","창천동","중국집","26"
"20180115","월","남","40대","서울특별시","서대문구","충정로3가","중국집","5"
"20180115","월","남","40대","서울특별시","서대문구","홍제동","중국집","10"
"20180115","월","남","20대","서울특별시","서대문구","창천동","중국집","7"
"20180115","월","남","50대","서울특별시","서대문구","북가좌동","중국집","5"
"20180115","월","남","20대","서울특별시","서대문구","충정로3가","중국집","5"
"20180115","월","남","50대","서울특별시","서대문구","창천동","중국집","9"
"20180115","월","남","10대","서울특별시","서대문구","남가좌동","중국집","5"
"20180115","월","남","60대이상","서울특별시","서대문구","남가좌동","중국집","5"
"20180115","월","남","60대이상","서울특별시","서대문구","연희동","중국집","6"
"20180115","월","남","60대이상","서울특별시","서대문구","창천동","중국집","14"
"20180115","월","남","60대이상","서울특별시","서대문구","홍제동","중국집","14"
"20180115","월","남","50대","서울특별시","서대문구","홍은동","중국집","5"
"20180115","월","여","10대","서울특별시","서대문구","연희동","중국집","5"
"20180115","월","남","20대","서울특별시","서대문구","연희동","중국집","31"
"20180115","월","남","10대","서울특별시","서대문구","북아현동","중국집","5"
"20180115","월","여","10대","서울특별시","서대문구","창천동","중국집","5"
"20180115","월","여","10대","서울특별시","서대문구","홍제동","중국집","5"
"20180115","월","여","20대","서울특별시","서대문구","연희동","중국집","23"
"20180115","월","남","50대","서울특별시","서대문구","연희동","중국집","25"
"20180115","월","남","20대","서울특별시","서대문구","홍은동","중국집","5"
"20180115","월","여","20대","서울특별시","서대문구","창천동","중국집","8"
"20180115","월","여","20대","서울특별시","서대문구","충정로3가","중국집","5"
"20180115","월","여","20대","서울특별시","서대문구","홍은동","중국집","5"
"20180115","월","여","30대","서울특별시","서대문구","창천동","중국집","12"
"20180115","월","남","60대이상","서울특별시","서대문구","충정로3가","중국집","5"
"20180115","월","여","30대","서울특별시","서대문구","홍은동","중국집","5"
"20180115","월","남","10대","서울특별시","서대문구","북가좌동","중국집","5"
"20180115","월","여","20대","서울특별시","서대문구","북아현동","중국집","5"
"20180115","월","여","20대","서울특별시","서대문구","홍제동","중국집","7"
"20180115","월","여","40대","서울특별시","서대문구","북아현동","중국집","5"
"20180115","월","여","30대","서울특별시","서대문구","홍제동","중국집","19"
"20180115","월","여","40대","서울특별시","서대문구","연희동","중국집","46"
"20180115","월","여","10대","서울특별시","서대문구","홍은동","중국집","5"
"20180115","월","여","30대","서울특별시","서대문구","연희동","중국집","37"
"20180115","월","여","40대","서울특별시","서대문구","창천동","중국집","25"
"20180115","월","남","30대","서울특별시","서대문구","홍제동","중국집","24"
"20180115","월","여","40대","서울특별시","서대문구","홍제동","중국집","27"
"20180115","월","남","30대","서울특별시","서대문구","북아현동","중국집","5"
"20180115","월","여","50대","서울특별시","서대문구","창천동","중국집","21"
"20180115","월","여","50대","서울특별시","서대문구","충정로3가","중국집","5"
"20180115","월","여","50대","서울특별시","서대문구","연희동","중국집","22"
"20180115","월","여","50대","서울특별시","서대문구","홍제동","중국집","14"
"20180115","월","여","60대이상","서울특별시","서대문구","연희동","중국집","12"
"20180115","월","남","50대","서울특별시","서대문구","홍제동","중국집","20"
"20180115","월","여","60대이상","서울특별시","서대문구","창천동","중국집","7"
"20180115","월","여","60대이상","서울특별시","서대문구","홍제동","중국집","7"
"20180115","월","남","10대","서울특별시","서대문구","홍제동","중국집","5"
"20180115","월","남","10대","서울특별시","서초구","반포동","중국집","5"
"20180115","월","남","10대","서울특별시","서초구","방배동","중국집","7"
"20180115","월","남","10대","서울특별시","서초구","서초동","중국집","5"
"20180115","월","남","10대","서울특별시","서초구","양재동","중국집","5"
"20180115","월","남","30대","서울특별시","서초구","내곡동","중국집","5"
"20180115","월","남","30대","서울특별시","서초구","반포동","중국집","8"
"20180115","월","남","30대","서울특별시","서초구","방배동","중국집","54"
"20180115","월","남","20대","서울특별시","서초구","내곡동","중국집","5"
"20180115","월","남","20대","서울특별시","서초구","서초동","중국집","5"
"20180115","월","남","30대","서울특별시","서초구","서초동","중국집","9"
"20180115","월","남","20대","서울특별시","서초구","방배동","중국집","23"
"20180115","월","남","40대","서울특별시","서초구","내곡동","중국집","5"
"20180115","월","남","40대","서울특별시","서초구","반포동","중국집","8"
"20180115","월","남","40대","서울특별시","서초구","신원동","중국집","5"
"20180115","월","남","40대","서울특별시","서초구","양재동","중국집","40"
"20180115","월","남","40대","서울특별시","서초구","잠원동","중국집","5"
"20180115","월","남","50대","서울특별시","서초구","내곡동","중국집","5"
"20180115","월","남","50대","서울특별시","서초구","방배동","중국집","35"
"20180115","월","남","50대","서울특별시","서초구","서초동","중국집","5"
"20180115","월","남","60대이상","서울특별시","서초구","반포동","중국집","5"
"20180115","월","남","20대","서울특별시","서초구","양재동","중국집","19"
"20180115","월","남","60대이상","서울특별시","서초구","방배동","중국집","31"
"20180115","월","남","30대","서울특별시","서초구","양재동","중국집","42"
"20180115","월","남","60대이상","서울특별시","서초구","서초동","중국집","6"
"20180115","월","남","60대이상","서울특별시","서초구","양재동","중국집","14"
"20180115","월","여","10대","서울특별시","서초구","서초동","중국집","5"
"20180115","월","여","20대","서울특별시","서초구","내곡동","중국집","5"
"20180115","월","여","20대","서울특별시","서초구","반포동","중국집","8"
"20180115","월","여","10대","서울특별시","서초구","반포동","중국집","5"
"20180115","월","여","20대","서울특별시","서초구","방배동","중국집","7"
"20180115","월","여","20대","서울특별시","서초구","잠원동","중국집","5"
"20180115","월","여","30대","서울특별시","서초구","반포동","중국집","20"
"20180115","월","남","20대","서울특별시","서초구","반포동","중국집","8"
"20180115","월","남","40대","서울특별시","서초구","서초동","중국집","7"
"20180115","월","여","30대","서울특별시","서초구","방배동","중국집","38"
"20180115","월","남","50대","서울특별시","서초구","양재동","중국집","15"
"20180115","월","여","30대","서울특별시","서초구","서초동","중국집","7"
"20180115","월","여","40대","서울특별시","서초구","내곡동","중국집","5"
"20180115","월","여","40대","서울특별시","서초구","반포동","중국집","25"
"20180115","월","여","10대","서울특별시","서초구","양재동","중국집","5"
"20180115","월","여","40대","서울특별시","서초구","방배동","중국집","58"
"20180115","월","여","40대","서울특별시","서초구","서초동","중국집","12"
"20180115","월","여","40대","서울특별시","서초구","양재동","중국집","41"
"20180115","월","여","50대","서울특별시","서초구","반포동","중국집","14"
"20180115","월","여","10대","서울특별시","서초구","방배동","중국집","5"
"20180115","월","남","50대","서울특별시","서초구","반포동","중국집","5"
"20180115","월","여","50대","서울특별시","서초구","방배동","중국집","32"
"20180115","월","여","50대","서울특별시","서초구","서초동","중국집","5"
"20180115","월","여","20대","서울특별시","서초구","서초동","중국집","5"
"20180115","월","남","40대","서울특별시","서초구","방배동","중국집","43"
"20180115","월","여","60대이상","서울특별시","서초구","반포동","중국집","6"
"20180115","월","여","60대이상","서울특별시","서초구","방배동","중국집","21"
"20180115","월","여","50대","서울특별시","서초구","양재동","중국집","20"
"20180115","월","여","20대","서울특별시","서초구","양재동","중국집","7"
"20180115","월","여","60대이상","서울특별시","서초구","서초동","중국집","10"
"20180115","월","여","60대이상","서울특별시","서초구","양재동","중국집","19"
"20180115","월","여","30대","서울특별시","서초구","양재동","중국집","20"
"20180115","월","남","10대","서울특별시","성동구","성수동2가","중국집","12"
"20180115","월","남","20대","서울특별시","성동구","성수동2가","중국집","56"
"20180115","월","남","30대","서울특별시","성동구","옥수동","중국집","16"
"20180115","월","남","40대","서울특별시","성동구","옥수동","중국집","20"
"20180115","월","남","50대","서울특별시","성동구","성수동2가","중국집","36"
"20180115","월","남","50대","서울특별시","성동구","옥수동","중국집","14"
"20180115","월","남","30대","서울특별시","성동구","성수동2가","중국집","75"
"20180115","월","남","60대이상","서울특별시","성동구","성수동2가","중국집","27"
"20180115","월","여","10대","서울특별시","성동구","성수동2가","중국집","5"
"20180115","월","여","20대","서울특별시","성동구","옥수동","중국집","5"
"20180115","월","여","30대","서울특별시","성동구","옥수동","중국집","14"
"20180115","월","여","40대","서울특별시","성동구","성수동2가","중국집","74"
"20180115","월","남","60대이상","서울특별시","성동구","옥수동","중국집","18"
"20180115","월","여","40대","서울특별시","성동구","옥수동","중국집","16"
"20180115","월","여","20대","서울특별시","성동구","성수동2가","중국집","31"
"20180115","월","여","50대","서울특별시","성동구","성수동2가","중국집","29"
"20180115","월","여","30대","서울특별시","성동구","성수동2가","중국집","50"
"20180115","월","여","50대","서울특별시","성동구","옥수동","중국집","11"
"20180115","월","남","20대","서울특별시","성동구","옥수동","중국집","15"
"20180115","월","여","60대이상","서울특별시","성동구","성수동2가","중국집","20"
"20180115","월","남","10대","서울특별시","성동구","옥수동","중국집","5"
"20180115","월","남","40대","서울특별시","성동구","성수동2가","중국집","53"
"20180115","월","여","60대이상","서울특별시","성동구","옥수동","중국집","7"
"20180115","월","남","10대","서울특별시","성북구","상월곡동","중국집","5"
"20180115","월","남","10대","서울특별시","성북구","정릉동","중국집","5"
"20180115","월","남","20대","서울특별시","성북구","동선동2가","중국집","33"
"20180115","월","남","20대","서울특별시","성북구","종암동","중국집","5"
"20180115","월","남","30대","서울특별시","성북구","정릉동","중국집","5"
"20180115","월","남","20대","서울특별시","성북구","하월곡동","중국집","5"
"20180115","월","남","40대","서울특별시","성북구","길음동","중국집","5"
"20180115","월","남","20대","서울특별시","성북구","정릉동","중국집","5"
"20180115","월","남","40대","서울특별시","성북구","동선동2가","중국집","52"
"20180115","월","남","10대","서울특별시","성북구","동선동2가","중국집","5"
"20180115","월","남","50대","서울특별시","성북구","삼선동5가","중국집","5"
"20180115","월","남","50대","서울특별시","성북구","정릉동","중국집","5"
"20180115","월","남","30대","서울특별시","성북구","동선동3가","중국집","5"
"20180115","월","남","10대","서울특별시","성북구","성북동","중국집","5"
"20180115","월","남","60대이상","서울특별시","성북구","하월곡동","중국집","5"
"20180115","월","남","50대","서울특별시","성북구","동선동2가","중국집","46"
"20180115","월","여","10대","서울특별시","성북구","정릉동","중국집","5"
"20180115","월","여","20대","서울특별시","성북구","동선동2가","중국집","6"
"20180115","월","남","60대이상","서울특별시","성북구","정릉동","중국집","5"
"20180115","월","여","20대","서울특별시","성북구","정릉동","중국집","5"
"20180115","월","여","20대","서울특별시","성북구","하월곡동","중국집","5"
"20180115","월","여","30대","서울특별시","성북구","동선동2가","중국집","25"
"20180115","월","여","30대","서울특별시","성북구","삼선동5가","중국집","5"
"20180115","월","여","30대","서울특별시","성북구","하월곡동","중국집","5"
"20180115","월","여","10대","서울특별시","성북구","종암동","중국집","5"
"20180115","월","여","40대","서울특별시","성북구","동선동2가","중국집","51"
"20180115","월","여","40대","서울특별시","성북구","삼선동5가","중국집","5"
"20180115","월","여","40대","서울특별시","성북구","정릉동","중국집","5"
"20180115","월","여","40대","서울특별시","성북구","하월곡동","중국집","5"
"20180115","월","남","10대","서울특별시","성북구","삼선동5가","중국집","5"
"20180115","월","여","50대","서울특별시","성북구","동선동2가","중국집","25"
"20180115","월","여","20대","서울특별시","성북구","삼선동5가","중국집","5"
"20180115","월","남","50대","서울특별시","성북구","길음동","중국집","5"
"20180115","월","여","50대","서울특별시","성북구","정릉동","중국집","5"
"20180115","월","남","30대","서울특별시","성북구","삼선동5가","중국집","5"
"20180115","월","여","60대이상","서울특별시","성북구","동선동2가","중국집","18"
"20180115","월","남","30대","서울특별시","성북구","동선동2가","중국집","43"
"20180115","월","여","60대이상","서울특별시","성북구","삼선동5가","중국집","5"
"20180115","월","여","60대이상","서울특별시","성북구","성북동","중국집","5"
"20180115","월","여","50대","서울특별시","성북구","삼선동5가","중국집","5"
"20180115","월","남","60대이상","서울특별시","성북구","동선동2가","중국집","21"
"20180115","월","남","40대","서울특별시","성북구","동선동3가","중국집","5"
"20180115","월","남","40대","서울특별시","성북구","정릉동","중국집","5"
"20180115","월","여","60대이상","서울특별시","성북구","종암동","중국집","5"
"20180115","월","남","10대","서울특별시","송파구","마천동","중국집","5"
"20180115","월","남","10대","서울특별시","송파구","송파동","중국집","10"
"20180115","월","남","20대","서울특별시","송파구","가락동","중국집","9"
"20180115","월","남","20대","서울특별시","송파구","마천동","중국집","5"
"20180115","월","남","20대","서울특별시","송파구","송파동","중국집","44"
"20180115","월","남","20대","서울특별시","송파구","풍납동","중국집","5"
"20180115","월","남","30대","서울특별시","송파구","송파동","중국집","68"
"20180115","월","남","30대","서울특별시","송파구","가락동","중국집","10"
"20180115","월","남","40대","서울특별시","송파구","풍납동","중국집","5"
"20180115","월","남","50대","서울특별시","송파구","잠실동","중국집","5"
"20180115","월","남","60대이상","서울특별시","송파구","마천동","중국집","5"
"20180115","월","남","60대이상","서울특별시","송파구","송파동","중국집","41"
"20180115","월","남","60대이상","서울특별시","송파구","풍납동","중국집","5"
"20180115","월","여","10대","서울특별시","송파구","가락동","중국집","5"
"20180115","월","여","10대","서울특별시","송파구","송파동","중국집","7"
"20180115","월","여","20대","서울특별시","송파구","가락동","중국집","5"
"20180115","월","남","50대","서울특별시","송파구","가락동","중국집","7"
"20180115","월","여","20대","서울특별시","송파구","방이동","중국집","5"
"20180115","월","남","50대","서울특별시","송파구","송파동","중국집","38"
"20180115","월","여","20대","서울특별시","송파구","풍납동","중국집","5"
"20180115","월","여","30대","서울특별시","송파구","방이동","중국집","5"
"20180115","월","여","30대","서울특별시","송파구","송파동","중국집","42"
"20180115","월","여","40대","서울특별시","송파구","가락동","중국집","9"
"20180115","월","여","30대","서울특별시","송파구","가락동","중국집","6"
"20180115","월","여","40대","서울특별시","송파구","마천동","중국집","5"
"20180115","월","여","40대","서울특별시","송파구","송파동","중국집","72"
"20180115","월","남","30대","서울특별시","송파구","풍납동","중국집","5"
"20180115","월","여","50대","서울특별시","송파구","가락동","중국집","9"
"20180115","월","여","20대","서울특별시","송파구","송파동","중국집","14"
"20180115","월","여","50대","서울특별시","송파구","마천동","중국집","5"
"20180115","월","남","60대이상","서울특별시","송파구","가락동","중국집","5"
"20180115","월","여","50대","서울특별시","송파구","송파동","중국집","41"
"20180115","월","남","40대","서울특별시","송파구","송파동","중국집","66"
"20180115","월","여","60대이상","서울특별시","송파구","가락동","중국집","5"
"20180115","월","여","30대","서울특별시","송파구","잠실동","중국집","5"
"20180115","월","여","60대이상","서울특별시","송파구","마천동","중국집","5"
"20180115","월","남","40대","서울특별시","송파구","가락동","중국집","11"
"20180115","월","여","60대이상","서울특별시","송파구","송파동","중국집","17"
"20180115","월","여","30대","서울특별시","송파구","풍납동","중국집","5"
"20180115","월","남","10대","서울특별시","양천구","신정동","중국집","5"
"20180115","월","남","20대","서울특별시","양천구","신월동","중국집","5"
"20180115","월","남","30대","서울특별시","양천구","신월동","중국집","5"
"20180115","월","남","30대","서울특별시","양천구","신정동","중국집","8"
"20180115","월","남","40대","서울특별시","양천구","목동","중국집","5"
"20180115","월","남","40대","서울특별시","양천구","신월동","중국집","5"
"20180115","월","남","40대","서울특별시","양천구","신정동","중국집","9"
"20180115","월","남","60대이상","서울특별시","양천구","신월동","중국집","5"
"20180115","월","남","60대이상","서울특별시","양천구","신정동","중국집","5"
"20180115","월","여","10대","서울특별시","양천구","신정동","중국집","5"
"20180115","월","여","20대","서울특별시","양천구","목동","중국집","5"
"20180115","월","여","20대","서울특별시","양천구","신월동","중국집","5"
"20180115","월","여","20대","서울특별시","양천구","신정동","중국집","5"
"20180115","월","남","50대","서울특별시","양천구","신월동","중국집","5"
"20180115","월","여","30대","서울특별시","양천구","신월동","중국집","5"
"20180115","월","여","30대","서울특별시","양천구","신정동","중국집","5"
"20180115","월","여","40대","서울특별시","양천구","목동","중국집","5"
"20180115","월","여","40대","서울특별시","양천구","신월동","중국집","5"
"20180115","월","남","10대","서울특별시","양천구","목동","중국집","5"
"20180115","월","여","40대","서울특별시","양천구","신정동","중국집","11"
"20180115","월","여","50대","서울특별시","양천구","신월동","중국집","5"
"20180115","월","여","50대","서울특별시","양천구","신정동","중국집","8"
"20180115","월","여","60대이상","서울특별시","양천구","신월동","중국집","5"
"20180115","월","여","60대이상","서울특별시","양천구","신정동","중국집","5"
"20180115","월","남","50대","서울특별시","양천구","신정동","중국집","5"
"20180115","월","남","20대","서울특별시","양천구","신정동","중국집","8"
"20180115","월","남","10대","서울특별시","영등포구","여의도동","중국집","5"
"20180115","월","남","20대","서울특별시","영등포구","문래동2가","중국집","14"
"20180115","월","남","20대","서울특별시","영등포구","문래동3가","중국집","11"
"20180115","월","남","20대","서울특별시","영등포구","여의도동","중국집","10"
"20180115","월","남","10대","서울특별시","영등포구","문래동3가","중국집","5"
"20180115","월","남","30대","서울특별시","영등포구","신길동","중국집","5"
"20180115","월","남","30대","서울특별시","영등포구","영등포동1가","중국집","5"
"20180115","월","남","30대","서울특별시","영등포구","영등포동3가","중국집","5"
"20180115","월","남","40대","서울특별시","영등포구","문래동2가","중국집","21"
"20180115","월","남","20대","서울특별시","영등포구","영등포동7가","중국집","5"
"20180115","월","남","40대","서울특별시","영등포구","문래동3가","중국집","22"
"20180115","월","남","50대","서울특별시","영등포구","대림동","중국집","5"
"20180115","월","남","50대","서울특별시","영등포구","영등포동1가","중국집","5"
"20180115","월","남","40대","서울특별시","영등포구","대림동","중국집","5"
"20180115","월","남","60대이상","서울특별시","영등포구","대림동","중국집","5"
"20180115","월","남","60대이상","서울특별시","영등포구","문래동2가","중국집","8"
"20180115","월","여","10대","서울특별시","영등포구","문래동3가","중국집","5"
"20180115","월","여","10대","서울특별시","영등포구","여의도동","중국집","5"
"20180115","월","남","10대","서울특별시","영등포구","문래동2가","중국집","5"
"20180115","월","여","10대","서울특별시","영등포구","영등포동8가","중국집","5"
"20180115","월","여","20대","서울특별시","영등포구","문래동3가","중국집","7"
"20180115","월","남","40대","서울특별시","영등포구","여의도동","중국집","40"
"20180115","월","남","50대","서울특별시","영등포구","신길동","중국집","5"
"20180115","월","여","20대","서울특별시","영등포구","신길동","중국집","5"
"20180115","월","남","30대","서울특별시","영등포구","여의도동","중국집","38"
"20180115","월","여","20대","서울특별시","영등포구","여의도동","중국집","9"
"20180115","월","남","30대","서울특별시","영등포구","문래동2가","중국집","11"
"20180115","월","여","30대","서울특별시","영등포구","문래동2가","중국집","8"
"20180115","월","여","30대","서울특별시","영등포구","문래동3가","중국집","14"
"20180115","월","여","40대","서울특별시","영등포구","대림동","중국집","5"
"20180115","월","남","50대","서울특별시","영등포구","문래동3가","중국집","28"
"20180115","월","여","40대","서울특별시","영등포구","문래동2가","중국집","17"
"20180115","월","여","40대","서울특별시","영등포구","신길동","중국집","5"
"20180115","월","여","40대","서울특별시","영등포구","여의도동","중국집","21"
"20180115","월","여","40대","서울특별시","영등포구","영등포동1가","중국집","5"
"20180115","월","여","50대","서울특별시","영등포구","문래동2가","중국집","11"
"20180115","월","여","50대","서울특별시","영등포구","문래동3가","중국집","7"
"20180115","월","남","60대이상","서울특별시","영등포구","문래동3가","중국집","15"
"20180115","월","여","40대","서울특별시","영등포구","문래동3가","중국집","13"
"20180115","월","여","50대","서울특별시","영등포구","신길동","중국집","5"
"20180115","월","여","50대","서울특별시","영등포구","여의도동","중국집","11"
"20180115","월","여","50대","서울특별시","영등포구","영등포동1가","중국집","5"
"20180115","월","남","50대","서울특별시","영등포구","여의도동","중국집","23"
"20180115","월","여","20대","서울특별시","영등포구","영등포동7가","중국집","5"
"20180115","월","여","50대","서울특별시","영등포구","영등포동7가","중국집","5"
"20180115","월","여","20대","서울특별시","영등포구","대림동","중국집","5"
"20180115","월","여","60대이상","서울특별시","영등포구","문래동2가","중국집","7"
"20180115","월","남","50대","서울특별시","영등포구","문래동2가","중국집","15"
"20180115","월","여","60대이상","서울특별시","영등포구","문래동3가","중국집","5"
"20180115","월","여","50대","서울특별시","영등포구","대림동","중국집","5"
"20180115","월","여","30대","서울특별시","영등포구","대림동","중국집","5"
"20180115","월","남","10대","서울특별시","영등포구","신길동","중국집","5"
"20180115","월","남","40대","서울특별시","영등포구","영등포동1가","중국집","5"
"20180115","월","여","60대이상","서울특별시","영등포구","신길동","중국집","5"
"20180115","월","남","60대이상","서울특별시","영등포구","여의도동","중국집","5"
"20180115","월","여","60대이상","서울특별시","영등포구","여의도동","중국집","7"
"20180115","월","여","20대","서울특별시","영등포구","문래동2가","중국집","5"
"20180115","월","남","30대","서울특별시","영등포구","문래동3가","중국집","15"
"20180115","월","여","30대","서울특별시","영등포구","여의도동","중국집","20"
"20180115","월","여","60대이상","서울특별시","영등포구","영등포동1가","중국집","5"
"20180115","월","남","10대","서울특별시","용산구","원효로4가","중국집","5"
"20180115","월","남","20대","서울특별시","용산구","갈월동","중국집","5"
"20180115","월","남","20대","서울특별시","용산구","도원동","중국집","5"
"20180115","월","남","20대","서울특별시","용산구","보광동","중국집","5"
"20180115","월","남","20대","서울특별시","용산구","이촌동","중국집","5"
"20180115","월","남","20대","서울특별시","용산구","이태원동","중국집","5"
"20180115","월","남","30대","서울특별시","용산구","한강로3가","중국집","25"
"20180115","월","남","30대","서울특별시","용산구","신계동","중국집","5"
"20180115","월","남","30대","서울특별시","용산구","한남동","중국집","5"
"20180115","월","남","10대","서울특별시","용산구","후암동","중국집","5"
"20180115","월","남","40대","서울특별시","용산구","이촌동","중국집","5"
"20180115","월","남","40대","서울특별시","용산구","이태원동","중국집","5"
"20180115","월","남","40대","서울특별시","용산구","한강로3가","중국집","49"
"20180115","월","남","40대","서울특별시","용산구","한남동","중국집","5"
"20180115","월","남","30대","서울특별시","용산구","도원동","중국집","5"
"20180115","월","남","50대","서울특별시","용산구","보광동","중국집","5"
"20180115","월","남","50대","서울특별시","용산구","원효로4가","중국집","5"
"20180115","월","남","50대","서울특별시","용산구","이태원동","중국집","5"
"20180115","월","남","50대","서울특별시","용산구","한강로3가","중국집","20"
"20180115","월","남","50대","서울특별시","용산구","후암동","중국집","37"
"20180115","월","남","60대이상","서울특별시","용산구","보광동","중국집","5"
"20180115","월","남","60대이상","서울특별시","용산구","한강로3가","중국집","11"
"20180115","월","여","10대","서울특별시","용산구","한강로3가","중국집","5"
"20180115","월","여","10대","서울특별시","용산구","후암동","중국집","5"
"20180115","월","남","30대","서울특별시","용산구","후암동","중국집","28"
"20180115","월","여","20대","서울특별시","용산구","동자동","중국집","5"
"20180115","월","여","20대","서울특별시","용산구","보광동","중국집","5"
"20180115","월","여","20대","서울특별시","용산구","이촌동","중국집","5"
"20180115","월","남","30대","서울특별시","용산구","이촌동","중국집","5"
"20180115","월","여","20대","서울특별시","용산구","이태원동","중국집","5"
"20180115","월","여","20대","서울특별시","용산구","한강로3가","중국집","7"
"20180115","월","남","30대","서울특별시","용산구","보광동","중국집","14"
"20180115","월","여","30대","서울특별시","용산구","동자동","중국집","5"
"20180115","월","남","40대","서울특별시","용산구","후암동","중국집","22"
"20180115","월","여","30대","서울특별시","용산구","보광동","중국집","5"
"20180115","월","여","20대","서울특별시","용산구","후암동","중국집","10"
"20180115","월","여","30대","서울특별시","용산구","신계동","중국집","5"
"20180115","월","남","40대","서울특별시","용산구","도원동","중국집","5"
"20180115","월","여","30대","서울특별시","용산구","원효로4가","중국집","5"
"20180115","월","남","50대","서울특별시","용산구","신계동","중국집","5"
"20180115","월","여","30대","서울특별시","용산구","이촌동","중국집","5"
"20180115","월","여","30대","서울특별시","용산구","이태원동","중국집","5"
"20180115","월","여","30대","서울특별시","용산구","한강로3가","중국집","15"
"20180115","월","남","40대","서울특별시","용산구","신계동","중국집","5"
"20180115","월","여","30대","서울특별시","용산구","한남동","중국집","5"
"20180115","월","남","40대","서울특별시","용산구","동자동","중국집","5"
"20180115","월","여","30대","서울특별시","용산구","후암동","중국집","18"
"20180115","월","남","20대","서울특별시","용산구","후암동","중국집","9"
"20180115","월","남","60대이상","서울특별시","용산구","후암동","중국집","13"
"20180115","월","남","40대","서울특별시","용산구","보광동","중국집","5"
"20180115","월","여","40대","서울특별시","용산구","갈월동","중국집","5"
"20180115","월","남","50대","서울특별시","용산구","도원동","중국집","5"
"20180115","월","남","30대","서울특별시","용산구","동자동","중국집","5"
"20180115","월","여","40대","서울특별시","용산구","보광동","중국집","5"
"20180115","월","남","60대이상","서울특별시","용산구","이태원동","중국집","5"
"20180115","월","여","40대","서울특별시","용산구","원효로4가","중국집","5"
"20180115","월","남","20대","서울특별시","용산구","원효로4가","중국집","5"
"20180115","월","여","40대","서울특별시","용산구","이촌동","중국집","5"
"20180115","월","여","40대","서울특별시","용산구","한강로3가","중국집","32"
"20180115","월","여","40대","서울특별시","용산구","후암동","중국집","27"
"20180115","월","남","10대","서울특별시","용산구","한강로3가","중국집","5"
"20180115","월","남","20대","서울특별시","용산구","한강로3가","중국집","21"
"20180115","월","여","50대","서울특별시","용산구","이태원동","중국집","5"
"20180115","월","여","40대","서울특별시","용산구","동자동","중국집","5"
"20180115","월","여","50대","서울특별시","용산구","한강로3가","중국집","15"
"20180115","월","여","50대","서울특별시","용산구","후암동","중국집","10"
"20180115","월","여","50대","서울특별시","용산구","보광동","중국집","5"
"20180115","월","여","60대이상","서울특별시","용산구","도원동","중국집","5"
"20180115","월","여","50대","서울특별시","용산구","원효로4가","중국집","5"
"20180115","월","여","60대이상","서울특별시","용산구","이태원동","중국집","5"
"20180115","월","여","60대이상","서울특별시","용산구","보광동","중국집","7"
"20180115","월","남","50대","서울특별시","용산구","동자동","중국집","5"
"20180115","월","여","60대이상","서울특별시","용산구","한강로3가","중국집","12"
"20180115","월","여","40대","서울특별시","용산구","한남동","중국집","5"
"20180115","월","남","10대","서울특별시","용산구","보광동","중국집","5"
"20180115","월","여","60대이상","서울특별시","용산구","후암동","중국집","9"
"20180115","월","남","20대","서울특별시","은평구","구산동","중국집","5"
"20180115","월","남","20대","서울특별시","은평구","불광동","중국집","6"
"20180115","월","남","30대","서울특별시","은평구","불광동","중국집","32"
"20180115","월","남","30대","서울특별시","은평구","증산동","중국집","5"
"20180115","월","남","20대","서울특별시","은평구","증산동","중국집","5"
"20180115","월","남","40대","서울특별시","은평구","구산동","중국집","5"
"20180115","월","남","40대","서울특별시","은평구","불광동","중국집","17"
"20180115","월","남","50대","서울특별시","은평구","불광동","중국집","15"
"20180115","월","남","60대이상","서울특별시","은평구","불광동","중국집","14"
"20180115","월","남","60대이상","서울특별시","은평구","수색동","중국집","5"
"20180115","월","여","20대","서울특별시","은평구","불광동","중국집","9"
"20180115","월","남","50대","서울특별시","은평구","수색동","중국집","5"
"20180115","월","여","20대","서울특별시","은평구","증산동","중국집","5"
"20180115","월","여","10대","서울특별시","은평구","불광동","중국집","5"
"20180115","월","여","30대","서울특별시","은평구","구산동","중국집","5"
"20180115","월","여","30대","서울특별시","은평구","불광동","중국집","25"
"20180115","월","여","30대","서울특별시","은평구","증산동","중국집","5"
"20180115","월","여","40대","서울특별시","은평구","불광동","중국집","35"
"20180115","월","남","10대","서울특별시","은평구","불광동","중국집","8"
"20180115","월","여","40대","서울특별시","은평구","증산동","중국집","5"
"20180115","월","여","50대","서울특별시","은평구","구산동","중국집","5"
"20180115","월","여","40대","서울특별시","은평구","수색동","중국집","5"
"20180115","월","여","50대","서울특별시","은평구","불광동","중국집","22"
"20180115","월","여","20대","서울특별시","은평구","구산동","중국집","5"
"20180115","월","남","10대","서울특별시","은평구","증산동","중국집","5"
"20180115","월","여","50대","서울특별시","은평구","증산동","중국집","5"
"20180115","월","여","60대이상","서울특별시","은평구","불광동","중국집","12"
"20180115","월","남","40대","서울특별시","은평구","증산동","중국집","6"
"20180115","월","남","40대","서울특별시","은평구","대조동","중국집","5"
"20180115","월","여","60대이상","서울특별시","은평구","수색동","중국집","5"
"20180115","월","남","60대이상","서울특별시","은평구","증산동","중국집","5"
"20180115","월","여","60대이상","서울특별시","은평구","증산동","중국집","5"
"20180115","월","남","20대","서울특별시","종로구","낙원동","중국집","5"
"20180115","월","남","20대","서울특별시","종로구","신문로2가","중국집","5"
"20180115","월","남","20대","서울특별시","종로구","창신동","중국집","5"
"20180115","월","남","30대","서울특별시","종로구","경운동","중국집","5"
"20180115","월","남","30대","서울특별시","종로구","관수동","중국집","5"
"20180115","월","남","30대","서울특별시","종로구","명륜1가","중국집","5"
"20180115","월","남","30대","서울특별시","종로구","안국동","중국집","5"
"20180115","월","남","30대","서울특별시","종로구","원서동","중국집","5"
"20180115","월","남","30대","서울특별시","종로구","평창동","중국집","5"
"20180115","월","남","30대","서울특별시","종로구","교남동","중국집","5"
"20180115","월","남","40대","서울특별시","종로구","관수동","중국집","5"
"20180115","월","남","40대","서울특별시","종로구","교남동","중국집","5"
"20180115","월","남","40대","서울특별시","종로구","낙원동","중국집","5"
"20180115","월","남","40대","서울특별시","종로구","숭인동","중국집","5"
"20180115","월","남","50대","서울특별시","종로구","경운동","중국집","5"
"20180115","월","남","50대","서울특별시","종로구","관수동","중국집","5"
"20180115","월","남","30대","서울특별시","종로구","숭인동","중국집","5"
"20180115","월","남","50대","서울특별시","종로구","교남동","중국집","5"
"20180115","월","남","50대","서울특별시","종로구","낙원동","중국집","5"
"20180115","월","남","50대","서울특별시","종로구","명륜1가","중국집","5"
"20180115","월","남","50대","서울특별시","종로구","숭인동","중국집","5"
"20180115","월","남","50대","서울특별시","종로구","종로6가","중국집","5"
"20180115","월","남","60대이상","서울특별시","종로구","교남동","중국집","5"
"20180115","월","남","20대","서울특별시","종로구","교남동","중국집","5"
"20180115","월","남","60대이상","서울특별시","종로구","낙원동","중국집","5"
"20180115","월","남","60대이상","서울특별시","종로구","숭인동","중국집","5"
"20180115","월","남","60대이상","서울특별시","종로구","신문로2가","중국집","5"
"20180115","월","남","60대이상","서울특별시","종로구","평창동","중국집","5"
"20180115","월","남","20대","서울특별시","종로구","명륜1가","중국집","5"
"20180115","월","여","20대","서울특별시","종로구","교남동","중국집","5"
"20180115","월","여","20대","서울특별시","종로구","낙원동","중국집","5"
"20180115","월","남","20대","서울특별시","종로구","서린동","중국집","5"
"20180115","월","남","20대","서울특별시","종로구","경운동","중국집","5"
"20180115","월","남","20대","서울특별시","종로구","원서동","중국집","5"
"20180115","월","여","30대","서울특별시","종로구","명륜1가","중국집","5"
"20180115","월","남","60대이상","서울특별시","종로구","명륜1가","중국집","5"
"20180115","월","남","10대","서울특별시","종로구","교남동","중국집","5"
"20180115","월","여","30대","서울특별시","종로구","서린동","중국집","5"
"20180115","월","여","30대","서울특별시","종로구","숭인동","중국집","5"
"20180115","월","남","40대","서울특별시","종로구","평창동","중국집","5"
"20180115","월","남","30대","서울특별시","종로구","낙원동","중국집","5"
"20180115","월","여","30대","서울특별시","종로구","원서동","중국집","5"
"20180115","월","남","20대","서울특별시","종로구","숭인동","중국집","5"
"20180115","월","여","30대","서울특별시","종로구","평창동","중국집","5"
"20180115","월","여","40대","서울특별시","종로구","관수동","중국집","5"
"20180115","월","여","40대","서울특별시","종로구","동숭동","중국집","5"
"20180115","월","여","40대","서울특별시","종로구","서린동","중국집","5"
"20180115","월","남","30대","서울특별시","종로구","동숭동","중국집","5"
"20180115","월","여","40대","서울특별시","종로구","신문로2가","중국집","5"
"20180115","월","여","20대","서울특별시","종로구","숭인동","중국집","5"
"20180115","월","여","50대","서울특별시","종로구","교남동","중국집","5"
"20180115","월","여","50대","서울특별시","종로구","낙원동","중국집","5"
"20180115","월","남","50대","서울특별시","종로구","원서동","중국집","5"
"20180115","월","여","20대","서울특별시","종로구","동숭동","중국집","5"
"20180115","월","여","40대","서울특별시","종로구","종로5가","중국집","5"
"20180115","월","여","50대","서울특별시","종로구","숭인동","중국집","5"
"20180115","월","여","20대","서울특별시","종로구","명륜1가","중국집","5"
"20180115","월","여","50대","서울특별시","종로구","안국동","중국집","5"
"20180115","월","여","50대","서울특별시","종로구","종로3가","중국집","5"
"20180115","월","여","50대","서울특별시","종로구","평창동","중국집","5"
"20180115","월","여","30대","서울특별시","종로구","동숭동","중국집","5"
"20180115","월","여","60대이상","서울특별시","종로구","교남동","중국집","5"
"20180115","월","남","30대","서울특별시","종로구","서린동","중국집","5"
"20180115","월","남","50대","서울특별시","종로구","창성동","중국집","5"
"20180115","월","남","50대","서울특별시","종로구","동숭동","중국집","5"
"20180115","월","남","60대이상","서울특별시","종로구","동숭동","중국집","5"
"20180115","월","여","60대이상","서울특별시","종로구","명륜3가","중국집","5"
"20180115","월","여","60대이상","서울특별시","종로구","낙원동","중국집","5"
"20180115","월","여","60대이상","서울특별시","종로구","종로6가","중국집","5"
"20180115","월","남","20대","서울특별시","종로구","동숭동","중국집","5"
"20180115","월","여","20대","서울특별시","종로구","창성동","중국집","5"
"20180115","월","남","20대","서울특별시","중구","수하동","중국집","29"
"20180115","월","남","20대","서울특별시","중구","신당동","중국집","39"
"20180115","월","남","20대","서울특별시","중구","필동2가","중국집","5"
"20180115","월","남","30대","서울특별시","중구","명동1가","중국집","5"
"20180115","월","남","30대","서울특별시","중구","무교동","중국집","5"
"20180115","월","남","30대","서울특별시","중구","수하동","중국집","75"
"20180115","월","남","20대","서울특별시","중구","을지로3가","중국집","5"
"20180115","월","남","30대","서울특별시","중구","을지로3가","중국집","5"
"20180115","월","남","30대","서울특별시","중구","을지로6가","중국집","5"
"20180115","월","남","30대","서울특별시","중구","충무로1가","중국집","5"
"20180115","월","남","30대","서울특별시","중구","회현동1가","중국집","5"
"20180115","월","남","40대","서울특별시","중구","신당동","중국집","50"
"20180115","월","남","20대","서울특별시","중구","주교동","중국집","5"
"20180115","월","남","40대","서울특별시","중구","을지로3가","중국집","5"
"20180115","월","남","40대","서울특별시","중구","필동2가","중국집","5"
"20180115","월","남","50대","서울특별시","중구","충무로1가","중국집","5"
"20180115","월","남","40대","서울특별시","중구","을지로6가","중국집","5"
"20180115","월","남","50대","서울특별시","중구","필동2가","중국집","5"
"20180115","월","남","50대","서울특별시","중구","회현동1가","중국집","5"
"20180115","월","남","60대이상","서울특별시","중구","신당동","중국집","30"
"20180115","월","남","60대이상","서울특별시","중구","을지로3가","중국집","5"
"20180115","월","여","10대","서울특별시","중구","수하동","중국집","5"
"20180115","월","남","60대이상","서울특별시","중구","수하동","중국집","29"
"20180115","월","여","10대","서울특별시","중구","신당동","중국집","5"
"20180115","월","여","10대","서울특별시","중구","필동2가","중국집","5"
"20180115","월","여","20대","서울특별시","중구","신당동","중국집","20"
"20180115","월","남","50대","서울특별시","중구","신당동","중국집","50"
"20180115","월","여","30대","서울특별시","중구","명동1가","중국집","5"
"20180115","월","여","30대","서울특별시","중구","수하동","중국집","32"
"20180115","월","여","30대","서울특별시","중구","신당동","중국집","40"
"20180115","월","남","10대","서울특별시","중구","신당동","중국집","5"
"20180115","월","여","30대","서울특별시","중구","을지로1가","중국집","5"
"20180115","월","여","30대","서울특별시","중구","장충동2가","중국집","5"
"20180115","월","여","20대","서울특별시","중구","수하동","중국집","19"
"20180115","월","여","30대","서울특별시","중구","정동","중국집","5"
"20180115","월","남","20대","서울특별시","중구","장충동2가","중국집","5"
"20180115","월","남","30대","서울특별시","중구","신당동","중국집","56"
"20180115","월","여","30대","서울특별시","중구","충무로1가","중국집","5"
"20180115","월","남","30대","서울특별시","중구","필동2가","중국집","5"
"20180115","월","여","40대","서울특별시","중구","수하동","중국집","36"
"20180115","월","남","50대","서울특별시","중구","을지로6가","중국집","5"
"20180115","월","여","50대","서울특별시","중구","수하동","중국집","25"
"20180115","월","남","50대","서울특별시","중구","수하동","중국집","56"
"20180115","월","남","10대","서울특별시","중구","수하동","중국집","6"
"20180115","월","여","50대","서울특별시","중구","충무로1가","중국집","5"
"20180115","월","여","60대이상","서울특별시","중구","명동1가","중국집","5"
"20180115","월","남","40대","서울특별시","중구","수하동","중국집","79"
"20180115","월","여","50대","서울특별시","중구","신당동","중국집","35"
"20180115","월","여","20대","서울특별시","중구","서소문동","중국집","5"
"20180115","월","여","30대","서울특별시","중구","수표동","중국집","5"
"20180115","월","여","60대이상","서울특별시","중구","수하동","중국집","14"
"20180115","월","여","40대","서울특별시","중구","정동","중국집","5"
"20180115","월","남","20대","서울특별시","중구","충무로1가","중국집","5"
"20180115","월","여","60대이상","서울특별시","중구","신당동","중국집","11"
"20180115","월","여","20대","서울특별시","중구","정동","중국집","5"
"20180115","월","여","40대","서울특별시","중구","신당동","중국집","55"
"20180115","월","남","20대","서울특별시","중랑구","면목동","중국집","17"
"20180115","월","남","20대","서울특별시","중랑구","신내동","중국집","5"
"20180115","월","남","30대","서울특별시","중랑구","망우동","중국집","5"
"20180115","월","남","30대","서울특별시","중랑구","면목동","중국집","45"
"20180115","월","남","20대","서울특별시","중랑구","묵동","중국집","5"
"20180115","월","남","30대","서울특별시","중랑구","묵동","중국집","5"
"20180115","월","남","30대","서울특별시","중랑구","신내동","중국집","5"
"20180115","월","남","40대","서울특별시","중랑구","면목동","중국집","37"
"20180115","월","남","40대","서울특별시","중랑구","상봉동","중국집","5"
"20180115","월","남","40대","서울특별시","중랑구","신내동","중국집","5"
"20180115","월","남","50대","서울특별시","중랑구","망우동","중국집","5"
"20180115","월","남","40대","서울특별시","중랑구","망우동","중국집","5"
"20180115","월","남","50대","서울특별시","중랑구","면목동","중국집","38"
"20180115","월","남","50대","서울특별시","중랑구","묵동","중국집","5"
"20180115","월","남","50대","서울특별시","중랑구","상봉동","중국집","5"
"20180115","월","남","10대","서울특별시","중랑구","망우동","중국집","5"
"20180115","월","남","60대이상","서울특별시","중랑구","망우동","중국집","5"
"20180115","월","남","60대이상","서울특별시","중랑구","면목동","중국집","16"
"20180115","월","여","10대","서울특별시","중랑구","면목동","중국집","5"
"20180115","월","여","10대","서울특별시","중랑구","묵동","중국집","5"
"20180115","월","여","20대","서울특별시","중랑구","면목동","중국집","10"
"20180115","월","여","30대","서울특별시","중랑구","망우동","중국집","5"
"20180115","월","여","30대","서울특별시","중랑구","면목동","중국집","34"
"20180115","월","남","10대","서울특별시","중랑구","면목동","중국집","7"
"20180115","월","여","30대","서울특별시","중랑구","묵동","중국집","5"
"20180115","월","여","30대","서울특별시","중랑구","상봉동","중국집","5"
"20180115","월","여","30대","서울특별시","중랑구","신내동","중국집","5"
"20180115","월","남","40대","서울특별시","중랑구","중화동","중국집","5"
"20180115","월","남","20대","서울특별시","중랑구","망우동","중국집","5"
"20180115","월","여","40대","서울특별시","중랑구","면목동","중국집","26"
"20180115","월","여","40대","서울특별시","중랑구","묵동","중국집","5"
"20180115","월","여","40대","서울특별시","중랑구","신내동","중국집","5"
"20180115","월","여","50대","서울특별시","중랑구","망우동","중국집","5"
"20180115","월","여","50대","서울특별시","중랑구","묵동","중국집","5"
"20180115","월","여","50대","서울특별시","중랑구","신내동","중국집","5"
"20180115","월","여","60대이상","서울특별시","중랑구","면목동","중국집","14"
"20180115","월","여","50대","서울특별시","중랑구","면목동","중국집","34"
"20180115","월","여","60대이상","서울특별시","중랑구","망우동","중국집","5"
"20180115","월","남","40대","서울특별시","중랑구","묵동","중국집","5"
"20180115","월","여","60대이상","서울특별시","중랑구","신내동","중국집","5"
"20180115","월","여","20대","서울특별시","중랑구","망우동","중국집","5"
"20180116","화","남","10대","서울특별시","강남구","대치동","중국집","5"
"20180116","화","남","10대","서울특별시","강남구","도곡동","중국집","5"
"20180116","화","남","20대","서울특별시","강남구","논현동","중국집","18"
"20180116","화","남","20대","서울특별시","강남구","대치동","중국집","5"
"20180116","화","남","20대","서울특별시","강남구","삼성동","중국집","37"
"20180116","화","남","20대","서울특별시","강남구","세곡동","중국집","10"
"20180116","화","남","20대","서울특별시","강남구","수서동","중국집","5"
"20180116","화","남","20대","서울특별시","강남구","압구정동","중국집","5"
"20180116","화","남","30대","서울특별시","강남구","대치동","중국집","5"
"20180116","화","남","30대","서울특별시","강남구","삼성동","중국집","90"
"20180116","화","남","30대","서울특별시","강남구","수서동","중국집","5"
"20180116","화","남","40대","서울특별시","강남구","세곡동","중국집","6"
"20180116","화","남","40대","서울특별시","강남구","수서동","중국집","5"
"20180116","화","남","40대","서울특별시","강남구","역삼동","중국집","75"
"20180116","화","남","50대","서울특별시","강남구","논현동","중국집","25"
"20180116","화","남","10대","서울특별시","강남구","일원동","중국집","5"
"20180116","화","남","50대","서울특별시","강남구","세곡동","중국집","5"
"20180116","화","남","50대","서울특별시","강남구","역삼동","중국집","42"
"20180116","화","남","40대","서울특별시","강남구","압구정동","중국집","5"
"20180116","화","남","60대이상","서울특별시","강남구","논현동","중국집","10"
"20180116","화","남","40대","서울특별시","강남구","삼성동","중국집","74"
"20180116","화","남","60대이상","서울특별시","강남구","삼성동","중국집","28"
"20180116","화","여","10대","서울특별시","강남구","도곡동","중국집","5"
"20180116","화","여","10대","서울특별시","강남구","삼성동","중국집","6"
"20180116","화","여","20대","서울특별시","강남구","개포동","중국집","5"
"20180116","화","여","20대","서울특별시","강남구","논현동","중국집","15"
"20180116","화","남","60대이상","서울특별시","강남구","압구정동","중국집","5"
"20180116","화","여","20대","서울특별시","강남구","대치동","중국집","5"
"20180116","화","남","10대","서울특별시","강남구","논현동","중국집","5"
"20180116","화","여","20대","서울특별시","강남구","도곡동","중국집","5"
"20180116","화","남","30대","서울특별시","강남구","세곡동","중국집","6"
"20180116","화","남","40대","서울특별시","강남구","도곡동","중국집","6"
"20180116","화","여","20대","서울특별시","강남구","삼성동","중국집","20"
"20180116","화","남","60대이상","서울특별시","강남구","개포동","중국집","5"
"20180116","화","여","30대","서울특별시","강남구","논현동","중국집","52"
"20180116","화","남","30대","서울특별시","강남구","역삼동","중국집","71"
"20180116","화","여","30대","서울특별시","강남구","도곡동","중국집","5"
"20180116","화","남","60대이상","서울특별시","강남구","대치동","중국집","5"
"20180116","화","여","30대","서울특별시","강남구","삼성동","중국집","42"
"20180116","화","여","30대","서울특별시","강남구","세곡동","중국집","6"
"20180116","화","남","20대","서울특별시","강남구","역삼동","중국집","39"
"20180116","화","여","20대","서울특별시","강남구","세곡동","중국집","5"
"20180116","화","남","50대","서울특별시","강남구","삼성동","중국집","41"
"20180116","화","여","30대","서울특별시","강남구","역삼동","중국집","32"
"20180116","화","여","40대","서울특별시","강남구","개포동","중국집","5"
"20180116","화","여","40대","서울특별시","강남구","논현동","중국집","41"
"20180116","화","남","10대","서울특별시","강남구","역삼동","중국집","5"
"20180116","화","남","20대","서울특별시","강남구","개포동","중국집","5"
"20180116","화","남","30대","서울특별시","강남구","도곡동","중국집","5"
"20180116","화","여","40대","서울특별시","강남구","삼성동","중국집","78"
"20180116","화","여","40대","서울특별시","강남구","세곡동","중국집","10"
"20180116","화","여","40대","서울특별시","강남구","수서동","중국집","5"
"20180116","화","남","10대","서울특별시","강남구","삼성동","중국집","9"
"20180116","화","여","40대","서울특별시","강남구","압구정동","중국집","5"
"20180116","화","여","40대","서울특별시","강남구","역삼동","중국집","56"
"20180116","화","남","60대이상","서울특별시","강남구","세곡동","중국집","5"
"20180116","화","여","40대","서울특별시","강남구","대치동","중국집","5"
"20180116","화","여","50대","서울특별시","강남구","논현동","중국집","19"
"20180116","화","여","50대","서울특별시","강남구","대치동","중국집","5"
"20180116","화","남","50대","서울특별시","강남구","도곡동","중국집","5"
"20180116","화","여","50대","서울특별시","강남구","도곡동","중국집","5"
"20180116","화","여","50대","서울특별시","강남구","삼성동","중국집","39"
"20180116","화","여","20대","서울특별시","강남구","역삼동","중국집","18"
"20180116","화","여","50대","서울특별시","강남구","수서동","중국집","5"
"20180116","화","여","40대","서울특별시","강남구","도곡동","중국집","11"
"20180116","화","여","50대","서울특별시","강남구","압구정동","중국집","5"
"20180116","화","여","30대","서울특별시","강남구","개포동","중국집","5"
"20180116","화","여","60대이상","서울특별시","강남구","개포동","중국집","5"
"20180116","화","여","60대이상","서울특별시","강남구","대치동","중국집","5"
"20180116","화","여","50대","서울특별시","강남구","역삼동","중국집","24"
"20180116","화","여","60대이상","서울특별시","강남구","삼성동","중국집","29"
"20180116","화","여","60대이상","서울특별시","강남구","논현동","중국집","17"
"20180116","화","남","50대","서울특별시","강남구","일원동","중국집","5"
"20180116","화","남","50대","서울특별시","강남구","개포동","중국집","5"
"20180116","화","여","60대이상","서울특별시","강남구","세곡동","중국집","5"
"20180116","화","여","50대","서울특별시","강남구","개포동","중국집","5"
"20180116","화","여","60대이상","서울특별시","강남구","수서동","중국집","5"
"20180116","화","여","40대","서울특별시","강남구","일원동","중국집","5"
"20180116","화","남","40대","서울특별시","강남구","논현동","중국집","36"
"20180116","화","여","60대이상","서울특별시","강남구","압구정동","중국집","5"
"20180116","화","남","20대","서울특별시","강남구","도곡동","중국집","5"
"20180116","화","여","10대","서울특별시","강남구","역삼동","중국집","5"
"20180116","화","남","30대","서울특별시","강남구","논현동","중국집","55"
"20180116","화","남","60대이상","서울특별시","강남구","역삼동","중국집","20"
"20180116","화","여","60대이상","서울특별시","강남구","역삼동","중국집","11"
"20180116","화","여","50대","서울특별시","강남구","세곡동","중국집","5"
"20180116","화","여","30대","서울특별시","강남구","대치동","중국집","5"
"20180116","화","남","10대","서울특별시","강동구","성내동","중국집","5"
"20180116","화","남","20대","서울특별시","강동구","길동","중국집","25"
"20180116","화","남","20대","서울특별시","강동구","명일동","중국집","5"
"20180116","화","남","20대","서울특별시","강동구","천호동","중국집","5"
"20180116","화","남","30대","서울특별시","강동구","명일동","중국집","5"
"20180116","화","남","30대","서울특별시","강동구","성내동","중국집","5"
"20180116","화","남","40대","서울특별시","강동구","길동","중국집","56"
"20180116","화","남","40대","서울특별시","강동구","명일동","중국집","5"
"20180116","화","남","40대","서울특별시","강동구","성내동","중국집","5"
"20180116","화","남","40대","서울특별시","강동구","천호동","중국집","5"
"20180116","화","남","40대","서울특별시","강동구","상일동","중국집","5"
"20180116","화","남","50대","서울특별시","강동구","길동","중국집","29"
"20180116","화","남","50대","서울특별시","강동구","성내동","중국집","5"
"20180116","화","남","50대","서울특별시","강동구","암사동","중국집","5"
"20180116","화","남","60대이상","서울특별시","강동구","암사동","중국집","5"
"20180116","화","남","20대","서울특별시","강동구","암사동","중국집","5"
"20180116","화","여","10대","서울특별시","강동구","명일동","중국집","5"
"20180116","화","남","50대","서울특별시","강동구","천호동","중국집","5"
"20180116","화","남","60대이상","서울특별시","강동구","길동","중국집","31"
"20180116","화","여","10대","서울특별시","강동구","암사동","중국집","5"
"20180116","화","남","30대","서울특별시","강동구","천호동","중국집","5"
"20180116","화","여","20대","서울특별시","강동구","길동","중국집","6"
"20180116","화","여","20대","서울특별시","강동구","명일동","중국집","5"
"20180116","화","여","20대","서울특별시","강동구","성내동","중국집","5"
"20180116","화","여","20대","서울특별시","강동구","암사동","중국집","5"
"20180116","화","남","10대","서울특별시","강동구","명일동","중국집","5"
"20180116","화","여","30대","서울특별시","강동구","명일동","중국집","5"
"20180116","화","여","30대","서울특별시","강동구","성내동","중국집","6"
"20180116","화","여","20대","서울특별시","강동구","천호동","중국집","5"
"20180116","화","여","30대","서울특별시","강동구","암사동","중국집","5"
"20180116","화","여","20대","서울특별시","강동구","상일동","중국집","5"
"20180116","화","여","40대","서울특별시","강동구","둔촌동","중국집","5"
"20180116","화","여","40대","서울특별시","강동구","명일동","중국집","9"
"20180116","화","여","40대","서울특별시","강동구","암사동","중국집","5"
"20180116","화","남","30대","서울특별시","강동구","암사동","중국집","5"
"20180116","화","여","40대","서울특별시","강동구","길동","중국집","51"
"20180116","화","여","40대","서울특별시","강동구","천호동","중국집","5"
"20180116","화","여","30대","서울특별시","강동구","길동","중국집","44"
"20180116","화","남","20대","서울특별시","강동구","성내동","중국집","5"
"20180116","화","여","50대","서울특별시","강동구","길동","중국집","31"
"20180116","화","여","50대","서울특별시","강동구","성내동","중국집","5"
"20180116","화","여","50대","서울특별시","강동구","명일동","중국집","5"
"20180116","화","여","10대","서울특별시","강동구","길동","중국집","5"
"20180116","화","여","40대","서울특별시","강동구","성내동","중국집","5"
"20180116","화","여","50대","서울특별시","강동구","암사동","중국집","5"
"20180116","화","남","10대","서울특별시","강동구","길동","중국집","5"
"20180116","화","남","30대","서울특별시","강동구","길동","중국집","41"
"20180116","화","여","50대","서울특별시","강동구","천호동","중국집","5"
"20180116","화","여","60대이상","서울특별시","강동구","길동","중국집","21"
"20180116","화","여","60대이상","서울특별시","강동구","명일동","중국집","5"
"20180116","화","여","60대이상","서울특별시","강동구","성내동","중국집","6"
"20180116","화","남","30대","서울특별시","강동구","둔촌동","중국집","5"
"20180116","화","여","60대이상","서울특별시","강동구","천호동","중국집","5"
"20180116","화","남","10대","서울특별시","강북구","미아동","중국집","11"
"20180116","화","남","20대","서울특별시","강북구","미아동","중국집","24"
"20180116","화","남","30대","서울특별시","강북구","번동","중국집","11"
"20180116","화","남","40대","서울특별시","강북구","미아동","중국집","52"
"20180116","화","남","20대","서울특별시","강북구","우이동","중국집","5"
"20180116","화","남","40대","서울특별시","강북구","번동","중국집","13"
"20180116","화","남","40대","서울특별시","강북구","우이동","중국집","5"
"20180116","화","남","10대","서울특별시","강북구","번동","중국집","5"
"20180116","화","남","50대","서울특별시","강북구","미아동","중국집","46"
"20180116","화","남","50대","서울특별시","강북구","번동","중국집","16"
"20180116","화","남","60대이상","서울특별시","강북구","번동","중국집","14"
"20180116","화","남","30대","서울특별시","강북구","미아동","중국집","65"
"20180116","화","남","60대이상","서울특별시","강북구","우이동","중국집","5"
"20180116","화","남","60대이상","서울특별시","강북구","미아동","중국집","20"
"20180116","화","여","10대","서울특별시","강북구","미아동","중국집","5"
"20180116","화","여","10대","서울특별시","강북구","번동","중국집","5"
"20180116","화","여","10대","서울특별시","강북구","수유동","중국집","5"
"20180116","화","여","20대","서울특별시","강북구","미아동","중국집","23"
"20180116","화","여","20대","서울특별시","강북구","번동","중국집","5"
"20180116","화","여","30대","서울특별시","강북구","미아동","중국집","38"
"20180116","화","여","30대","서울특별시","강북구","번동","중국집","7"
"20180116","화","여","30대","서울특별시","강북구","우이동","중국집","5"
"20180116","화","여","40대","서울특별시","강북구","미아동","중국집","59"
"20180116","화","여","40대","서울특별시","강북구","번동","중국집","11"
"20180116","화","여","40대","서울특별시","강북구","우이동","중국집","5"
"20180116","화","여","50대","서울특별시","강북구","미아동","중국집","52"
"20180116","화","남","20대","서울특별시","강북구","번동","중국집","6"
"20180116","화","여","50대","서울특별시","강북구","번동","중국집","5"
"20180116","화","여","50대","서울특별시","강북구","우이동","중국집","5"
"20180116","화","여","60대이상","서울특별시","강북구","미아동","중국집","28"
"20180116","화","여","60대이상","서울특별시","강북구","번동","중국집","12"
"20180116","화","남","10대","서울특별시","강서구","가양동","중국집","5"
"20180116","화","남","10대","서울특별시","강서구","방화동","중국집","5"
"20180116","화","남","10대","서울특별시","강서구","화곡동","중국집","18"
"20180116","화","남","20대","서울특별시","강서구","마곡동","중국집","5"
"20180116","화","남","20대","서울특별시","강서구","외발산동","중국집","5"
"20180116","화","남","30대","서울특별시","강서구","내발산동","중국집","75"
"20180116","화","남","40대","서울특별시","강서구","내발산동","중국집","44"
"20180116","화","남","20대","서울특별시","강서구","화곡동","중국집","25"
"20180116","화","남","40대","서울특별시","강서구","마곡동","중국집","5"
"20180116","화","남","50대","서울특별시","강서구","가양동","중국집","18"
"20180116","화","남","50대","서울특별시","강서구","내발산동","중국집","33"
"20180116","화","남","50대","서울특별시","강서구","등촌동","중국집","12"
"20180116","화","남","50대","서울특별시","강서구","마곡동","중국집","5"
"20180116","화","남","50대","서울특별시","강서구","방화동","중국집","5"
"20180116","화","남","50대","서울특별시","강서구","화곡동","중국집","22"
"20180116","화","남","30대","서울특별시","강서구","화곡동","중국집","31"
"20180116","화","남","60대이상","서울특별시","강서구","가양동","중국집","20"
"20180116","화","남","60대이상","서울특별시","강서구","내발산동","중국집","17"
"20180116","화","남","60대이상","서울특별시","강서구","등촌동","중국집","5"
"20180116","화","남","30대","서울특별시","강서구","방화동","중국집","6"
"20180116","화","남","60대이상","서울특별시","강서구","외발산동","중국집","5"
"20180116","화","여","10대","서울특별시","강서구","가양동","중국집","5"
"20180116","화","여","20대","서울특별시","강서구","가양동","중국집","7"
"20180116","화","여","20대","서울특별시","강서구","내발산동","중국집","5"
"20180116","화","남","20대","서울특별시","강서구","가양동","중국집","18"
"20180116","화","여","20대","서울특별시","강서구","화곡동","중국집","10"
"20180116","화","여","30대","서울특별시","강서구","가양동","중국집","7"
"20180116","화","남","40대","서울특별시","강서구","방화동","중국집","5"
"20180116","화","여","30대","서울특별시","강서구","내발산동","중국집","37"
"20180116","화","남","40대","서울특별시","강서구","가양동","중국집","33"
"20180116","화","여","10대","서울특별시","강서구","내발산동","중국집","5"
"20180116","화","여","30대","서울특별시","강서구","등촌동","중국집","27"
"20180116","화","여","30대","서울특별시","강서구","방화동","중국집","5"
"20180116","화","여","20대","서울특별시","강서구","등촌동","중국집","7"
"20180116","화","여","30대","서울특별시","강서구","외발산동","중국집","5"
"20180116","화","여","30대","서울특별시","강서구","화곡동","중국집","36"
"20180116","화","여","40대","서울특별시","강서구","가양동","중국집","24"
"20180116","화","여","10대","서울특별시","강서구","등촌동","중국집","5"
"20180116","화","여","40대","서울특별시","강서구","내발산동","중국집","53"
"20180116","화","여","40대","서울특별시","강서구","등촌동","중국집","25"
"20180116","화","남","20대","서울특별시","강서구","등촌동","중국집","10"
"20180116","화","여","40대","서울특별시","강서구","마곡동","중국집","5"
"20180116","화","남","30대","서울특별시","강서구","가양동","중국집","30"
"20180116","화","남","10대","서울특별시","강서구","등촌동","중국집","5"
"20180116","화","여","40대","서울특별시","강서구","방화동","중국집","5"
"20180116","화","여","40대","서울특별시","강서구","화곡동","중국집","65"
"20180116","화","남","30대","서울특별시","강서구","외발산동","중국집","5"
"20180116","화","여","50대","서울특별시","강서구","가양동","중국집","5"
"20180116","화","여","50대","서울특별시","강서구","내발산동","중국집","34"
"20180116","화","여","50대","서울특별시","강서구","방화동","중국집","5"
"20180116","화","여","50대","서울특별시","강서구","외발산동","중국집","5"
"20180116","화","남","10대","서울특별시","강서구","마곡동","중국집","5"
"20180116","화","여","50대","서울특별시","강서구","화곡동","중국집","28"
"20180116","화","남","30대","서울특별시","강서구","등촌동","중국집","17"
"20180116","화","여","60대이상","서울특별시","강서구","가양동","중국집","9"
"20180116","화","여","60대이상","서울특별시","강서구","내발산동","중국집","19"
"20180116","화","남","10대","서울특별시","강서구","내발산동","중국집","7"
"20180116","화","남","20대","서울특별시","강서구","방화동","중국집","5"
"20180116","화","남","40대","서울특별시","강서구","화곡동","중국집","43"
"20180116","화","여","50대","서울특별시","강서구","등촌동","중국집","19"
"20180116","화","여","60대이상","서울특별시","강서구","등촌동","중국집","5"
"20180116","화","남","60대이상","서울특별시","강서구","화곡동","중국집","28"
"20180116","화","여","60대이상","서울특별시","강서구","마곡동","중국집","5"
"20180116","화","남","40대","서울특별시","강서구","등촌동","중국집","17"
"20180116","화","여","60대이상","서울특별시","강서구","방화동","중국집","5"
"20180116","화","여","10대","서울특별시","강서구","화곡동","중국집","6"
"20180116","화","여","60대이상","서울특별시","강서구","화곡동","중국집","25"
"20180116","화","남","20대","서울특별시","강서구","내발산동","중국집","18"
"20180116","화","남","10대","서울특별시","관악구","신림동","중국집","5"
"20180116","화","남","20대","서울특별시","관악구","봉천동","중국집","7"
"20180116","화","남","20대","서울특별시","관악구","신림동","중국집","10"
"20180116","화","남","30대","서울특별시","관악구","봉천동","중국집","5"
"20180116","화","남","30대","서울특별시","관악구","신림동","중국집","7"
"20180116","화","남","40대","서울특별시","관악구","봉천동","중국집","5"
"20180116","화","남","50대","서울특별시","관악구","봉천동","중국집","5"
"20180116","화","남","50대","서울특별시","관악구","신림동","중국집","5"
"20180116","화","남","60대이상","서울특별시","관악구","봉천동","중국집","5"
"20180116","화","여","10대","서울특별시","관악구","봉천동","중국집","5"
"20180116","화","여","10대","서울특별시","관악구","신림동","중국집","5"
"20180116","화","여","20대","서울특별시","관악구","봉천동","중국집","5"
"20180116","화","여","20대","서울특별시","관악구","신림동","중국집","15"
"20180116","화","여","30대","서울특별시","관악구","봉천동","중국집","5"
"20180116","화","남","40대","서울특별시","관악구","신림동","중국집","5"
"20180116","화","여","30대","서울특별시","관악구","신림동","중국집","6"
"20180116","화","여","40대","서울특별시","관악구","봉천동","중국집","6"
"20180116","화","여","40대","서울특별시","관악구","신림동","중국집","5"
"20180116","화","여","50대","서울특별시","관악구","봉천동","중국집","5"
"20180116","화","여","50대","서울특별시","관악구","신림동","중국집","5"
"20180116","화","여","60대이상","서울특별시","관악구","봉천동","중국집","5"
"20180116","화","여","60대이상","서울특별시","관악구","신림동","중국집","7"
"20180116","화","남","20대","서울특별시","광진구","자양동","중국집","7"
"20180116","화","남","20대","서울특별시","광진구","화양동","중국집","5"
"20180116","화","남","30대","서울특별시","광진구","자양동","중국집","6"
"20180116","화","남","40대","서울특별시","광진구","광장동","중국집","5"
"20180116","화","남","40대","서울특별시","광진구","중곡동","중국집","5"
"20180116","화","남","50대","서울특별시","광진구","능동","중국집","5"
"20180116","화","남","50대","서울특별시","광진구","자양동","중국집","6"
"20180116","화","남","50대","서울특별시","광진구","중곡동","중국집","5"
"20180116","화","남","20대","서울특별시","광진구","중곡동","중국집","5"
"20180116","화","남","20대","서울특별시","광진구","능동","중국집","5"
"20180116","화","남","60대이상","서울특별시","광진구","자양동","중국집","5"
"20180116","화","남","60대이상","서울특별시","광진구","구의동","중국집","5"
"20180116","화","남","60대이상","서울특별시","광진구","화양동","중국집","5"
"20180116","화","여","10대","서울특별시","광진구","능동","중국집","5"
"20180116","화","여","10대","서울특별시","광진구","화양동","중국집","5"
"20180116","화","남","10대","서울특별시","광진구","능동","중국집","5"
"20180116","화","여","20대","서울특별시","광진구","자양동","중국집","6"
"20180116","화","여","20대","서울특별시","광진구","화양동","중국집","5"
"20180116","화","여","30대","서울특별시","광진구","능동","중국집","5"
"20180116","화","여","30대","서울특별시","광진구","자양동","중국집","5"
"20180116","화","여","30대","서울특별시","광진구","중곡동","중국집","5"
"20180116","화","여","40대","서울특별시","광진구","광장동","중국집","5"
"20180116","화","남","30대","서울특별시","광진구","광장동","중국집","5"
"20180116","화","여","40대","서울특별시","광진구","자양동","중국집","5"
"20180116","화","여","40대","서울특별시","광진구","중곡동","중국집","5"
"20180116","화","여","40대","서울특별시","광진구","화양동","중국집","5"
"20180116","화","여","50대","서울특별시","광진구","광장동","중국집","5"
"20180116","화","남","40대","서울특별시","광진구","자양동","중국집","5"
"20180116","화","여","40대","서울특별시","광진구","능동","중국집","5"
"20180116","화","여","50대","서울특별시","광진구","능동","중국집","5"
"20180116","화","여","50대","서울특별시","광진구","자양동","중국집","5"
"20180116","화","여","50대","서울특별시","광진구","중곡동","중국집","5"
"20180116","화","여","60대이상","서울특별시","광진구","광장동","중국집","5"
"20180116","화","여","60대이상","서울특별시","광진구","자양동","중국집","5"
"20180116","화","여","10대","서울특별시","광진구","자양동","중국집","5"
"20180116","화","남","10대","서울특별시","광진구","자양동","중국집","5"
"20180116","화","남","10대","서울특별시","구로구","궁동","중국집","5"
"20180116","화","남","20대","서울특별시","구로구","개봉동","중국집","8"
"20180116","화","남","30대","서울특별시","구로구","개봉동","중국집","26"
"20180116","화","남","30대","서울특별시","구로구","구로동","중국집","5"
"20180116","화","남","30대","서울특별시","구로구","궁동","중국집","5"
"20180116","화","남","40대","서울특별시","구로구","개봉동","중국집","17"
"20180116","화","남","40대","서울특별시","구로구","구로동","중국집","5"
"20180116","화","남","50대","서울특별시","구로구","개봉동","중국집","15"
"20180116","화","남","50대","서울특별시","구로구","구로동","중국집","5"
"20180116","화","남","50대","서울특별시","구로구","신도림동","중국집","5"
"20180116","화","남","60대이상","서울특별시","구로구","개봉동","중국집","14"
"20180116","화","남","10대","서울특별시","구로구","개봉동","중국집","5"
"20180116","화","여","20대","서울특별시","구로구","개봉동","중국집","9"
"20180116","화","남","20대","서울특별시","구로구","신도림동","중국집","5"
"20180116","화","여","20대","서울특별시","구로구","궁동","중국집","5"
"20180116","화","여","30대","서울특별시","구로구","개봉동","중국집","25"
"20180116","화","여","30대","서울특별시","구로구","궁동","중국집","6"
"20180116","화","여","40대","서울특별시","구로구","궁동","중국집","5"
"20180116","화","여","10대","서울특별시","구로구","개봉동","중국집","5"
"20180116","화","여","50대","서울특별시","구로구","개봉동","중국집","24"
"20180116","화","여","50대","서울특별시","구로구","궁동","중국집","5"
"20180116","화","여","40대","서울특별시","구로구","구로동","중국집","5"
"20180116","화","여","60대이상","서울특별시","구로구","개봉동","중국집","11"
"20180116","화","여","40대","서울특별시","구로구","개봉동","중국집","32"
"20180116","화","여","60대이상","서울특별시","구로구","구로동","중국집","5"
"20180116","화","남","20대","서울특별시","구로구","궁동","중국집","5"
"20180116","화","여","60대이상","서울특별시","구로구","궁동","중국집","5"
"20180116","화","남","10대","서울특별시","금천구","시흥동","중국집","5"
"20180116","화","남","20대","서울특별시","금천구","가산동","중국집","7"
"20180116","화","남","10대","서울특별시","금천구","가산동","중국집","5"
"20180116","화","남","20대","서울특별시","금천구","시흥동","중국집","5"
"20180116","화","남","30대","서울특별시","금천구","가산동","중국집","21"
"20180116","화","남","30대","서울특별시","금천구","독산동","중국집","5"
"20180116","화","남","40대","서울특별시","금천구","가산동","중국집","13"
"20180116","화","남","30대","서울특별시","금천구","시흥동","중국집","5"
"20180116","화","남","50대","서울특별시","금천구","시흥동","중국집","5"
"20180116","화","남","50대","서울특별시","금천구","가산동","중국집","9"
"20180116","화","남","60대이상","서울특별시","금천구","독산동","중국집","5"
"20180116","화","남","60대이상","서울특별시","금천구","시흥동","중국집","5"
"20180116","화","여","10대","서울특별시","금천구","가산동","중국집","5"
"20180116","화","여","10대","서울특별시","금천구","시흥동","중국집","5"
"20180116","화","남","40대","서울특별시","금천구","시흥동","중국집","5"
"20180116","화","여","20대","서울특별시","금천구","가산동","중국집","5"
"20180116","화","여","30대","서울특별시","금천구","가산동","중국집","6"
"20180116","화","여","30대","서울특별시","금천구","독산동","중국집","5"
"20180116","화","남","60대이상","서울특별시","금천구","가산동","중국집","8"
"20180116","화","여","30대","서울특별시","금천구","시흥동","중국집","5"
"20180116","화","여","40대","서울특별시","금천구","가산동","중국집","9"
"20180116","화","여","40대","서울특별시","금천구","시흥동","중국집","5"
"20180116","화","남","40대","서울특별시","금천구","독산동","중국집","5"
"20180116","화","여","20대","서울특별시","금천구","시흥동","중국집","5"
"20180116","화","여","50대","서울특별시","금천구","가산동","중국집","5"
"20180116","화","여","50대","서울특별시","금천구","독산동","중국집","5"
"20180116","화","여","20대","서울특별시","금천구","독산동","중국집","5"
"20180116","화","여","50대","서울특별시","금천구","시흥동","중국집","6"
"20180116","화","여","60대이상","서울특별시","금천구","가산동","중국집","5"
"20180116","화","남","50대","서울특별시","금천구","독산동","중국집","5"
"20180116","화","여","60대이상","서울특별시","금천구","시흥동","중국집","5"
"20180116","화","남","10대","서울특별시","노원구","상계동","중국집","14"
"20180116","화","남","20대","서울특별시","노원구","공릉동","중국집","5"
"20180116","화","남","20대","서울특별시","노원구","상계동","중국집","15"
"20180116","화","남","20대","서울특별시","노원구","중계동","중국집","5"
"20180116","화","남","50대","서울특별시","노원구","상계동","중국집","32"
"20180116","화","남","50대","서울특별시","노원구","중계동","중국집","5"
"20180116","화","남","60대이상","서울특별시","노원구","월계동","중국집","5"
"20180116","화","남","40대","서울특별시","노원구","상계동","중국집","60"
"20180116","화","여","10대","서울특별시","노원구","상계동","중국집","6"
"20180116","화","여","10대","서울특별시","노원구","월계동","중국집","5"
"20180116","화","여","10대","서울특별시","노원구","중계동","중국집","5"
"20180116","화","여","20대","서울특별시","노원구","공릉동","중국집","5"
"20180116","화","남","30대","서울특별시","노원구","중계동","중국집","5"
"20180116","화","여","20대","서울특별시","노원구","상계동","중국집","12"
"20180116","화","여","30대","서울특별시","노원구","공릉동","중국집","5"
"20180116","화","여","30대","서울특별시","노원구","상계동","중국집","43"
"20180116","화","남","20대","서울특별시","노원구","월계동","중국집","5"
"20180116","화","여","40대","서울특별시","노원구","공릉동","중국집","5"
"20180116","화","여","40대","서울특별시","노원구","중계동","중국집","5"
"20180116","화","여","50대","서울특별시","노원구","공릉동","중국집","5"
"20180116","화","여","50대","서울특별시","노원구","상계동","중국집","30"
"20180116","화","남","50대","서울특별시","노원구","월계동","중국집","5"
"20180116","화","남","30대","서울특별시","노원구","상계동","중국집","31"
"20180116","화","여","50대","서울특별시","노원구","월계동","중국집","5"
"20180116","화","여","40대","서울특별시","노원구","상계동","중국집","64"
"20180116","화","여","50대","서울특별시","노원구","중계동","중국집","5"
"20180116","화","남","50대","서울특별시","노원구","공릉동","중국집","5"
"20180116","화","여","60대이상","서울특별시","노원구","공릉동","중국집","5"
"20180116","화","남","60대이상","서울특별시","노원구","상계동","중국집","23"
"20180116","화","여","60대이상","서울특별시","노원구","상계동","중국집","26"
"20180116","화","여","20대","서울특별시","노원구","중계동","중국집","5"
"20180116","화","여","60대이상","서울특별시","노원구","월계동","중국집","5"
"20180116","화","남","60대이상","서울특별시","노원구","공릉동","중국집","5"
"20180116","화","여","60대이상","서울특별시","노원구","중계동","중국집","5"
"20180116","화","여","30대","서울특별시","노원구","월계동","중국집","5"
"20180116","화","남","10대","서울특별시","도봉구","도봉동","중국집","5"
"20180116","화","남","10대","서울특별시","도봉구","쌍문동","중국집","5"
"20180116","화","남","20대","서울특별시","도봉구","도봉동","중국집","5"
"20180116","화","남","20대","서울특별시","도봉구","방학동","중국집","5"
"20180116","화","남","30대","서울특별시","도봉구","도봉동","중국집","5"
"20180116","화","남","30대","서울특별시","도봉구","방학동","중국집","5"
"20180116","화","남","30대","서울특별시","도봉구","쌍문동","중국집","5"
"20180116","화","남","40대","서울특별시","도봉구","도봉동","중국집","5"
"20180116","화","남","40대","서울특별시","도봉구","쌍문동","중국집","5"
"20180116","화","남","50대","서울특별시","도봉구","도봉동","중국집","5"
"20180116","화","남","20대","서울특별시","도봉구","쌍문동","중국집","5"
"20180116","화","남","50대","서울특별시","도봉구","쌍문동","중국집","5"
"20180116","화","남","60대이상","서울특별시","도봉구","방학동","중국집","5"
"20180116","화","여","10대","서울특별시","도봉구","쌍문동","중국집","5"
"20180116","화","여","20대","서울특별시","도봉구","도봉동","중국집","5"
"20180116","화","여","20대","서울특별시","도봉구","방학동","중국집","5"
"20180116","화","여","30대","서울특별시","도봉구","도봉동","중국집","5"
"20180116","화","여","30대","서울특별시","도봉구","방학동","중국집","5"
"20180116","화","여","30대","서울특별시","도봉구","쌍문동","중국집","5"
"20180116","화","여","40대","서울특별시","도봉구","방학동","중국집","5"
"20180116","화","여","40대","서울특별시","도봉구","쌍문동","중국집","6"
"20180116","화","남","60대이상","서울특별시","도봉구","쌍문동","중국집","5"
"20180116","화","여","50대","서울특별시","도봉구","쌍문동","중국집","5"
"20180116","화","여","60대이상","서울특별시","도봉구","쌍문동","중국집","5"
"20180116","화","남","10대","서울특별시","동대문구","답십리동","중국집","5"
"20180116","화","남","10대","서울특별시","동대문구","전농동","중국집","5"
"20180116","화","남","10대","서울특별시","동대문구","제기동","중국집","11"
"20180116","화","남","20대","서울특별시","동대문구","답십리동","중국집","5"
"20180116","화","남","20대","서울특별시","동대문구","제기동","중국집","26"
"20180116","화","남","30대","서울특별시","동대문구","장안동","중국집","36"
"20180116","화","남","30대","서울특별시","동대문구","전농동","중국집","5"
"20180116","화","남","30대","서울특별시","동대문구","제기동","중국집","45"
"20180116","화","남","40대","서울특별시","동대문구","전농동","중국집","5"
"20180116","화","남","50대","서울특별시","동대문구","제기동","중국집","28"
"20180116","화","남","60대이상","서울특별시","동대문구","장안동","중국집","18"
"20180116","화","남","50대","서울특별시","동대문구","장안동","중국집","28"
"20180116","화","여","10대","서울특별시","동대문구","제기동","중국집","5"
"20180116","화","여","20대","서울특별시","동대문구","전농동","중국집","5"
"20180116","화","여","20대","서울특별시","동대문구","제기동","중국집","14"
"20180116","화","여","30대","서울특별시","동대문구","장안동","중국집","35"
"20180116","화","남","20대","서울특별시","동대문구","전농동","중국집","5"
"20180116","화","여","30대","서울특별시","동대문구","제기동","중국집","20"
"20180116","화","여","30대","서울특별시","동대문구","전농동","중국집","5"
"20180116","화","여","30대","서울특별시","동대문구","답십리동","중국집","5"
"20180116","화","남","10대","서울특별시","동대문구","장안동","중국집","9"
"20180116","화","여","40대","서울특별시","동대문구","답십리동","중국집","5"
"20180116","화","남","40대","서울특별시","동대문구","제기동","중국집","60"
"20180116","화","남","60대이상","서울특별시","동대문구","전농동","중국집","5"
"20180116","화","여","40대","서울특별시","동대문구","장안동","중국집","51"
"20180116","화","여","20대","서울특별시","동대문구","장안동","중국집","5"
"20180116","화","여","40대","서울특별시","동대문구","제기동","중국집","29"
"20180116","화","남","50대","서울특별시","동대문구","전농동","중국집","5"
"20180116","화","여","50대","서울특별시","동대문구","답십리동","중국집","5"
"20180116","화","여","50대","서울특별시","동대문구","장안동","중국집","25"
"20180116","화","남","20대","서울특별시","동대문구","장안동","중국집","28"
"20180116","화","여","50대","서울특별시","동대문구","제기동","중국집","27"
"20180116","화","남","40대","서울특별시","동대문구","장안동","중국집","47"
"20180116","화","여","50대","서울특별시","동대문구","휘경동","중국집","5"
"20180116","화","여","60대이상","서울특별시","동대문구","장안동","중국집","12"
"20180116","화","여","40대","서울특별시","동대문구","전농동","중국집","5"
"20180116","화","여","60대이상","서울특별시","동대문구","전농동","중국집","5"
"20180116","화","여","60대이상","서울특별시","동대문구","제기동","중국집","21"
"20180116","화","남","60대이상","서울특별시","동대문구","제기동","중국집","34"
"20180116","화","남","10대","서울특별시","동작구","노량진동","중국집","5"
"20180116","화","남","10대","서울특별시","동작구","상도동","중국집","5"
"20180116","화","남","10대","서울특별시","동작구","신대방동","중국집","13"
"20180116","화","남","20대","서울특별시","동작구","노량진동","중국집","5"
"20180116","화","남","20대","서울특별시","동작구","사당동","중국집","5"
"20180116","화","남","20대","서울특별시","동작구","신대방동","중국집","71"
"20180116","화","남","30대","서울특별시","동작구","노량진동","중국집","5"
"20180116","화","남","30대","서울특별시","동작구","대방동","중국집","5"
"20180116","화","남","30대","서울특별시","동작구","사당동","중국집","5"
"20180116","화","남","30대","서울특별시","동작구","상도동","중국집","5"
"20180116","화","남","20대","서울특별시","동작구","본동","중국집","5"
"20180116","화","남","30대","서울특별시","동작구","신대방동","중국집","107"
"20180116","화","남","40대","서울특별시","동작구","본동","중국집","5"
"20180116","화","남","40대","서울특별시","동작구","상도동","중국집","5"
"20180116","화","남","40대","서울특별시","동작구","흑석동","중국집","5"
"20180116","화","남","50대","서울특별시","동작구","사당동","중국집","5"
"20180116","화","남","50대","서울특별시","동작구","신대방동","중국집","49"
"20180116","화","남","50대","서울특별시","동작구","흑석동","중국집","5"
"20180116","화","남","60대이상","서울특별시","동작구","신대방동","중국집","24"
"20180116","화","남","30대","서울특별시","동작구","본동","중국집","5"
"20180116","화","여","10대","서울특별시","동작구","신대방동","중국집","8"
"20180116","화","여","20대","서울특별시","동작구","노량진동","중국집","5"
"20180116","화","여","20대","서울특별시","동작구","사당동","중국집","5"
"20180116","화","여","20대","서울특별시","동작구","상도동","중국집","5"
"20180116","화","여","20대","서울특별시","동작구","신대방동","중국집","37"
"20180116","화","여","20대","서울특별시","동작구","흑석동","중국집","5"
"20180116","화","여","30대","서울특별시","동작구","노량진동","중국집","5"
"20180116","화","남","60대이상","서울특별시","동작구","사당동","중국집","5"
"20180116","화","여","30대","서울특별시","동작구","본동","중국집","5"
"20180116","화","여","30대","서울특별시","동작구","사당동","중국집","5"
"20180116","화","남","40대","서울특별시","동작구","신대방동","중국집","78"
"20180116","화","여","30대","서울특별시","동작구","상도동","중국집","5"
"20180116","화","여","30대","서울특별시","동작구","신대방동","중국집","54"
"20180116","화","여","40대","서울특별시","동작구","노량진동","중국집","5"
"20180116","화","여","10대","서울특별시","동작구","상도동","중국집","5"
"20180116","화","여","40대","서울특별시","동작구","사당동","중국집","5"
"20180116","화","여","40대","서울특별시","동작구","상도동","중국집","5"
"20180116","화","여","40대","서울특별시","동작구","신대방동","중국집","85"
"20180116","화","여","50대","서울특별시","동작구","상도동","중국집","5"
"20180116","화","여","50대","서울특별시","동작구","신대방동","중국집","49"
"20180116","화","여","60대이상","서울특별시","동작구","본동","중국집","5"
"20180116","화","여","40대","서울특별시","동작구","대방동","중국집","5"
"20180116","화","여","60대이상","서울특별시","동작구","상도동","중국집","5"
"20180116","화","여","60대이상","서울특별시","동작구","신대방동","중국집","25"
"20180116","화","여","60대이상","서울특별시","동작구","노량진동","중국집","5"
"20180116","화","남","10대","서울특별시","마포구","상암동","중국집","5"
"20180116","화","남","20대","서울특별시","마포구","상암동","중국집","8"
"20180116","화","남","20대","서울특별시","마포구","합정동","중국집","14"
"20180116","화","남","30대","서울특별시","마포구","마포동","중국집","5"
"20180116","화","남","30대","서울특별시","마포구","망원동","중국집","5"
"20180116","화","남","30대","서울특별시","마포구","상암동","중국집","8"
"20180116","화","남","30대","서울특별시","마포구","염리동","중국집","5"
"20180116","화","남","30대","서울특별시","마포구","창전동","중국집","5"
"20180116","화","남","40대","서울특별시","마포구","대흥동","중국집","5"
"20180116","화","남","40대","서울특별시","마포구","서교동","중국집","5"
"20180116","화","남","40대","서울특별시","마포구","신공덕동","중국집","5"
"20180116","화","남","40대","서울특별시","마포구","신수동","중국집","5"
"20180116","화","남","40대","서울특별시","마포구","염리동","중국집","5"
"20180116","화","남","40대","서울특별시","마포구","합정동","중국집","19"
"20180116","화","남","50대","서울특별시","마포구","상암동","중국집","13"
"20180116","화","남","50대","서울특별시","마포구","합정동","중국집","7"
"20180116","화","남","60대이상","서울특별시","마포구","마포동","중국집","5"
"20180116","화","남","60대이상","서울특별시","마포구","상암동","중국집","8"
"20180116","화","남","60대이상","서울특별시","마포구","서교동","중국집","5"
"20180116","화","남","60대이상","서울특별시","마포구","창전동","중국집","5"
"20180116","화","남","60대이상","서울특별시","마포구","대흥동","중국집","5"
"20180116","화","남","30대","서울특별시","마포구","신공덕동","중국집","5"
"20180116","화","여","10대","서울특별시","마포구","마포동","중국집","5"
"20180116","화","남","40대","서울특별시","마포구","공덕동","중국집","5"
"20180116","화","여","10대","서울특별시","마포구","상암동","중국집","5"
"20180116","화","여","10대","서울특별시","마포구","신수동","중국집","5"
"20180116","화","남","20대","서울특별시","마포구","마포동","중국집","5"
"20180116","화","여","20대","서울특별시","마포구","마포동","중국집","5"
"20180116","화","남","10대","서울특별시","마포구","합정동","중국집","5"
"20180116","화","여","20대","서울특별시","마포구","상암동","중국집","6"
"20180116","화","여","20대","서울특별시","마포구","염리동","중국집","5"
"20180116","화","여","20대","서울특별시","마포구","합정동","중국집","5"
"20180116","화","남","50대","서울특별시","마포구","망원동","중국집","5"
"20180116","화","여","30대","서울특별시","마포구","공덕동","중국집","5"
"20180116","화","여","30대","서울특별시","마포구","대흥동","중국집","5"
"20180116","화","여","30대","서울특별시","마포구","마포동","중국집","5"
"20180116","화","남","40대","서울특별시","마포구","상암동","중국집","15"
"20180116","화","여","30대","서울특별시","마포구","신공덕동","중국집","5"
"20180116","화","남","10대","서울특별시","마포구","대흥동","중국집","5"
"20180116","화","남","50대","서울특별시","마포구","신공덕동","중국집","5"
"20180116","화","여","30대","서울특별시","마포구","염리동","중국집","5"
"20180116","화","남","60대이상","서울특별시","마포구","신공덕동","중국집","5"
"20180116","화","여","40대","서울특별시","마포구","상암동","중국집","31"
"20180116","화","여","40대","서울특별시","마포구","신공덕동","중국집","5"
"20180116","화","여","10대","서울특별시","마포구","합정동","중국집","5"
"20180116","화","남","40대","서울특별시","마포구","창전동","중국집","5"
"20180116","화","여","40대","서울특별시","마포구","아현동","중국집","5"
"20180116","화","남","60대이상","서울특별시","마포구","합정동","중국집","5"
"20180116","화","여","30대","서울특별시","마포구","아현동","중국집","5"
"20180116","화","여","40대","서울특별시","마포구","창전동","중국집","5"
"20180116","화","남","60대이상","서울특별시","마포구","염리동","중국집","5"
"20180116","화","여","30대","서울특별시","마포구","창전동","중국집","5"
"20180116","화","여","40대","서울특별시","마포구","합정동","중국집","9"
"20180116","화","남","20대","서울특별시","마포구","염리동","중국집","5"
"20180116","화","여","50대","서울특별시","마포구","망원동","중국집","5"
"20180116","화","남","30대","서울특별시","마포구","노고산동","중국집","5"
"20180116","화","여","40대","서울특별시","마포구","마포동","중국집","5"
"20180116","화","여","50대","서울특별시","마포구","상암동","중국집","15"
"20180116","화","여","50대","서울특별시","마포구","염리동","중국집","5"
"20180116","화","여","50대","서울특별시","마포구","창전동","중국집","5"
"20180116","화","여","50대","서울특별시","마포구","합정동","중국집","5"
"20180116","화","여","60대이상","서울특별시","마포구","공덕동","중국집","5"
"20180116","화","남","30대","서울특별시","마포구","합정동","중국집","11"
"20180116","화","여","30대","서울특별시","마포구","합정동","중국집","11"
"20180116","화","여","60대이상","서울특별시","마포구","대흥동","중국집","5"
"20180116","화","여","60대이상","서울특별시","마포구","마포동","중국집","5"
"20180116","화","여","60대이상","서울특별시","마포구","상암동","중국집","5"
"20180116","화","남","20대","서울특별시","마포구","신수동","중국집","5"
"20180116","화","남","30대","서울특별시","마포구","대흥동","중국집","5"
"20180116","화","여","30대","서울특별시","마포구","상암동","중국집","18"
"20180116","화","여","60대이상","서울특별시","마포구","신공덕동","중국집","5"
"20180116","화","여","50대","서울특별시","마포구","마포동","중국집","5"
"20180116","화","여","60대이상","서울특별시","마포구","아현동","중국집","5"
"20180116","화","여","60대이상","서울특별시","마포구","합정동","중국집","5"
"20180116","화","여","40대","서울특별시","마포구","대흥동","중국집","5"
"20180116","화","남","10대","서울특별시","서대문구","연희동","중국집","5"
"20180116","화","남","10대","서울특별시","서대문구","창천동","중국집","8"
"20180116","화","남","20대","서울특별시","서대문구","홍은동","중국집","5"
"20180116","화","남","20대","서울특별시","서대문구","홍제동","중국집","13"
"20180116","화","남","30대","서울특별시","서대문구","연희동","중국집","33"
"20180116","화","남","30대","서울특별시","서대문구","창천동","중국집","31"
"20180116","화","남","30대","서울특별시","서대문구","홍제동","중국집","26"
"20180116","화","남","40대","서울특별시","서대문구","창천동","중국집","33"
"20180116","화","남","40대","서울특별시","서대문구","홍제동","중국집","24"
"20180116","화","남","50대","서울특별시","서대문구","남가좌동","중국집","5"
"20180116","화","남","50대","서울특별시","서대문구","북가좌동","중국집","5"
"20180116","화","남","50대","서울특별시","서대문구","연희동","중국집","23"
"20180116","화","남","50대","서울특별시","서대문구","창천동","중국집","22"
"20180116","화","남","60대이상","서울특별시","서대문구","남가좌동","중국집","5"
"20180116","화","남","60대이상","서울특별시","서대문구","북가좌동","중국집","5"
"20180116","화","남","60대이상","서울특별시","서대문구","창천동","중국집","15"
"20180116","화","남","60대이상","서울특별시","서대문구","홍제동","중국집","13"
"20180116","화","여","10대","서울특별시","서대문구","연희동","중국집","5"
"20180116","화","남","40대","서울특별시","서대문구","연희동","중국집","23"
"20180116","화","여","10대","서울특별시","서대문구","창천동","중국집","5"
"20180116","화","여","20대","서울특별시","서대문구","북아현동","중국집","5"
"20180116","화","남","30대","서울특별시","서대문구","남가좌동","중국집","5"
"20180116","화","여","20대","서울특별시","서대문구","충정로2가","중국집","5"
"20180116","화","여","20대","서울특별시","서대문구","충정로3가","중국집","5"
"20180116","화","여","20대","서울특별시","서대문구","홍제동","중국집","10"
"20180116","화","남","60대이상","서울특별시","서대문구","연희동","중국집","18"
"20180116","화","남","60대이상","서울특별시","서대문구","충정로3가","중국집","5"
"20180116","화","여","30대","서울특별시","서대문구","북가좌동","중국집","5"
"20180116","화","여","30대","서울특별시","서대문구","연희동","중국집","30"
"20180116","화","남","20대","서울특별시","서대문구","충정로3가","중국집","5"
"20180116","화","남","20대","서울특별시","서대문구","연희동","중국집","27"
"20180116","화","여","30대","서울특별시","서대문구","창천동","중국집","20"
"20180116","화","남","50대","서울특별시","서대문구","홍은동","중국집","5"
"20180116","화","여","30대","서울특별시","서대문구","충정로3가","중국집","5"
"20180116","화","여","20대","서울특별시","서대문구","창천동","중국집","8"
"20180116","화","여","30대","서울특별시","서대문구","홍제동","중국집","20"
"20180116","화","여","10대","서울특별시","서대문구","홍제동","중국집","5"
"20180116","화","여","40대","서울특별시","서대문구","연희동","중국집","29"
"20180116","화","남","10대","서울특별시","서대문구","북가좌동","중국집","5"
"20180116","화","여","40대","서울특별시","서대문구","충정로3가","중국집","5"
"20180116","화","여","20대","서울특별시","서대문구","연희동","중국집","22"
"20180116","화","여","40대","서울특별시","서대문구","홍은동","중국집","5"
"20180116","화","여","40대","서울특별시","서대문구","홍제동","중국집","32"
"20180116","화","여","50대","서울특별시","서대문구","연희동","중국집","15"
"20180116","화","남","50대","서울특별시","서대문구","홍제동","중국집","21"
"20180116","화","여","50대","서울특별시","서대문구","창천동","중국집","17"
"20180116","화","남","10대","서울특별시","서대문구","홍은동","중국집","5"
"20180116","화","남","50대","서울특별시","서대문구","충정로3가","중국집","5"
"20180116","화","여","50대","서울특별시","서대문구","홍제동","중국집","11"
"20180116","화","여","60대이상","서울특별시","서대문구","연희동","중국집","11"
"20180116","화","남","20대","서울특별시","서대문구","창천동","중국집","17"
"20180116","화","여","60대이상","서울특별시","서대문구","창천동","중국집","21"
"20180116","화","남","40대","서울특별시","서대문구","충정로3가","중국집","5"
"20180116","화","여","50대","서울특별시","서대문구","충정로3가","중국집","5"
"20180116","화","여","40대","서울특별시","서대문구","창천동","중국집","33"
"20180116","화","남","10대","서울특별시","서대문구","홍제동","중국집","5"
"20180116","화","여","60대이상","서울특별시","서대문구","홍은동","중국집","5"
"20180116","화","여","60대이상","서울특별시","서대문구","홍제동","중국집","14"
"20180116","화","남","10대","서울특별시","서초구","반포동","중국집","5"
"20180116","화","남","10대","서울특별시","서초구","양재동","중국집","5"
"20180116","화","남","20대","서울특별시","서초구","내곡동","중국집","5"
"20180116","화","남","20대","서울특별시","서초구","반포동","중국집","5"
"20180116","화","남","20대","서울특별시","서초구","서초동","중국집","8"
"20180116","화","남","20대","서울특별시","서초구","양재동","중국집","16"
"20180116","화","남","30대","서울특별시","서초구","양재동","중국집","38"
"20180116","화","남","30대","서울특별시","서초구","잠원동","중국집","5"
"20180116","화","남","40대","서울특별시","서초구","반포동","중국집","10"
"20180116","화","남","40대","서울특별시","서초구","양재동","중국집","34"
"20180116","화","남","50대","서울특별시","서초구","서초동","중국집","6"
"20180116","화","남","60대이상","서울특별시","서초구","내곡동","중국집","5"
"20180116","화","남","40대","서울특별시","서초구","서초동","중국집","15"
"20180116","화","남","60대이상","서울특별시","서초구","반포동","중국집","12"
"20180116","화","남","50대","서울특별시","서초구","방배동","중국집","33"
"20180116","화","남","10대","서울특별시","서초구","방배동","중국집","8"
"20180116","화","남","60대이상","서울특별시","서초구","방배동","중국집","43"
"20180116","화","남","60대이상","서울특별시","서초구","서초동","중국집","5"
"20180116","화","남","60대이상","서울특별시","서초구","양재동","중국집","8"
"20180116","화","남","60대이상","서울특별시","서초구","잠원동","중국집","5"
"20180116","화","여","10대","서울특별시","서초구","반포동","중국집","5"
"20180116","화","여","10대","서울특별시","서초구","방배동","중국집","5"
"20180116","화","남","30대","서울특별시","서초구","서초동","중국집","11"
"20180116","화","여","10대","서울특별시","서초구","양재동","중국집","5"
"20180116","화","여","20대","서울특별시","서초구","내곡동","중국집","5"
"20180116","화","여","20대","서울특별시","서초구","반포동","중국집","5"
"20180116","화","여","20대","서울특별시","서초구","방배동","중국집","24"
"20180116","화","여","20대","서울특별시","서초구","서초동","중국집","5"
"20180116","화","남","20대","서울특별시","서초구","방배동","중국집","28"
"20180116","화","여","20대","서울특별시","서초구","양재동","중국집","9"
"20180116","화","여","30대","서울특별시","서초구","내곡동","중국집","5"
"20180116","화","여","30대","서울특별시","서초구","반포동","중국집","11"
"20180116","화","남","40대","서울특별시","서초구","방배동","중국집","43"
"20180116","화","여","30대","서울특별시","서초구","방배동","중국집","48"
"20180116","화","여","30대","서울특별시","서초구","서초동","중국집","5"
"20180116","화","남","50대","서울특별시","서초구","반포동","중국집","10"
"20180116","화","여","30대","서울특별시","서초구","양재동","중국집","25"
"20180116","화","여","40대","서울특별시","서초구","반포동","중국집","26"
"20180116","화","여","40대","서울특별시","서초구","방배동","중국집","57"
"20180116","화","여","40대","서울특별시","서초구","서초동","중국집","10"
"20180116","화","여","40대","서울특별시","서초구","양재동","중국집","21"
"20180116","화","여","50대","서울특별시","서초구","반포동","중국집","7"
"20180116","화","남","30대","서울특별시","서초구","반포동","중국집","9"
"20180116","화","여","50대","서울특별시","서초구","방배동","중국집","42"
"20180116","화","여","50대","서울특별시","서초구","서초동","중국집","7"
"20180116","화","남","40대","서울특별시","서초구","내곡동","중국집","6"
"20180116","화","남","30대","서울특별시","서초구","내곡동","중국집","5"
"20180116","화","여","50대","서울특별시","서초구","양재동","중국집","12"
"20180116","화","여","50대","서울특별시","서초구","잠원동","중국집","5"
"20180116","화","여","60대이상","서울특별시","서초구","반포동","중국집","5"
"20180116","화","여","60대이상","서울특별시","서초구","방배동","중국집","28"
"20180116","화","남","50대","서울특별시","서초구","양재동","중국집","23"
"20180116","화","여","60대이상","서울특별시","서초구","서초동","중국집","5"
"20180116","화","여","60대이상","서울특별시","서초구","양재동","중국집","11"
"20180116","화","남","30대","서울특별시","서초구","방배동","중국집","44"
"20180116","화","남","50대","서울특별시","서초구","내곡동","중국집","5"
"20180116","화","남","30대","서울특별시","성동구","성수동2가","중국집","85"
"20180116","화","남","30대","서울특별시","성동구","옥수동","중국집","20"
"20180116","화","남","40대","서울특별시","성동구","성수동2가","중국집","83"
"20180116","화","남","20대","서울특별시","성동구","옥수동","중국집","11"
"20180116","화","남","40대","서울특별시","성동구","옥수동","중국집","32"
"20180116","화","남","50대","서울특별시","성동구","성수동2가","중국집","55"
"20180116","화","남","60대이상","서울특별시","성동구","성수동2가","중국집","34"
"20180116","화","남","60대이상","서울특별시","성동구","옥수동","중국집","13"
"20180116","화","여","10대","서울특별시","성동구","옥수동","중국집","5"
"20180116","화","남","10대","서울특별시","성동구","성수동2가","중국집","10"
"20180116","화","여","20대","서울특별시","성동구","성수동2가","중국집","26"
"20180116","화","여","20대","서울특별시","성동구","옥수동","중국집","5"
"20180116","화","여","30대","서울특별시","성동구","성수동2가","중국집","46"
"20180116","화","여","30대","서울특별시","성동구","옥수동","중국집","17"
"20180116","화","여","10대","서울특별시","성동구","성수동2가","중국집","5"
"20180116","화","여","40대","서울특별시","성동구","성수동2가","중국집","60"
"20180116","화","여","40대","서울특별시","성동구","옥수동","중국집","11"
"20180116","화","여","50대","서울특별시","성동구","성수동2가","중국집","33"
"20180116","화","여","50대","서울특별시","성동구","옥수동","중국집","21"
"20180116","화","여","60대이상","서울특별시","성동구","성수동2가","중국집","29"
"20180116","화","남","10대","서울특별시","성동구","옥수동","중국집","5"
"20180116","화","남","50대","서울특별시","성동구","옥수동","중국집","18"
"20180116","화","여","60대이상","서울특별시","성동구","옥수동","중국집","10"
"20180116","화","여","40대","서울특별시","성동구","마장동","중국집","5"
"20180116","화","남","20대","서울특별시","성동구","성수동2가","중국집","72"
"20180116","화","남","10대","서울특별시","성북구","하월곡동","중국집","5"
"20180116","화","남","20대","서울특별시","성북구","동선동2가","중국집","21"
"20180116","화","남","20대","서울특별시","성북구","동선동3가","중국집","5"
"20180116","화","남","20대","서울특별시","성북구","정릉동","중국집","5"
"20180116","화","남","20대","서울특별시","성북구","종암동","중국집","5"
"20180116","화","남","30대","서울특별시","성북구","삼선동5가","중국집","5"
"20180116","화","남","40대","서울특별시","성북구","동선동2가","중국집","47"
"20180116","화","남","30대","서울특별시","성북구","동선동2가","중국집","27"
"20180116","화","남","40대","서울특별시","성북구","삼선동5가","중국집","5"
"20180116","화","남","40대","서울특별시","성북구","종암동","중국집","5"
"20180116","화","남","40대","서울특별시","성북구","하월곡동","중국집","5"
"20180116","화","남","20대","서울특별시","성북구","삼선동5가","중국집","5"
"20180116","화","남","50대","서울특별시","성북구","동선동2가","중국집","32"
"20180116","화","남","30대","서울특별시","성북구","종암동","중국집","5"
"20180116","화","남","50대","서울특별시","성북구","정릉동","중국집","5"
"20180116","화","남","60대이상","서울특별시","성북구","동선동2가","중국집","15"
"20180116","화","남","40대","서울특별시","성북구","성북동","중국집","5"
"20180116","화","남","60대이상","서울특별시","성북구","삼선동5가","중국집","5"
"20180116","화","남","60대이상","서울특별시","성북구","정릉동","중국집","5"
"20180116","화","남","60대이상","서울특별시","성북구","종암동","중국집","5"
"20180116","화","남","20대","서울특별시","성북구","하월곡동","중국집","5"
"20180116","화","여","10대","서울특별시","성북구","하월곡동","중국집","5"
"20180116","화","여","20대","서울특별시","성북구","삼선동5가","중국집","5"
"20180116","화","여","20대","서울특별시","성북구","하월곡동","중국집","5"
"20180116","화","여","30대","서울특별시","성북구","동선동2가","중국집","28"
"20180116","화","남","50대","서울특별시","성북구","길음동","중국집","5"
"20180116","화","남","50대","서울특별시","성북구","하월곡동","중국집","5"
"20180116","화","여","30대","서울특별시","성북구","삼선동5가","중국집","5"
"20180116","화","여","30대","서울특별시","성북구","장위동","중국집","5"
"20180116","화","여","40대","서울특별시","성북구","길음동","중국집","5"
"20180116","화","여","40대","서울특별시","성북구","동선동2가","중국집","35"
"20180116","화","여","40대","서울특별시","성북구","정릉동","중국집","5"
"20180116","화","남","30대","서울특별시","성북구","하월곡동","중국집","5"
"20180116","화","여","40대","서울특별시","성북구","하월곡동","중국집","5"
"20180116","화","남","50대","서울특별시","성북구","성북동","중국집","5"
"20180116","화","여","50대","서울특별시","성북구","동선동2가","중국집","28"
"20180116","화","남","10대","서울특별시","성북구","동선동2가","중국집","5"
"20180116","화","여","50대","서울특별시","성북구","종암동","중국집","5"
"20180116","화","남","50대","서울특별시","성북구","삼선동5가","중국집","5"
"20180116","화","여","30대","서울특별시","성북구","하월곡동","중국집","5"
"20180116","화","여","50대","서울특별시","성북구","하월곡동","중국집","5"
"20180116","화","남","30대","서울특별시","성북구","정릉동","중국집","5"
"20180116","화","여","60대이상","서울특별시","성북구","동선동2가","중국집","11"
"20180116","화","여","60대이상","서울특별시","성북구","삼선동5가","중국집","5"
"20180116","화","여","60대이상","서울특별시","성북구","하월곡동","중국집","5"
"20180116","화","여","60대이상","서울특별시","성북구","정릉동","중국집","5"
"20180116","화","여","50대","서울특별시","성북구","정릉동","중국집","5"
"20180116","화","여","20대","서울특별시","성북구","동선동2가","중국집","9"
"20180116","화","남","10대","서울특별시","송파구","가락동","중국집","5"
"20180116","화","남","20대","서울특별시","송파구","방이동","중국집","5"
"20180116","화","남","20대","서울특별시","송파구","송파동","중국집","34"
"20180116","화","남","30대","서울특별시","송파구","가락동","중국집","7"
"20180116","화","남","30대","서울특별시","송파구","풍납동","중국집","5"
"20180116","화","남","40대","서울특별시","송파구","가락동","중국집","12"
"20180116","화","남","40대","서울특별시","송파구","송파동","중국집","73"
"20180116","화","남","50대","서울특별시","송파구","가락동","중국집","10"
"20180116","화","남","50대","서울특별시","송파구","송파동","중국집","53"
"20180116","화","남","60대이상","서울특별시","송파구","가락동","중국집","5"
"20180116","화","남","60대이상","서울특별시","송파구","마천동","중국집","5"
"20180116","화","남","60대이상","서울특별시","송파구","송파동","중국집","37"
"20180116","화","여","10대","서울특별시","송파구","가락동","중국집","5"
"20180116","화","여","10대","서울특별시","송파구","송파동","중국집","5"
"20180116","화","여","20대","서울특별시","송파구","방이동","중국집","5"
"20180116","화","여","30대","서울특별시","송파구","가락동","중국집","6"
"20180116","화","남","10대","서울특별시","송파구","송파동","중국집","11"
"20180116","화","여","30대","서울특별시","송파구","마천동","중국집","5"
"20180116","화","남","60대이상","서울특별시","송파구","신천동","중국집","5"
"20180116","화","여","30대","서울특별시","송파구","송파동","중국집","51"
"20180116","화","여","30대","서울특별시","송파구","풍납동","중국집","5"
"20180116","화","남","20대","서울특별시","송파구","가락동","중국집","7"
"20180116","화","남","30대","서울특별시","송파구","송파동","중국집","78"
"20180116","화","여","40대","서울특별시","송파구","가락동","중국집","13"
"20180116","화","여","40대","서울특별시","송파구","방이동","중국집","5"
"20180116","화","여","20대","서울특별시","송파구","가락동","중국집","5"
"20180116","화","여","40대","서울특별시","송파구","송파동","중국집","81"
"20180116","화","여","40대","서울특별시","송파구","풍납동","중국집","5"
"20180116","화","여","50대","서울특별시","송파구","가락동","중국집","5"
"20180116","화","여","20대","서울특별시","송파구","송파동","중국집","16"
"20180116","화","여","50대","서울특별시","송파구","마천동","중국집","5"
"20180116","화","여","50대","서울특별시","송파구","송파동","중국집","48"
"20180116","화","남","40대","서울특별시","송파구","풍납동","중국집","5"
"20180116","화","남","10대","서울특별시","송파구","방이동","중국집","5"
"20180116","화","여","60대이상","서울특별시","송파구","가락동","중국집","5"
"20180116","화","여","60대이상","서울특별시","송파구","송파동","중국집","35"
"20180116","화","남","10대","서울특별시","양천구","목동","중국집","5"
"20180116","화","남","10대","서울특별시","양천구","신정동","중국집","5"
"20180116","화","남","20대","서울특별시","양천구","신정동","중국집","11"
"20180116","화","남","30대","서울특별시","양천구","목동","중국집","5"
"20180116","화","남","30대","서울특별시","양천구","신월동","중국집","5"
"20180116","화","남","40대","서울특별시","양천구","목동","중국집","5"
"20180116","화","남","40대","서울특별시","양천구","신월동","중국집","5"
"20180116","화","남","50대","서울특별시","양천구","신월동","중국집","6"
"20180116","화","남","50대","서울특별시","양천구","신정동","중국집","11"
"20180116","화","남","20대","서울특별시","양천구","목동","중국집","5"
"20180116","화","남","60대이상","서울특별시","양천구","신정동","중국집","5"
"20180116","화","남","10대","서울특별시","양천구","신월동","중국집","5"
"20180116","화","여","10대","서울특별시","양천구","신정동","중국집","5"
"20180116","화","여","20대","서울특별시","양천구","목동","중국집","5"
"20180116","화","여","20대","서울특별시","양천구","신월동","중국집","5"
"20180116","화","여","30대","서울특별시","양천구","목동","중국집","5"
"20180116","화","여","30대","서울특별시","양천구","신정동","중국집","10"
"20180116","화","여","20대","서울특별시","양천구","신정동","중국집","5"
"20180116","화","남","30대","서울특별시","양천구","신정동","중국집","11"
"20180116","화","남","40대","서울특별시","양천구","신정동","중국집","9"
"20180116","화","여","40대","서울특별시","양천구","목동","중국집","5"
"20180116","화","여","10대","서울특별시","양천구","신월동","중국집","5"
"20180116","화","여","30대","서울특별시","양천구","신월동","중국집","5"
"20180116","화","여","40대","서울특별시","양천구","신월동","중국집","6"
"20180116","화","여","40대","서울특별시","양천구","신정동","중국집","30"
"20180116","화","여","50대","서울특별시","양천구","목동","중국집","5"
"20180116","화","남","60대이상","서울특별시","양천구","신월동","중국집","5"
"20180116","화","여","50대","서울특별시","양천구","신정동","중국집","7"
"20180116","화","여","60대이상","서울특별시","양천구","신정동","중국집","9"
"20180116","화","남","20대","서울특별시","양천구","신월동","중국집","5"
"20180116","화","남","10대","서울특별시","영등포구","문래동2가","중국집","5"
"20180116","화","남","10대","서울특별시","영등포구","문래동3가","중국집","5"
"20180116","화","남","10대","서울특별시","영등포구","여의도동","중국집","5"
"20180116","화","남","20대","서울특별시","영등포구","대림동","중국집","5"
"20180116","화","남","30대","서울특별시","영등포구","대림동","중국집","5"
"20180116","화","남","30대","서울특별시","영등포구","문래동3가","중국집","27"
"20180116","화","남","30대","서울특별시","영등포구","여의도동","중국집","24"
"20180116","화","남","40대","서울특별시","영등포구","대림동","중국집","5"
"20180116","화","남","20대","서울특별시","영등포구","여의도동","중국집","13"
"20180116","화","남","40대","서울특별시","영등포구","문래동2가","중국집","20"
"20180116","화","남","40대","서울특별시","영등포구","여의도동","중국집","54"
"20180116","화","남","40대","서울특별시","영등포구","영등포동1가","중국집","5"
"20180116","화","남","20대","서울특별시","영등포구","문래동2가","중국집","5"
"20180116","화","남","50대","서울특별시","영등포구","문래동2가","중국집","11"
"20180116","화","남","50대","서울특별시","영등포구","문래동3가","중국집","27"
"20180116","화","남","50대","서울특별시","영등포구","신길동","중국집","5"
"20180116","화","남","50대","서울특별시","영등포구","여의도동","중국집","31"
"20180116","화","남","50대","서울특별시","영등포구","영등포동1가","중국집","5"
"20180116","화","남","60대이상","서울특별시","영등포구","신길동","중국집","5"
"20180116","화","남","60대이상","서울특별시","영등포구","여의도동","중국집","14"
"20180116","화","남","60대이상","서울특별시","영등포구","대림동","중국집","5"
"20180116","화","남","60대이상","서울특별시","영등포구","문래동3가","중국집","15"
"20180116","화","여","10대","서울특별시","영등포구","문래동3가","중국집","5"
"20180116","화","여","20대","서울특별시","영등포구","문래동2가","중국집","5"
"20180116","화","여","20대","서울특별시","영등포구","문래동3가","중국집","7"
"20180116","화","여","20대","서울특별시","영등포구","신길동","중국집","5"
"20180116","화","남","20대","서울특별시","영등포구","영등포동8가","중국집","5"
"20180116","화","남","20대","서울특별시","영등포구","영등포동1가","중국집","5"
"20180116","화","여","20대","서울특별시","영등포구","여의도동","중국집","13"
"20180116","화","여","30대","서울특별시","영등포구","대림동","중국집","5"
"20180116","화","여","30대","서울특별시","영등포구","문래동2가","중국집","15"
"20180116","화","여","30대","서울특별시","영등포구","문래동3가","중국집","14"
"20180116","화","남","30대","서울특별시","영등포구","영등포동1가","중국집","5"
"20180116","화","여","30대","서울특별시","영등포구","신길동","중국집","5"
"20180116","화","여","30대","서울특별시","영등포구","여의도동","중국집","11"
"20180116","화","여","30대","서울특별시","영등포구","영등포동7가","중국집","5"
"20180116","화","남","10대","서울특별시","영등포구","대림동","중국집","5"
"20180116","화","여","40대","서울특별시","영등포구","당산동6가","중국집","5"
"20180116","화","남","40대","서울특별시","영등포구","문래동3가","중국집","26"
"20180116","화","남","60대이상","서울특별시","영등포구","영등포동1가","중국집","5"
"20180116","화","남","30대","서울특별시","영등포구","당산동6가","중국집","5"
"20180116","화","여","40대","서울특별시","영등포구","대림동","중국집","5"
"20180116","화","남","30대","서울특별시","영등포구","문래동2가","중국집","23"
"20180116","화","여","30대","서울특별시","영등포구","영등포동1가","중국집","5"
"20180116","화","여","40대","서울특별시","영등포구","문래동2가","중국집","19"
"20180116","화","여","40대","서울특별시","영등포구","문래동3가","중국집","19"
"20180116","화","남","60대이상","서울특별시","영등포구","문래동2가","중국집","5"
"20180116","화","여","40대","서울특별시","영등포구","여의도동","중국집","22"
"20180116","화","남","20대","서울특별시","영등포구","문래동3가","중국집","8"
"20180116","화","여","40대","서울특별시","영등포구","영등포동1가","중국집","5"
"20180116","화","여","50대","서울특별시","영등포구","문래동3가","중국집","9"
"20180116","화","여","50대","서울특별시","영등포구","여의도동","중국집","7"
"20180116","화","여","60대이상","서울특별시","영등포구","당산동6가","중국집","5"
"20180116","화","여","60대이상","서울특별시","영등포구","대림동","중국집","5"
"20180116","화","여","50대","서울특별시","영등포구","문래동2가","중국집","11"
"20180116","화","여","60대이상","서울특별시","영등포구","문래동2가","중국집","11"
"20180116","화","여","60대이상","서울특별시","영등포구","문래동3가","중국집","8"
"20180116","화","여","60대이상","서울특별시","영등포구","여의도동","중국집","7"
"20180116","화","여","10대","서울특별시","영등포구","문래동2가","중국집","5"
"20180116","화","남","10대","서울특별시","용산구","보광동","중국집","5"
"20180116","화","남","10대","서울특별시","용산구","후암동","중국집","5"
"20180116","화","남","20대","서울특별시","용산구","원효로4가","중국집","5"
"20180116","화","남","30대","서울특별시","용산구","도원동","중국집","5"
"20180116","화","남","30대","서울특별시","용산구","동자동","중국집","5"
"20180116","화","남","30대","서울특별시","용산구","신계동","중국집","5"
"20180116","화","남","30대","서울특별시","용산구","이태원동","중국집","5"
"20180116","화","남","30대","서울특별시","용산구","한남동","중국집","5"
"20180116","화","남","40대","서울특별시","용산구","한강로3가","중국집","29"
"20180116","화","남","40대","서울특별시","용산구","후암동","중국집","39"
"20180116","화","남","50대","서울특별시","용산구","동자동","중국집","5"
"20180116","화","남","50대","서울특별시","용산구","원효로4가","중국집","5"
"20180116","화","남","20대","서울특별시","용산구","후암동","중국집","6"
"20180116","화","남","20대","서울특별시","용산구","보광동","중국집","5"
"20180116","화","남","50대","서울특별시","용산구","한강로3가","중국집","19"
"20180116","화","남","50대","서울특별시","용산구","후암동","중국집","30"
"20180116","화","남","20대","서울특별시","용산구","한강로3가","중국집","17"
"20180116","화","남","60대이상","서울특별시","용산구","보광동","중국집","5"
"20180116","화","남","40대","서울특별시","용산구","신계동","중국집","5"
"20180116","화","남","40대","서울특별시","용산구","한남동","중국집","5"
"20180116","화","남","60대이상","서울특별시","용산구","이촌동","중국집","5"
"20180116","화","남","60대이상","서울특별시","용산구","이태원동","중국집","5"
"20180116","화","남","50대","서울특별시","용산구","신계동","중국집","5"
"20180116","화","남","20대","서울특별시","용산구","이촌동","중국집","5"
"20180116","화","남","60대이상","서울특별시","용산구","한남동","중국집","5"
"20180116","화","남","60대이상","서울특별시","용산구","후암동","중국집","20"
"20180116","화","남","40대","서울특별시","용산구","동자동","중국집","5"
"20180116","화","여","20대","서울특별시","용산구","보광동","중국집","5"
"20180116","화","남","30대","서울특별시","용산구","이촌동","중국집","5"
"20180116","화","여","10대","서울특별시","용산구","후암동","중국집","5"
"20180116","화","남","60대이상","서울특별시","용산구","한강로3가","중국집","14"
"20180116","화","여","20대","서울특별시","용산구","원효로4가","중국집","5"
"20180116","화","여","20대","서울특별시","용산구","이촌동","중국집","5"
"20180116","화","남","30대","서울특별시","용산구","보광동","중국집","7"
"20180116","화","남","30대","서울특별시","용산구","원효로4가","중국집","5"
"20180116","화","여","20대","서울특별시","용산구","한강로1가","중국집","5"
"20180116","화","여","20대","서울특별시","용산구","한강로3가","중국집","5"
"20180116","화","여","30대","서울특별시","용산구","보광동","중국집","5"
"20180116","화","남","60대이상","서울특별시","용산구","신계동","중국집","5"
"20180116","화","남","20대","서울특별시","용산구","이태원동","중국집","5"
"20180116","화","여","30대","서울특별시","용산구","도원동","중국집","5"
"20180116","화","여","30대","서울특별시","용산구","신계동","중국집","5"
"20180116","화","여","30대","서울특별시","용산구","원효로4가","중국집","5"
"20180116","화","남","50대","서울특별시","용산구","보광동","중국집","5"
"20180116","화","여","30대","서울특별시","용산구","한남동","중국집","5"
"20180116","화","남","40대","서울특별시","용산구","이촌동","중국집","5"
"20180116","화","여","30대","서울특별시","용산구","이태원동","중국집","5"
"20180116","화","여","10대","서울특별시","용산구","도원동","중국집","5"
"20180116","화","남","20대","서울특별시","용산구","한남동","중국집","5"
"20180116","화","여","30대","서울특별시","용산구","후암동","중국집","11"
"20180116","화","여","20대","서울특별시","용산구","후암동","중국집","12"
"20180116","화","여","40대","서울특별시","용산구","갈월동","중국집","5"
"20180116","화","남","10대","서울특별시","용산구","한강로3가","중국집","5"
"20180116","화","여","40대","서울특별시","용산구","보광동","중국집","5"
"20180116","화","여","40대","서울특별시","용산구","이촌동","중국집","5"
"20180116","화","여","40대","서울특별시","용산구","이태원동","중국집","5"
"20180116","화","남","30대","서울특별시","용산구","한강로3가","중국집","34"
"20180116","화","여","20대","서울특별시","용산구","한남동","중국집","5"
"20180116","화","여","40대","서울특별시","용산구","한강로3가","중국집","20"
"20180116","화","여","40대","서울특별시","용산구","후암동","중국집","22"
"20180116","화","여","50대","서울특별시","용산구","이태원동","중국집","5"
"20180116","화","여","50대","서울특별시","용산구","한강로3가","중국집","17"
"20180116","화","여","50대","서울특별시","용산구","한남동","중국집","5"
"20180116","화","여","50대","서울특별시","용산구","후암동","중국집","6"
"20180116","화","여","30대","서울특별시","용산구","한강로3가","중국집","15"
"20180116","화","여","60대이상","서울특별시","용산구","원효로4가","중국집","5"
"20180116","화","남","40대","서울특별시","용산구","보광동","중국집","5"
"20180116","화","남","50대","서울특별시","용산구","이태원동","중국집","5"
"20180116","화","여","30대","서울특별시","용산구","이촌동","중국집","5"
"20180116","화","여","60대이상","서울특별시","용산구","이태원동","중국집","5"
"20180116","화","남","30대","서울특별시","용산구","후암동","중국집","36"
"20180116","화","여","60대이상","서울특별시","용산구","한강로3가","중국집","9"
"20180116","화","여","60대이상","서울특별시","용산구","한남동","중국집","5"
"20180116","화","남","20대","서울특별시","용산구","신계동","중국집","5"
"20180116","화","여","60대이상","서울특별시","용산구","후암동","중국집","5"
"20180116","화","남","10대","서울특별시","은평구","불광동","중국집","6"
"20180116","화","남","20대","서울특별시","은평구","증산동","중국집","5"
"20180116","화","남","30대","서울특별시","은평구","구산동","중국집","5"
"20180116","화","남","20대","서울특별시","은평구","불광동","중국집","18"
"20180116","화","남","30대","서울특별시","은평구","불광동","중국집","40"
"20180116","화","남","40대","서울특별시","은평구","증산동","중국집","5"
"20180116","화","남","50대","서울특별시","은평구","구산동","중국집","6"
"20180116","화","남","50대","서울특별시","은평구","증산동","중국집","5"
"20180116","화","남","60대이상","서울특별시","은평구","불광동","중국집","16"
"20180116","화","남","60대이상","서울특별시","은평구","증산동","중국집","5"
"20180116","화","여","10대","서울특별시","은평구","불광동","중국집","6"
"20180116","화","여","10대","서울특별시","은평구","수색동","중국집","5"
"20180116","화","남","50대","서울특별시","은평구","불광동","중국집","22"
"20180116","화","여","30대","서울특별시","은평구","구산동","중국집","5"
"20180116","화","남","40대","서울특별시","은평구","구산동","중국집","5"
"20180116","화","여","30대","서울특별시","은평구","불광동","중국집","27"
"20180116","화","여","30대","서울특별시","은평구","수색동","중국집","5"
"20180116","화","여","30대","서울특별시","은평구","증산동","중국집","6"
"20180116","화","여","40대","서울특별시","은평구","구산동","중국집","5"
"20180116","화","여","40대","서울특별시","은평구","대조동","중국집","5"
"20180116","화","여","20대","서울특별시","은평구","불광동","중국집","13"
"20180116","화","남","40대","서울특별시","은평구","불광동","중국집","30"
"20180116","화","여","40대","서울특별시","은평구","불광동","중국집","43"
"20180116","화","여","40대","서울특별시","은평구","증산동","중국집","5"
"20180116","화","남","60대이상","서울특별시","은평구","구산동","중국집","5"
"20180116","화","여","50대","서울특별시","은평구","불광동","중국집","21"
"20180116","화","여","60대이상","서울특별시","은평구","구산동","중국집","5"
"20180116","화","여","60대이상","서울특별시","은평구","불광동","중국집","14"
"20180116","화","남","20대","서울특별시","종로구","동숭동","중국집","5"
"20180116","화","남","20대","서울특별시","종로구","원서동","중국집","5"
"20180116","화","남","20대","서울특별시","종로구","종로6가","중국집","5"
"20180116","화","남","30대","서울특별시","종로구","동숭동","중국집","5"
"20180116","화","남","30대","서울특별시","종로구","명륜1가","중국집","5"
"20180116","화","남","20대","서울특별시","종로구","교남동","중국집","5"
"20180116","화","남","30대","서울특별시","종로구","원서동","중국집","6"
"20180116","화","남","30대","서울특별시","종로구","창성동","중국집","5"
"20180116","화","남","40대","서울특별시","종로구","관수동","중국집","5"
"20180116","화","남","40대","서울특별시","종로구","동숭동","중국집","5"
"20180116","화","남","40대","서울특별시","종로구","명륜1가","중국집","5"
"20180116","화","남","40대","서울특별시","종로구","원서동","중국집","5"
"20180116","화","남","50대","서울특별시","종로구","동숭동","중국집","5"
"20180116","화","남","50대","서울특별시","종로구","신문로2가","중국집","5"
"20180116","화","남","40대","서울특별시","종로구","경운동","중국집","5"
"20180116","화","남","50대","서울특별시","종로구","종로6가","중국집","5"
"20180116","화","남","20대","서울특별시","종로구","경운동","중국집","5"
"20180116","화","남","50대","서울특별시","종로구","창성동","중국집","5"
"20180116","화","남","60대이상","서울특별시","종로구","동숭동","중국집","5"
"20180116","화","남","60대이상","서울특별시","종로구","원서동","중국집","5"
"20180116","화","남","30대","서울특별시","종로구","서린동","중국집","5"
"20180116","화","여","10대","서울특별시","종로구","교남동","중국집","5"
"20180116","화","남","40대","서울특별시","종로구","종로6가","중국집","5"
"20180116","화","여","10대","서울특별시","종로구","종로5가","중국집","5"
"20180116","화","남","60대이상","서울특별시","종로구","명륜1가","중국집","5"
"20180116","화","남","50대","서울특별시","종로구","낙원동","중국집","5"
"20180116","화","여","20대","서울특별시","종로구","원서동","중국집","5"
"20180116","화","여","20대","서울특별시","종로구","창성동","중국집","5"
"20180116","화","남","20대","서울특별시","종로구","평창동","중국집","5"
"20180116","화","여","30대","서울특별시","종로구","동숭동","중국집","5"
"20180116","화","남","20대","서울특별시","종로구","신문로2가","중국집","5"
"20180116","화","여","20대","서울특별시","종로구","교남동","중국집","5"
"20180116","화","여","30대","서울특별시","종로구","서린동","중국집","5"
"20180116","화","여","30대","서울특별시","종로구","평창동","중국집","5"
"20180116","화","여","30대","서울특별시","종로구","창성동","중국집","5"
"20180116","화","남","40대","서울특별시","종로구","창성동","중국집","5"
"20180116","화","여","40대","서울특별시","종로구","경운동","중국집","5"
"20180116","화","남","50대","서울특별시","종로구","평창동","중국집","5"
"20180116","화","여","40대","서울특별시","종로구","관수동","중국집","5"
"20180116","화","남","60대이상","서울특별시","종로구","관수동","중국집","5"
"20180116","화","남","20대","서울특별시","종로구","옥인동","중국집","5"
"20180116","화","여","40대","서울특별시","종로구","교남동","중국집","5"
"20180116","화","여","10대","서울특별시","종로구","평창동","중국집","5"
"20180116","화","여","40대","서울특별시","종로구","낙원동","중국집","5"
"20180116","화","여","40대","서울특별시","종로구","명륜1가","중국집","5"
"20180116","화","여","20대","서울특별시","종로구","숭인동","중국집","5"
"20180116","화","남","20대","서울특별시","종로구","낙원동","중국집","5"
"20180116","화","남","60대이상","서울특별시","종로구","숭인동","중국집","5"
"20180116","화","여","40대","서울특별시","종로구","숭인동","중국집","5"
"20180116","화","남","60대이상","서울특별시","종로구","교남동","중국집","5"
"20180116","화","여","40대","서울특별시","종로구","원서동","중국집","5"
"20180116","화","여","40대","서울특별시","종로구","종로5가","중국집","5"
"20180116","화","여","40대","서울특별시","종로구","창성동","중국집","5"
"20180116","화","남","50대","서울특별시","종로구","원서동","중국집","5"
"20180116","화","여","40대","서울특별시","종로구","청진동","중국집","5"
"20180116","화","여","40대","서울특별시","종로구","평창동","중국집","5"
"20180116","화","남","20대","서울특별시","종로구","관수동","중국집","5"
"20180116","화","여","50대","서울특별시","종로구","관수동","중국집","5"
"20180116","화","여","50대","서울특별시","종로구","교남동","중국집","5"
"20180116","화","남","60대이상","서울특별시","종로구","낙원동","중국집","5"
"20180116","화","여","50대","서울특별시","종로구","숭인동","중국집","5"
"20180116","화","여","50대","서울특별시","종로구","신문로2가","중국집","5"
"20180116","화","여","30대","서울특별시","종로구","경운동","중국집","5"
"20180116","화","여","50대","서울특별시","종로구","종로6가","중국집","5"
"20180116","화","여","50대","서울특별시","종로구","창성동","중국집","5"
"20180116","화","여","30대","서울특별시","종로구","옥인동","중국집","5"
"20180116","화","여","20대","서울특별시","종로구","동숭동","중국집","5"
"20180116","화","여","60대이상","서울특별시","종로구","낙원동","중국집","5"
"20180116","화","여","30대","서울특별시","종로구","신문로2가","중국집","5"
"20180116","화","남","30대","서울특별시","종로구","관수동","중국집","5"
"20180116","화","여","60대이상","서울특별시","종로구","신문로2가","중국집","5"
"20180116","화","여","60대이상","서울특별시","종로구","평창동","중국집","5"
"20180116","화","여","40대","서울특별시","종로구","동숭동","중국집","5"
"20180116","화","남","40대","서울특별시","종로구","평창동","중국집","5"
"20180116","화","여","20대","서울특별시","종로구","평창동","중국집","5"
"20180116","화","남","30대","서울특별시","종로구","종로5가","중국집","5"
"20180116","화","남","10대","서울특별시","중구","을지로6가","중국집","5"
"20180116","화","남","20대","서울특별시","중구","충무로1가","중국집","5"
"20180116","화","남","30대","서울특별시","중구","무교동","중국집","5"
"20180116","화","남","30대","서울특별시","중구","수하동","중국집","104"
"20180116","화","남","30대","서울특별시","중구","을지로6가","중국집","5"
"20180116","화","남","30대","서울특별시","중구","충무로1가","중국집","5"
"20180116","화","남","40대","서울특별시","중구","서소문동","중국집","5"
"20180116","화","남","20대","서울특별시","중구","신당동","중국집","35"
"20180116","화","남","30대","서울특별시","중구","정동","중국집","5"
"20180116","화","남","40대","서울특별시","중구","수하동","중국집","72"
"20180116","화","남","40대","서울특별시","중구","을지로1가","중국집","5"
"20180116","화","남","40대","서울특별시","중구","주교동","중국집","5"
"20180116","화","남","40대","서울특별시","중구","태평로1가","중국집","5"
"20180116","화","남","40대","서울특별시","중구","회현동1가","중국집","5"
"20180116","화","남","50대","서울특별시","중구","신당동","중국집","59"
"20180116","화","남","50대","서울특별시","중구","을지로3가","중국집","5"
"20180116","화","남","50대","서울특별시","중구","을지로6가","중국집","5"
"20180116","화","남","50대","서울특별시","중구","정동","중국집","5"
"20180116","화","남","20대","서울특별시","중구","을지로3가","중국집","5"
"20180116","화","남","50대","서울특별시","중구","충무로1가","중국집","5"
"20180116","화","남","50대","서울특별시","중구","태평로1가","중국집","5"
"20180116","화","남","50대","서울특별시","중구","필동2가","중국집","5"
"20180116","화","남","20대","서울특별시","중구","수하동","중국집","34"
"20180116","화","남","60대이상","서울특별시","중구","수하동","중국집","27"
"20180116","화","남","40대","서울특별시","중구","장충동2가","중국집","5"
"20180116","화","남","60대이상","서울특별시","중구","신당동","중국집","26"
"20180116","화","남","40대","서울특별시","중구","신당동","중국집","47"
"20180116","화","남","60대이상","서울특별시","중구","을지로1가","중국집","5"
"20180116","화","남","60대이상","서울특별시","중구","주교동","중국집","5"
"20180116","화","남","60대이상","서울특별시","중구","필동2가","중국집","5"
"20180116","화","남","50대","서울특별시","중구","무교동","중국집","5"
"20180116","화","남","40대","서울특별시","중구","을지로3가","중국집","5"
"20180116","화","여","10대","서울특별시","중구","수하동","중국집","5"
"20180116","화","남","30대","서울특별시","중구","신당동","중국집","49"
"20180116","화","여","10대","서울특별시","중구","신당동","중국집","5"
"20180116","화","여","20대","서울특별시","중구","무교동","중국집","5"
"20180116","화","여","20대","서울특별시","중구","수하동","중국집","13"
"20180116","화","여","20대","서울특별시","중구","신당동","중국집","28"
"20180116","화","여","20대","서울특별시","중구","을지로6가","중국집","5"
"20180116","화","남","30대","서울특별시","중구","명동1가","중국집","5"
"20180116","화","여","20대","서울특별시","중구","정동","중국집","5"
"20180116","화","남","10대","서울특별시","중구","수하동","중국집","5"
"20180116","화","여","20대","서울특별시","중구","충무로1가","중국집","5"
"20180116","화","여","30대","서울특별시","중구","수하동","중국집","45"
"20180116","화","여","30대","서울특별시","중구","신당동","중국집","46"
"20180116","화","남","10대","서울특별시","중구","신당동","중국집","5"
"20180116","화","여","40대","서울특별시","중구","수하동","중국집","30"
"20180116","화","여","40대","서울특별시","중구","신당동","중국집","38"
"20180116","화","여","40대","서울특별시","중구","충무로1가","중국집","5"
"20180116","화","여","40대","서울특별시","중구","필동2가","중국집","5"
"20180116","화","여","40대","서울특별시","중구","회현동1가","중국집","5"
"20180116","화","여","50대","서울특별시","중구","수하동","중국집","27"
"20180116","화","남","60대이상","서울특별시","중구","을지로3가","중국집","5"
"20180116","화","남","50대","서울특별시","중구","수하동","중국집","59"
"20180116","화","여","50대","서울특별시","중구","신당동","중국집","37"
"20180116","화","여","50대","서울특별시","중구","수표동","중국집","5"
"20180116","화","여","50대","서울특별시","중구","주교동","중국집","5"
"20180116","화","남","30대","서울특별시","중구","을지로3가","중국집","5"
"20180116","화","여","60대이상","서울특별시","중구","수하동","중국집","19"
"20180116","화","여","60대이상","서울특별시","중구","신당동","중국집","15"
"20180116","화","여","60대이상","서울특별시","중구","을지로6가","중국집","5"
"20180116","화","남","10대","서울특별시","중랑구","망우동","중국집","5"
"20180116","화","남","10대","서울특별시","중랑구","면목동","중국집","5"
"20180116","화","남","20대","서울특별시","중랑구","망우동","중국집","5"
"20180116","화","남","20대","서울특별시","중랑구","면목동","중국집","33"
"20180116","화","남","10대","서울특별시","중랑구","신내동","중국집","5"
"20180116","화","남","20대","서울특별시","중랑구","신내동","중국집","5"
"20180116","화","남","30대","서울특별시","중랑구","망우동","중국집","6"
"20180116","화","남","30대","서울특별시","중랑구","상봉동","중국집","5"
"20180116","화","남","30대","서울특별시","중랑구","신내동","중국집","5"
"20180116","화","남","30대","서울특별시","중랑구","중화동","중국집","5"
"20180116","화","남","40대","서울특별시","중랑구","묵동","중국집","5"
"20180116","화","남","30대","서울특별시","중랑구","면목동","중국집","48"
"20180116","화","남","40대","서울특별시","중랑구","중화동","중국집","5"
"20180116","화","남","50대","서울특별시","중랑구","면목동","중국집","25"
"20180116","화","남","50대","서울특별시","중랑구","묵동","중국집","5"
"20180116","화","남","60대이상","서울특별시","중랑구","면목동","중국집","28"
"20180116","화","남","60대이상","서울특별시","중랑구","신내동","중국집","5"
"20180116","화","여","10대","서울특별시","중랑구","망우동","중국집","5"
"20180116","화","남","20대","서울특별시","중랑구","상봉동","중국집","5"
"20180116","화","여","10대","서울특별시","중랑구","묵동","중국집","5"
"20180116","화","여","10대","서울특별시","중랑구","신내동","중국집","5"
"20180116","화","남","50대","서울특별시","중랑구","망우동","중국집","8"
"20180116","화","여","20대","서울특별시","중랑구","면목동","중국집","18"
"20180116","화","여","20대","서울특별시","중랑구","묵동","중국집","5"
"20180116","화","남","50대","서울특별시","중랑구","상봉동","중국집","5"
"20180116","화","여","30대","서울특별시","중랑구","망우동","중국집","5"
"20180116","화","여","30대","서울특별시","중랑구","면목동","중국집","32"
"20180116","화","여","40대","서울특별시","중랑구","면목동","중국집","30"
"20180116","화","여","30대","서울특별시","중랑구","묵동","중국집","5"
"20180116","화","남","40대","서울특별시","중랑구","면목동","중국집","40"
"20180116","화","여","40대","서울특별시","중랑구","묵동","중국집","5"
"20180116","화","여","30대","서울특별시","중랑구","신내동","중국집","5"
"20180116","화","여","40대","서울특별시","중랑구","신내동","중국집","5"
"20180116","화","여","40대","서울특별시","중랑구","중화동","중국집","5"
"20180116","화","여","50대","서울특별시","중랑구","망우동","중국집","5"
"20180116","화","여","50대","서울특별시","중랑구","면목동","중국집","23"
"20180116","화","여","10대","서울특별시","중랑구","면목동","중국집","5"
"20180116","화","여","60대이상","서울특별시","중랑구","망우동","중국집","5"
"20180116","화","여","60대이상","서울특별시","중랑구","면목동","중국집","13"
"20180116","화","여","60대이상","서울특별시","중랑구","묵동","중국집","5"
"20180116","화","여","60대이상","서울특별시","중랑구","신내동","중국집","5"
"20180117","수","남","10대","서울특별시","강남구","대치동","중국집","5"
"20180117","수","남","10대","서울특별시","강남구","세곡동","중국집","5"
"20180117","수","남","20대","서울특별시","강남구","개포동","중국집","5"
"20180117","수","남","20대","서울특별시","강남구","수서동","중국집","5"
"20180117","수","남","30대","서울특별시","강남구","대치동","중국집","5"
"20180117","수","남","20대","서울특별시","강남구","도곡동","중국집","5"
"20180117","수","남","30대","서울특별시","강남구","역삼동","중국집","65"
"20180117","수","남","40대","서울특별시","강남구","도곡동","중국집","7"
"20180117","수","남","40대","서울특별시","강남구","삼성동","중국집","70"
"20180117","수","남","10대","서울특별시","강남구","삼성동","중국집","6"
"20180117","수","남","40대","서울특별시","강남구","세곡동","중국집","8"
"20180117","수","남","40대","서울특별시","강남구","수서동","중국집","5"
"20180117","수","남","30대","서울특별시","강남구","도곡동","중국집","5"
"20180117","수","남","40대","서울특별시","강남구","논현동","중국집","24"
"20180117","수","남","40대","서울특별시","강남구","역삼동","중국집","79"
"20180117","수","남","40대","서울특별시","강남구","일원동","중국집","5"
"20180117","수","남","50대","서울특별시","강남구","세곡동","중국집","5"
"20180117","수","남","50대","서울특별시","강남구","수서동","중국집","5"
"20180117","수","남","50대","서울특별시","강남구","삼성동","중국집","45"
"20180117","수","남","50대","서울특별시","강남구","압구정동","중국집","5"
"20180117","수","남","50대","서울특별시","강남구","역삼동","중국집","37"
"20180117","수","남","30대","서울특별시","강남구","일원동","중국집","5"
"20180117","수","남","20대","서울특별시","강남구","세곡동","중국집","6"
"20180117","수","남","60대이상","서울특별시","강남구","논현동","중국집","6"
"20180117","수","남","60대이상","서울특별시","강남구","대치동","중국집","5"
"20180117","수","남","60대이상","서울특별시","강남구","세곡동","중국집","7"
"20180117","수","남","60대이상","서울특별시","강남구","수서동","중국집","5"
"20180117","수","남","60대이상","서울특별시","강남구","압구정동","중국집","5"
"20180117","수","남","60대이상","서울특별시","강남구","삼성동","중국집","30"
"20180117","수","여","20대","서울특별시","강남구","대치동","중국집","5"
"20180117","수","여","20대","서울특별시","강남구","삼성동","중국집","22"
"20180117","수","여","20대","서울특별시","강남구","수서동","중국집","5"
"20180117","수","남","50대","서울특별시","강남구","논현동","중국집","21"
"20180117","수","여","30대","서울특별시","강남구","논현동","중국집","29"
"20180117","수","남","50대","서울특별시","강남구","일원동","중국집","5"
"20180117","수","여","30대","서울특별시","강남구","대치동","중국집","5"
"20180117","수","여","30대","서울특별시","강남구","도곡동","중국집","9"
"20180117","수","남","40대","서울특별시","강남구","개포동","중국집","5"
"20180117","수","여","30대","서울특별시","강남구","삼성동","중국집","53"
"20180117","수","남","60대이상","서울특별시","강남구","역삼동","중국집","25"
"20180117","수","여","30대","서울특별시","강남구","세곡동","중국집","8"
"20180117","수","여","30대","서울특별시","강남구","압구정동","중국집","5"
"20180117","수","여","30대","서울특별시","강남구","역삼동","중국집","47"
"20180117","수","남","30대","서울특별시","강남구","논현동","중국집","46"
"20180117","수","남","60대이상","서울특별시","강남구","신사동","중국집","5"
"20180117","수","남","30대","서울특별시","강남구","세곡동","중국집","5"
"20180117","수","남","10대","서울특별시","강남구","역삼동","중국집","5"
"20180117","수","여","40대","서울특별시","강남구","개포동","중국집","5"
"20180117","수","남","30대","서울특별시","강남구","압구정동","중국집","5"
"20180117","수","여","10대","서울특별시","강남구","삼성동","중국집","5"
"20180117","수","남","60대이상","서울특별시","강남구","개포동","중국집","5"
"20180117","수","남","20대","서울특별시","강남구","논현동","중국집","26"
"20180117","수","여","40대","서울특별시","강남구","도곡동","중국집","6"
"20180117","수","여","10대","서울특별시","강남구","개포동","중국집","5"
"20180117","수","여","40대","서울특별시","강남구","삼성동","중국집","72"
"20180117","수","여","40대","서울특별시","강남구","세곡동","중국집","7"
"20180117","수","여","40대","서울특별시","강남구","압구정동","중국집","5"
"20180117","수","여","10대","서울특별시","강남구","세곡동","중국집","5"
"20180117","수","여","40대","서울특별시","강남구","역삼동","중국집","44"
"20180117","수","여","40대","서울특별시","강남구","일원동","중국집","5"
"20180117","수","남","30대","서울특별시","강남구","수서동","중국집","5"
"20180117","수","남","50대","서울특별시","강남구","도곡동","중국집","5"
"20180117","수","여","50대","서울특별시","강남구","논현동","중국집","16"
"20180117","수","여","20대","서울특별시","강남구","논현동","중국집","19"
"20180117","수","여","50대","서울특별시","강남구","대치동","중국집","5"
"20180117","수","남","20대","서울특별시","강남구","역삼동","중국집","40"
"20180117","수","남","20대","서울특별시","강남구","삼성동","중국집","38"
"20180117","수","남","60대이상","서울특별시","강남구","도곡동","중국집","5"
"20180117","수","여","50대","서울특별시","강남구","도곡동","중국집","10"
"20180117","수","여","20대","서울특별시","강남구","역삼동","중국집","23"
"20180117","수","여","50대","서울특별시","강남구","삼성동","중국집","39"
"20180117","수","여","40대","서울특별시","강남구","대치동","중국집","5"
"20180117","수","여","50대","서울특별시","강남구","수서동","중국집","5"
"20180117","수","남","30대","서울특별시","강남구","삼성동","중국집","77"
"20180117","수","여","10대","서울특별시","강남구","역삼동","중국집","5"
"20180117","수","여","50대","서울특별시","강남구","압구정동","중국집","5"
"20180117","수","여","50대","서울특별시","강남구","세곡동","중국집","5"
"20180117","수","여","50대","서울특별시","강남구","역삼동","중국집","32"
"20180117","수","여","60대이상","서울특별시","강남구","논현동","중국집","13"
"20180117","수","여","20대","서울특별시","강남구","일원동","중국집","5"
"20180117","수","여","20대","서울특별시","강남구","도곡동","중국집","5"
"20180117","수","여","40대","서울특별시","강남구","논현동","중국집","44"
"20180117","수","여","60대이상","서울특별시","강남구","도곡동","중국집","5"
"20180117","수","남","50대","서울특별시","강남구","개포동","중국집","5"
"20180117","수","여","60대이상","서울특별시","강남구","삼성동","중국집","20"
"20180117","수","여","10대","서울특별시","강남구","도곡동","중국집","5"
"20180117","수","여","60대이상","서울특별시","강남구","세곡동","중국집","5"
"20180117","수","여","60대이상","서울특별시","강남구","수서동","중국집","5"
"20180117","수","남","10대","서울특별시","강남구","도곡동","중국집","5"
"20180117","수","여","60대이상","서울특별시","강남구","역삼동","중국집","21"
"20180117","수","남","20대","서울특별시","강동구","명일동","중국집","5"
"20180117","수","남","20대","서울특별시","강동구","성내동","중국집","5"
"20180117","수","남","30대","서울특별시","강동구","길동","중국집","53"
"20180117","수","남","30대","서울특별시","강동구","명일동","중국집","5"
"20180117","수","남","20대","서울특별시","강동구","길동","중국집","23"
"20180117","수","남","30대","서울특별시","강동구","암사동","중국집","5"
"20180117","수","남","10대","서울특별시","강동구","성내동","중국집","5"
"20180117","수","남","40대","서울특별시","강동구","길동","중국집","71"
"20180117","수","남","40대","서울특별시","강동구","명일동","중국집","5"
"20180117","수","남","40대","서울특별시","강동구","천호동","중국집","5"
"20180117","수","남","30대","서울특별시","강동구","천호동","중국집","5"
"20180117","수","남","50대","서울특별시","강동구","길동","중국집","38"
"20180117","수","남","50대","서울특별시","강동구","명일동","중국집","5"
"20180117","수","남","50대","서울특별시","강동구","성내동","중국집","5"
"20180117","수","남","60대이상","서울특별시","강동구","길동","중국집","22"
"20180117","수","남","60대이상","서울특별시","강동구","성내동","중국집","5"
"20180117","수","남","60대이상","서울특별시","강동구","상일동","중국집","5"
"20180117","수","남","60대이상","서울특별시","강동구","천호동","중국집","5"
"20180117","수","여","10대","서울특별시","강동구","길동","중국집","5"
"20180117","수","남","60대이상","서울특별시","강동구","암사동","중국집","5"
"20180117","수","여","10대","서울특별시","강동구","천호동","중국집","5"
"20180117","수","여","20대","서울특별시","강동구","길동","중국집","12"
"20180117","수","여","20대","서울특별시","강동구","명일동","중국집","5"
"20180117","수","남","30대","서울특별시","강동구","성내동","중국집","5"
"20180117","수","여","20대","서울특별시","강동구","성내동","중국집","5"
"20180117","수","여","20대","서울특별시","강동구","암사동","중국집","5"
"20180117","수","남","10대","서울특별시","강동구","길동","중국집","15"
"20180117","수","여","10대","서울특별시","강동구","성내동","중국집","5"
"20180117","수","여","20대","서울특별시","강동구","천호동","중국집","5"
"20180117","수","여","30대","서울특별시","강동구","길동","중국집","55"
"20180117","수","여","20대","서울특별시","강동구","둔촌동","중국집","5"
"20180117","수","여","30대","서울특별시","강동구","성내동","중국집","7"
"20180117","수","여","30대","서울특별시","강동구","암사동","중국집","6"
"20180117","수","여","30대","서울특별시","강동구","천호동","중국집","5"
"20180117","수","여","40대","서울특별시","강동구","길동","중국집","75"
"20180117","수","여","40대","서울특별시","강동구","명일동","중국집","5"
"20180117","수","여","40대","서울특별시","강동구","암사동","중국집","5"
"20180117","수","여","50대","서울특별시","강동구","길동","중국집","56"
"20180117","수","여","50대","서울특별시","강동구","성내동","중국집","5"
"20180117","수","여","50대","서울특별시","강동구","천호동","중국집","5"
"20180117","수","여","60대이상","서울특별시","강동구","길동","중국집","17"
"20180117","수","남","20대","서울특별시","강동구","암사동","중국집","5"
"20180117","수","남","20대","서울특별시","강동구","천호동","중국집","5"
"20180117","수","여","60대이상","서울특별시","강동구","성내동","중국집","5"
"20180117","수","여","60대이상","서울특별시","강동구","암사동","중국집","5"
"20180117","수","남","40대","서울특별시","강동구","성내동","중국집","5"
"20180117","수","여","60대이상","서울특별시","강동구","천호동","중국집","5"
"20180117","수","여","40대","서울특별시","강동구","성내동","중국집","5"
"20180117","수","남","10대","서울특별시","강북구","미아동","중국집","8"
"20180117","수","남","20대","서울특별시","강북구","수유동","중국집","5"
"20180117","수","남","30대","서울특별시","강북구","미아동","중국집","55"
"20180117","수","남","20대","서울특별시","강북구","미아동","중국집","35"
"20180117","수","남","40대","서울특별시","강북구","미아동","중국집","75"
"20180117","수","남","40대","서울특별시","강북구","번동","중국집","22"
"20180117","수","남","50대","서울특별시","강북구","미아동","중국집","54"
"20180117","수","남","50대","서울특별시","강북구","번동","중국집","8"
"20180117","수","남","60대이상","서울특별시","강북구","미아동","중국집","32"
"20180117","수","남","60대이상","서울특별시","강북구","번동","중국집","8"
"20180117","수","남","60대이상","서울특별시","강북구","우이동","중국집","5"
"20180117","수","여","10대","서울특별시","강북구","미아동","중국집","5"
"20180117","수","남","30대","서울특별시","강북구","번동","중국집","18"
"20180117","수","남","10대","서울특별시","강북구","번동","중국집","5"
"20180117","수","여","10대","서울특별시","강북구","번동","중국집","5"
"20180117","수","여","20대","서울특별시","강북구","미아동","중국집","24"
"20180117","수","여","20대","서울특별시","강북구","우이동","중국집","5"
"20180117","수","여","30대","서울특별시","강북구","미아동","중국집","29"
"20180117","수","여","30대","서울특별시","강북구","번동","중국집","7"
"20180117","수","여","40대","서울특별시","강북구","미아동","중국집","84"
"20180117","수","여","20대","서울특별시","강북구","번동","중국집","5"
"20180117","수","남","20대","서울특별시","강북구","번동","중국집","9"
"20180117","수","여","40대","서울특별시","강북구","번동","중국집","8"
"20180117","수","여","40대","서울특별시","강북구","우이동","중국집","5"
"20180117","수","여","50대","서울특별시","강북구","미아동","중국집","46"
"20180117","수","여","50대","서울특별시","강북구","우이동","중국집","5"
"20180117","수","여","50대","서울특별시","강북구","번동","중국집","7"
"20180117","수","여","60대이상","서울특별시","강북구","미아동","중국집","39"
"20180117","수","남","50대","서울특별시","강북구","우이동","중국집","5"
"20180117","수","여","60대이상","서울특별시","강북구","번동","중국집","5"
"20180117","수","남","30대","서울특별시","강북구","우이동","중국집","5"
"20180117","수","남","10대","서울특별시","강서구","내발산동","중국집","8"
"20180117","수","남","10대","서울특별시","강서구","가양동","중국집","5"
"20180117","수","남","10대","서울특별시","강서구","화곡동","중국집","9"
"20180117","수","남","20대","서울특별시","강서구","가양동","중국집","17"
"20180117","수","남","20대","서울특별시","강서구","내발산동","중국집","24"
"20180117","수","남","20대","서울특별시","강서구","등촌동","중국집","14"
"20180117","수","남","30대","서울특별시","강서구","가양동","중국집","32"
"20180117","수","남","30대","서울특별시","강서구","내발산동","중국집","50"
"20180117","수","남","30대","서울특별시","강서구","등촌동","중국집","15"
"20180117","수","남","10대","서울특별시","강서구","등촌동","중국집","5"
"20180117","수","남","30대","서울특별시","강서구","마곡동","중국집","5"
"20180117","수","남","30대","서울특별시","강서구","방화동","중국집","5"
"20180117","수","남","30대","서울특별시","강서구","외발산동","중국집","5"
"20180117","수","남","40대","서울특별시","강서구","가양동","중국집","24"
"20180117","수","남","40대","서울특별시","강서구","등촌동","중국집","18"
"20180117","수","남","20대","서울특별시","강서구","화곡동","중국집","28"
"20180117","수","남","40대","서울특별시","강서구","방화동","중국집","5"
"20180117","수","남","50대","서울특별시","강서구","마곡동","중국집","5"
"20180117","수","남","50대","서울특별시","강서구","가양동","중국집","13"
"20180117","수","남","50대","서울특별시","강서구","화곡동","중국집","21"
"20180117","수","남","60대이상","서울특별시","강서구","가양동","중국집","18"
"20180117","수","남","60대이상","서울특별시","강서구","내발산동","중국집","20"
"20180117","수","남","40대","서울특별시","강서구","내발산동","중국집","57"
"20180117","수","남","60대이상","서울특별시","강서구","등촌동","중국집","5"
"20180117","수","남","60대이상","서울특별시","강서구","방화동","중국집","5"
"20180117","수","남","50대","서울특별시","강서구","등촌동","중국집","15"
"20180117","수","남","60대이상","서울특별시","강서구","화곡동","중국집","21"
"20180117","수","여","10대","서울특별시","강서구","내발산동","중국집","5"
"20180117","수","여","10대","서울특별시","강서구","방화동","중국집","5"
"20180117","수","여","10대","서울특별시","강서구","화곡동","중국집","7"
"20180117","수","여","20대","서울특별시","강서구","내발산동","중국집","9"
"20180117","수","여","20대","서울특별시","강서구","방화동","중국집","5"
"20180117","수","여","30대","서울특별시","강서구","내발산동","중국집","37"
"20180117","수","여","10대","서울특별시","강서구","가양동","중국집","5"
"20180117","수","여","30대","서울특별시","강서구","등촌동","중국집","13"
"20180117","수","여","30대","서울특별시","강서구","방화동","중국집","5"
"20180117","수","여","30대","서울특별시","강서구","외발산동","중국집","5"
"20180117","수","여","20대","서울특별시","강서구","등촌동","중국집","5"
"20180117","수","여","30대","서울특별시","강서구","화곡동","중국집","31"
"20180117","수","여","40대","서울특별시","강서구","가양동","중국집","15"
"20180117","수","여","40대","서울특별시","강서구","내발산동","중국집","55"
"20180117","수","여","40대","서울특별시","강서구","등촌동","중국집","26"
"20180117","수","여","40대","서울특별시","강서구","마곡동","중국집","5"
"20180117","수","남","50대","서울특별시","강서구","내발산동","중국집","31"
"20180117","수","여","40대","서울특별시","강서구","방화동","중국집","5"
"20180117","수","여","10대","서울특별시","강서구","등촌동","중국집","5"
"20180117","수","여","40대","서울특별시","강서구","외발산동","중국집","5"
"20180117","수","남","30대","서울특별시","강서구","화곡동","중국집","35"
"20180117","수","여","50대","서울특별시","강서구","가양동","중국집","11"
"20180117","수","여","40대","서울특별시","강서구","화곡동","중국집","61"
"20180117","수","여","50대","서울특별시","강서구","내발산동","중국집","34"
"20180117","수","여","50대","서울특별시","강서구","등촌동","중국집","9"
"20180117","수","여","30대","서울특별시","강서구","가양동","중국집","15"
"20180117","수","여","20대","서울특별시","강서구","가양동","중국집","5"
"20180117","수","남","20대","서울특별시","강서구","마곡동","중국집","5"
"20180117","수","여","50대","서울특별시","강서구","마곡동","중국집","5"
"20180117","수","여","50대","서울특별시","강서구","방화동","중국집","5"
"20180117","수","여","50대","서울특별시","강서구","외발산동","중국집","5"
"20180117","수","여","50대","서울특별시","강서구","화곡동","중국집","41"
"20180117","수","여","60대이상","서울특별시","강서구","가양동","중국집","6"
"20180117","수","여","60대이상","서울특별시","강서구","내발산동","중국집","18"
"20180117","수","여","30대","서울특별시","강서구","마곡동","중국집","5"
"20180117","수","여","60대이상","서울특별시","강서구","방화동","중국집","5"
"20180117","수","여","60대이상","서울특별시","강서구","화곡동","중국집","19"
"20180117","수","여","60대이상","서울특별시","강서구","외발산동","중국집","5"
"20180117","수","남","40대","서울특별시","강서구","화곡동","중국집","37"
"20180117","수","여","60대이상","서울특별시","강서구","등촌동","중국집","10"
"20180117","수","여","20대","서울특별시","강서구","화곡동","중국집","6"
"20180117","수","남","10대","서울특별시","관악구","신림동","중국집","5"
"20180117","수","남","20대","서울특별시","관악구","봉천동","중국집","5"
"20180117","수","남","30대","서울특별시","관악구","봉천동","중국집","6"
"20180117","수","남","30대","서울특별시","관악구","신림동","중국집","11"
"20180117","수","남","40대","서울특별시","관악구","봉천동","중국집","5"
"20180117","수","남","40대","서울특별시","관악구","신림동","중국집","5"
"20180117","수","남","50대","서울특별시","관악구","봉천동","중국집","5"
"20180117","수","남","60대이상","서울특별시","관악구","봉천동","중국집","5"
"20180117","수","여","10대","서울특별시","관악구","봉천동","중국집","5"
"20180117","수","남","20대","서울특별시","관악구","신림동","중국집","9"
"20180117","수","여","10대","서울특별시","관악구","신림동","중국집","5"
"20180117","수","여","20대","서울특별시","관악구","봉천동","중국집","5"
"20180117","수","여","20대","서울특별시","관악구","신림동","중국집","9"
"20180117","수","여","30대","서울특별시","관악구","봉천동","중국집","5"
"20180117","수","여","30대","서울특별시","관악구","신림동","중국집","7"
"20180117","수","여","40대","서울특별시","관악구","봉천동","중국집","5"
"20180117","수","여","40대","서울특별시","관악구","신림동","중국집","5"
"20180117","수","여","50대","서울특별시","관악구","봉천동","중국집","5"
"20180117","수","여","50대","서울특별시","관악구","신림동","중국집","5"
"20180117","수","남","60대이상","서울특별시","관악구","신림동","중국집","5"
"20180117","수","여","60대이상","서울특별시","관악구","봉천동","중국집","5"
"20180117","수","여","60대이상","서울특별시","관악구","신림동","중국집","8"
"20180117","수","남","10대","서울특별시","광진구","자양동","중국집","5"
"20180117","수","남","20대","서울특별시","광진구","자양동","중국집","7"
"20180117","수","남","30대","서울특별시","광진구","광장동","중국집","5"
"20180117","수","남","30대","서울특별시","광진구","구의동","중국집","5"
"20180117","수","남","30대","서울특별시","광진구","자양동","중국집","7"
"20180117","수","남","30대","서울특별시","광진구","중곡동","중국집","5"
"20180117","수","남","30대","서울특별시","광진구","화양동","중국집","5"
"20180117","수","남","40대","서울특별시","광진구","자양동","중국집","5"
"20180117","수","남","40대","서울특별시","광진구","중곡동","중국집","5"
"20180117","수","남","50대","서울특별시","광진구","능동","중국집","5"
"20180117","수","남","50대","서울특별시","광진구","자양동","중국집","5"
"20180117","수","남","60대이상","서울특별시","광진구","자양동","중국집","5"
"20180117","수","여","10대","서울특별시","광진구","광장동","중국집","5"
"20180117","수","남","20대","서울특별시","광진구","화양동","중국집","5"
"20180117","수","여","20대","서울특별시","광진구","광장동","중국집","5"
"20180117","수","여","20대","서울특별시","광진구","자양동","중국집","5"
"20180117","수","여","30대","서울특별시","광진구","광장동","중국집","5"
"20180117","수","여","20대","서울특별시","광진구","능동","중국집","5"
"20180117","수","여","30대","서울특별시","광진구","자양동","중국집","5"
"20180117","수","남","50대","서울특별시","광진구","중곡동","중국집","5"
"20180117","수","여","30대","서울특별시","광진구","중곡동","중국집","5"
"20180117","수","남","30대","서울특별시","광진구","능동","중국집","5"
"20180117","수","여","40대","서울특별시","광진구","광장동","중국집","5"
"20180117","수","여","40대","서울특별시","광진구","능동","중국집","5"
"20180117","수","여","30대","서울특별시","광진구","능동","중국집","5"
"20180117","수","여","40대","서울특별시","광진구","자양동","중국집","5"
"20180117","수","여","40대","서울특별시","광진구","중곡동","중국집","5"
"20180117","수","남","20대","서울특별시","광진구","능동","중국집","5"
"20180117","수","여","50대","서울특별시","광진구","능동","중국집","5"
"20180117","수","여","60대이상","서울특별시","광진구","광장동","중국집","5"
"20180117","수","여","60대이상","서울특별시","광진구","자양동","중국집","5"
"20180117","수","남","10대","서울특별시","구로구","구로동","중국집","5"
"20180117","수","남","20대","서울특별시","구로구","궁동","중국집","5"
"20180117","수","남","20대","서울특별시","구로구","개봉동","중국집","15"
"20180117","수","남","30대","서울특별시","구로구","개봉동","중국집","19"
"20180117","수","남","30대","서울특별시","구로구","구로동","중국집","5"
"20180117","수","남","10대","서울특별시","구로구","개봉동","중국집","7"
"20180117","수","남","30대","서울특별시","구로구","신도림동","중국집","5"
"20180117","수","남","40대","서울특별시","구로구","개봉동","중국집","30"
"20180117","수","남","40대","서울특별시","구로구","구로동","중국집","5"
"20180117","수","남","40대","서울특별시","구로구","신도림동","중국집","5"
"20180117","수","남","50대","서울특별시","구로구","구로동","중국집","5"
"20180117","수","남","50대","서울특별시","구로구","궁동","중국집","5"
"20180117","수","남","60대이상","서울특별시","구로구","개봉동","중국집","9"
"20180117","수","여","10대","서울특별시","구로구","구로동","중국집","5"
"20180117","수","여","20대","서울특별시","구로구","개봉동","중국집","8"
"20180117","수","여","20대","서울특별시","구로구","신도림동","중국집","5"
"20180117","수","남","50대","서울특별시","구로구","개봉동","중국집","15"
"20180117","수","여","30대","서울특별시","구로구","개봉동","중국집","21"
"20180117","수","여","30대","서울특별시","구로구","구로동","중국집","5"
"20180117","수","여","30대","서울특별시","구로구","궁동","중국집","5"
"20180117","수","여","40대","서울특별시","구로구","개봉동","중국집","46"
"20180117","수","여","20대","서울특별시","구로구","구로동","중국집","5"
"20180117","수","여","40대","서울특별시","구로구","구로동","중국집","5"
"20180117","수","여","40대","서울특별시","구로구","궁동","중국집","5"
"20180117","수","여","40대","서울특별시","구로구","신도림동","중국집","5"
"20180117","수","여","50대","서울특별시","구로구","개봉동","중국집","28"
"20180117","수","여","50대","서울특별시","구로구","구로동","중국집","5"
"20180117","수","여","10대","서울특별시","구로구","개봉동","중국집","5"
"20180117","수","여","60대이상","서울특별시","구로구","개봉동","중국집","16"
"20180117","수","여","60대이상","서울특별시","구로구","구로동","중국집","5"
"20180117","수","남","10대","서울특별시","구로구","궁동","중국집","5"
"20180117","수","남","10대","서울특별시","금천구","가산동","중국집","5"
"20180117","수","남","10대","서울특별시","금천구","시흥동","중국집","5"
"20180117","수","남","20대","서울특별시","금천구","가산동","중국집","18"
"20180117","수","남","30대","서울특별시","금천구","가산동","중국집","23"
"20180117","수","남","30대","서울특별시","금천구","독산동","중국집","5"
"20180117","수","남","40대","서울특별시","금천구","가산동","중국집","19"
"20180117","수","남","40대","서울특별시","금천구","독산동","중국집","5"
"20180117","수","남","40대","서울특별시","금천구","시흥동","중국집","5"
"20180117","수","남","50대","서울특별시","금천구","가산동","중국집","17"
"20180117","수","남","60대이상","서울특별시","금천구","시흥동","중국집","5"
"20180117","수","여","10대","서울특별시","금천구","독산동","중국집","5"
"20180117","수","여","10대","서울특별시","금천구","가산동","중국집","5"
"20180117","수","여","20대","서울특별시","금천구","시흥동","중국집","5"
"20180117","수","남","20대","서울특별시","금천구","시흥동","중국집","5"
"20180117","수","여","30대","서울특별시","금천구","가산동","중국집","10"
"20180117","수","여","30대","서울특별시","금천구","독산동","중국집","5"
"20180117","수","여","30대","서울특별시","금천구","시흥동","중국집","5"
"20180117","수","남","30대","서울특별시","금천구","시흥동","중국집","5"
"20180117","수","여","40대","서울특별시","금천구","가산동","중국집","12"
"20180117","수","여","40대","서울특별시","금천구","독산동","중국집","5"
"20180117","수","남","60대이상","서울특별시","금천구","가산동","중국집","7"
"20180117","수","여","20대","서울특별시","금천구","가산동","중국집","5"
"20180117","수","여","40대","서울특별시","금천구","시흥동","중국집","9"
"20180117","수","여","50대","서울특별시","금천구","가산동","중국집","8"
"20180117","수","여","50대","서울특별시","금천구","독산동","중국집","5"
"20180117","수","여","50대","서울특별시","금천구","시흥동","중국집","5"
"20180117","수","여","60대이상","서울특별시","금천구","가산동","중국집","5"
"20180117","수","남","10대","서울특별시","금천구","독산동","중국집","5"
"20180117","수","남","60대이상","서울특별시","금천구","독산동","중국집","5"
"20180117","수","남","10대","서울특별시","노원구","공릉동","중국집","5"
"20180117","수","남","10대","서울특별시","노원구","상계동","중국집","15"
"20180117","수","남","20대","서울특별시","노원구","공릉동","중국집","5"
"20180117","수","남","20대","서울특별시","노원구","상계동","중국집","27"
"20180117","수","남","30대","서울특별시","노원구","공릉동","중국집","5"
"20180117","수","남","30대","서울특별시","노원구","상계동","중국집","23"
"20180117","수","남","30대","서울특별시","노원구","월계동","중국집","5"
"20180117","수","남","40대","서울특별시","노원구","상계동","중국집","41"
"20180117","수","남","30대","서울특별시","노원구","중계동","중국집","5"
"20180117","수","남","40대","서울특별시","노원구","월계동","중국집","5"
"20180117","수","남","50대","서울특별시","노원구","공릉동","중국집","5"
"20180117","수","남","50대","서울특별시","노원구","상계동","중국집","32"
"20180117","수","남","50대","서울특별시","노원구","월계동","중국집","5"
"20180117","수","남","50대","서울특별시","노원구","중계동","중국집","5"
"20180117","수","남","60대이상","서울특별시","노원구","상계동","중국집","15"
"20180117","수","남","60대이상","서울특별시","노원구","월계동","중국집","5"
"20180117","수","여","10대","서울특별시","노원구","공릉동","중국집","5"
"20180117","수","여","10대","서울특별시","노원구","상계동","중국집","5"
"20180117","수","남","20대","서울특별시","노원구","중계동","중국집","5"
"20180117","수","여","20대","서울특별시","노원구","상계동","중국집","8"
"20180117","수","여","30대","서울특별시","노원구","상계동","중국집","30"
"20180117","수","여","30대","서울특별시","노원구","공릉동","중국집","5"
"20180117","수","여","10대","서울특별시","노원구","월계동","중국집","5"
"20180117","수","여","40대","서울특별시","노원구","상계동","중국집","74"
"20180117","수","여","50대","서울특별시","노원구","상계동","중국집","38"
"20180117","수","여","60대이상","서울특별시","노원구","상계동","중국집","15"
"20180117","수","여","20대","서울특별시","노원구","공릉동","중국집","5"
"20180117","수","여","60대이상","서울특별시","노원구","월계동","중국집","5"
"20180117","수","여","60대이상","서울특별시","노원구","중계동","중국집","5"
"20180117","수","남","10대","서울특별시","노원구","중계동","중국집","5"
"20180117","수","남","10대","서울특별시","도봉구","쌍문동","중국집","5"
"20180117","수","남","20대","서울특별시","도봉구","방학동","중국집","5"
"20180117","수","남","20대","서울특별시","도봉구","쌍문동","중국집","5"
"20180117","수","남","30대","서울특별시","도봉구","쌍문동","중국집","5"
"20180117","수","남","40대","서울특별시","도봉구","도봉동","중국집","5"
"20180117","수","남","40대","서울특별시","도봉구","방학동","중국집","5"
"20180117","수","남","60대이상","서울특별시","도봉구","도봉동","중국집","5"
"20180117","수","남","60대이상","서울특별시","도봉구","방학동","중국집","5"
"20180117","수","남","60대이상","서울특별시","도봉구","쌍문동","중국집","5"
"20180117","수","여","20대","서울특별시","도봉구","도봉동","중국집","5"
"20180117","수","여","30대","서울특별시","도봉구","쌍문동","중국집","5"
"20180117","수","여","40대","서울특별시","도봉구","도봉동","중국집","5"
"20180117","수","여","40대","서울특별시","도봉구","방학동","중국집","5"
"20180117","수","여","50대","서울특별시","도봉구","방학동","중국집","5"
"20180117","수","남","30대","서울특별시","도봉구","도봉동","중국집","5"
"20180117","수","여","20대","서울특별시","도봉구","쌍문동","중국집","5"
"20180117","수","여","60대이상","서울특별시","도봉구","도봉동","중국집","5"
"20180117","수","남","40대","서울특별시","도봉구","쌍문동","중국집","5"
"20180117","수","여","60대이상","서울특별시","도봉구","방학동","중국집","5"
"20180117","수","여","40대","서울특별시","도봉구","쌍문동","중국집","6"
"20180117","수","여","60대이상","서울특별시","도봉구","쌍문동","중국집","5"
"20180117","수","남","10대","서울특별시","동대문구","장안동","중국집","5"
"20180117","수","남","10대","서울특별시","동대문구","제기동","중국집","5"
"20180117","수","남","20대","서울특별시","동대문구","전농동","중국집","5"
"20180117","수","남","20대","서울특별시","동대문구","제기동","중국집","40"
"20180117","수","남","10대","서울특별시","동대문구","답십리동","중국집","5"
"20180117","수","남","30대","서울특별시","동대문구","답십리동","중국집","5"
"20180117","수","남","30대","서울특별시","동대문구","전농동","중국집","5"
"20180117","수","남","40대","서울특별시","동대문구","답십리동","중국집","5"
"20180117","수","남","40대","서울특별시","동대문구","제기동","중국집","48"
"20180117","수","남","50대","서울특별시","동대문구","장안동","중국집","38"
"20180117","수","남","50대","서울특별시","동대문구","제기동","중국집","38"
"20180117","수","남","30대","서울특별시","동대문구","장안동","중국집","43"
"20180117","수","남","60대이상","서울특별시","동대문구","답십리동","중국집","5"
"20180117","수","남","60대이상","서울특별시","동대문구","제기동","중국집","24"
"20180117","수","남","60대이상","서울특별시","동대문구","전농동","중국집","5"
"20180117","수","여","10대","서울특별시","동대문구","전농동","중국집","5"
"20180117","수","남","60대이상","서울특별시","동대문구","장안동","중국집","6"
"20180117","수","여","10대","서울특별시","동대문구","제기동","중국집","5"
"20180117","수","여","20대","서울특별시","동대문구","장안동","중국집","5"
"20180117","수","남","50대","서울특별시","동대문구","답십리동","중국집","5"
"20180117","수","여","20대","서울특별시","동대문구","전농동","중국집","5"
"20180117","수","남","20대","서울특별시","동대문구","장안동","중국집","30"
"20180117","수","남","10대","서울특별시","동대문구","전농동","중국집","5"
"20180117","수","여","20대","서울특별시","동대문구","제기동","중국집","13"
"20180117","수","여","10대","서울특별시","동대문구","장안동","중국집","5"
"20180117","수","여","30대","서울특별시","동대문구","답십리동","중국집","5"
"20180117","수","여","30대","서울특별시","동대문구","장안동","중국집","36"
"20180117","수","여","30대","서울특별시","동대문구","제기동","중국집","21"
"20180117","수","여","40대","서울특별시","동대문구","장안동","중국집","42"
"20180117","수","여","40대","서울특별시","동대문구","전농동","중국집","6"
"20180117","수","남","40대","서울특별시","동대문구","전농동","중국집","5"
"20180117","수","여","40대","서울특별시","동대문구","제기동","중국집","42"
"20180117","수","여","50대","서울특별시","동대문구","장안동","중국집","13"
"20180117","수","여","50대","서울특별시","동대문구","제기동","중국집","19"
"20180117","수","여","60대이상","서울특별시","동대문구","장안동","중국집","10"
"20180117","수","여","40대","서울특별시","동대문구","휘경동","중국집","5"
"20180117","수","여","60대이상","서울특별시","동대문구","제기동","중국집","25"
"20180117","수","남","30대","서울특별시","동대문구","제기동","중국집","43"
"20180117","수","여","60대이상","서울특별시","동대문구","휘경동","중국집","5"
"20180117","수","남","40대","서울특별시","동대문구","장안동","중국집","41"
"20180117","수","남","10대","서울특별시","동작구","신대방동","중국집","11"
"20180117","수","남","20대","서울특별시","동작구","본동","중국집","5"
"20180117","수","남","10대","서울특별시","동작구","노량진동","중국집","5"
"20180117","수","남","20대","서울특별시","동작구","상도동","중국집","5"
"20180117","수","남","20대","서울특별시","동작구","신대방동","중국집","59"
"20180117","수","남","30대","서울특별시","동작구","본동","중국집","5"
"20180117","수","남","30대","서울특별시","동작구","상도동","중국집","5"
"20180117","수","남","20대","서울특별시","동작구","사당동","중국집","5"
"20180117","수","남","30대","서울특별시","동작구","신대방동","중국집","94"
"20180117","수","남","40대","서울특별시","동작구","사당동","중국집","5"
"20180117","수","남","20대","서울특별시","동작구","노량진동","중국집","5"
"20180117","수","남","40대","서울특별시","동작구","신대방동","중국집","86"
"20180117","수","남","40대","서울특별시","동작구","상도동","중국집","5"
"20180117","수","남","50대","서울특별시","동작구","노량진동","중국집","5"
"20180117","수","남","50대","서울특별시","동작구","신대방동","중국집","69"
"20180117","수","남","60대이상","서울특별시","동작구","본동","중국집","5"
"20180117","수","남","50대","서울특별시","동작구","상도동","중국집","5"
"20180117","수","남","60대이상","서울특별시","동작구","상도동","중국집","5"
"20180117","수","남","60대이상","서울특별시","동작구","신대방동","중국집","34"
"20180117","수","남","30대","서울특별시","동작구","흑석동","중국집","5"
"20180117","수","여","20대","서울특별시","동작구","노량진동","중국집","5"
"20180117","수","남","60대이상","서울특별시","동작구","대방동","중국집","5"
"20180117","수","여","20대","서울특별시","동작구","본동","중국집","5"
"20180117","수","여","20대","서울특별시","동작구","사당동","중국집","5"
"20180117","수","여","20대","서울특별시","동작구","상도동","중국집","5"
"20180117","수","여","20대","서울특별시","동작구","신대방동","중국집","28"
"20180117","수","남","30대","서울특별시","동작구","노량진동","중국집","5"
"20180117","수","여","30대","서울특별시","동작구","노량진동","중국집","5"
"20180117","수","여","30대","서울특별시","동작구","사당동","중국집","5"
"20180117","수","남","20대","서울특별시","동작구","대방동","중국집","5"
"20180117","수","여","30대","서울특별시","동작구","상도동","중국집","5"
"20180117","수","여","30대","서울특별시","동작구","신대방동","중국집","77"
"20180117","수","여","40대","서울특별시","동작구","노량진동","중국집","5"
"20180117","수","여","40대","서울특별시","동작구","본동","중국집","5"
"20180117","수","남","60대이상","서울특별시","동작구","사당동","중국집","5"
"20180117","수","여","40대","서울특별시","동작구","사당동","중국집","5"
"20180117","수","여","40대","서울특별시","동작구","상도동","중국집","7"
"20180117","수","여","40대","서울특별시","동작구","신대방동","중국집","104"
"20180117","수","여","50대","서울특별시","동작구","노량진동","중국집","5"
"20180117","수","남","40대","서울특별시","동작구","본동","중국집","5"
"20180117","수","여","10대","서울특별시","동작구","신대방동","중국집","7"
"20180117","수","여","50대","서울특별시","동작구","사당동","중국집","5"
"20180117","수","여","50대","서울특별시","동작구","신대방동","중국집","53"
"20180117","수","여","60대이상","서울특별시","동작구","노량진동","중국집","5"
"20180117","수","여","60대이상","서울특별시","동작구","대방동","중국집","5"
"20180117","수","여","60대이상","서울특별시","동작구","본동","중국집","5"
"20180117","수","여","30대","서울특별시","동작구","본동","중국집","5"
"20180117","수","여","60대이상","서울특별시","동작구","사당동","중국집","5"
"20180117","수","여","60대이상","서울특별시","동작구","상도동","중국집","5"
"20180117","수","여","60대이상","서울특별시","동작구","신대방동","중국집","38"
"20180117","수","남","10대","서울특별시","동작구","상도동","중국집","5"
"20180117","수","남","50대","서울특별시","동작구","사당동","중국집","5"
"20180117","수","남","10대","서울특별시","마포구","상암동","중국집","5"
"20180117","수","남","10대","서울특별시","마포구","신수동","중국집","5"
"20180117","수","남","20대","서울특별시","마포구","마포동","중국집","5"
"20180117","수","남","20대","서울특별시","마포구","신공덕동","중국집","5"
"20180117","수","남","20대","서울특별시","마포구","신수동","중국집","5"
"20180117","수","남","20대","서울특별시","마포구","합정동","중국집","10"
"20180117","수","남","30대","서울특별시","마포구","공덕동","중국집","5"
"20180117","수","남","20대","서울특별시","마포구","상암동","중국집","7"
"20180117","수","남","30대","서울특별시","마포구","신공덕동","중국집","5"
"20180117","수","남","30대","서울특별시","마포구","망원동","중국집","5"
"20180117","수","남","20대","서울특별시","마포구","대흥동","중국집","5"
"20180117","수","남","30대","서울특별시","마포구","합정동","중국집","11"
"20180117","수","남","40대","서울특별시","마포구","마포동","중국집","5"
"20180117","수","남","40대","서울특별시","마포구","망원동","중국집","5"
"20180117","수","남","40대","서울특별시","마포구","합정동","중국집","15"
"20180117","수","남","50대","서울특별시","마포구","마포동","중국집","5"
"20180117","수","남","50대","서울특별시","마포구","신공덕동","중국집","5"
"20180117","수","남","40대","서울특별시","마포구","상암동","중국집","13"
"20180117","수","남","50대","서울특별시","마포구","망원동","중국집","5"
"20180117","수","남","50대","서울특별시","마포구","상암동","중국집","11"
"20180117","수","남","50대","서울특별시","마포구","염리동","중국집","5"
"20180117","수","남","60대이상","서울특별시","마포구","공덕동","중국집","5"
"20180117","수","남","60대이상","서울특별시","마포구","신수동","중국집","5"
"20180117","수","남","20대","서울특별시","마포구","망원동","중국집","5"
"20180117","수","여","10대","서울특별시","마포구","상암동","중국집","5"
"20180117","수","여","10대","서울특별시","마포구","서교동","중국집","5"
"20180117","수","여","20대","서울특별시","마포구","망원동","중국집","5"
"20180117","수","여","20대","서울특별시","마포구","상암동","중국집","10"
"20180117","수","여","20대","서울특별시","마포구","염리동","중국집","5"
"20180117","수","여","20대","서울특별시","마포구","합정동","중국집","12"
"20180117","수","여","30대","서울특별시","마포구","대흥동","중국집","5"
"20180117","수","남","40대","서울특별시","마포구","대흥동","중국집","5"
"20180117","수","여","30대","서울특별시","마포구","망원동","중국집","5"
"20180117","수","여","30대","서울특별시","마포구","상수동","중국집","5"
"20180117","수","여","30대","서울특별시","마포구","상암동","중국집","15"
"20180117","수","여","30대","서울특별시","마포구","신공덕동","중국집","5"
"20180117","수","여","20대","서울특별시","마포구","신공덕동","중국집","5"
"20180117","수","남","30대","서울특별시","마포구","마포동","중국집","5"
"20180117","수","여","30대","서울특별시","마포구","합정동","중국집","5"
"20180117","수","여","40대","서울특별시","마포구","대흥동","중국집","5"
"20180117","수","남","60대이상","서울특별시","마포구","상암동","중국집","7"
"20180117","수","여","40대","서울특별시","마포구","망원동","중국집","5"
"20180117","수","여","40대","서울특별시","마포구","상암동","중국집","28"
"20180117","수","여","40대","서울특별시","마포구","신공덕동","중국집","5"
"20180117","수","여","40대","서울특별시","마포구","신수동","중국집","5"
"20180117","수","남","20대","서울특별시","마포구","창전동","중국집","5"
"20180117","수","여","40대","서울특별시","마포구","창전동","중국집","5"
"20180117","수","남","50대","서울특별시","마포구","합정동","중국집","8"
"20180117","수","여","40대","서울특별시","마포구","합정동","중국집","14"
"20180117","수","여","50대","서울특별시","마포구","상암동","중국집","12"
"20180117","수","여","50대","서울특별시","마포구","염리동","중국집","5"
"20180117","수","여","50대","서울특별시","마포구","창전동","중국집","5"
"20180117","수","여","50대","서울특별시","마포구","합정동","중국집","6"
"20180117","수","남","30대","서울특별시","마포구","염리동","중국집","5"
"20180117","수","여","40대","서울특별시","마포구","마포동","중국집","5"
"20180117","수","남","30대","서울특별시","마포구","상암동","중국집","11"
"20180117","수","여","50대","서울특별시","마포구","신공덕동","중국집","5"
"20180117","수","여","60대이상","서울특별시","마포구","대흥동","중국집","5"
"20180117","수","여","20대","서울특별시","마포구","신수동","중국집","5"
"20180117","수","여","40대","서울특별시","마포구","서교동","중국집","5"
"20180117","수","남","60대이상","서울특별시","마포구","합정동","중국집","5"
"20180117","수","여","60대이상","서울특별시","마포구","상암동","중국집","13"
"20180117","수","여","60대이상","서울특별시","마포구","합정동","중국집","5"
"20180117","수","남","20대","서울특별시","마포구","공덕동","중국집","5"
"20180117","수","남","10대","서울특별시","서대문구","홍제동","중국집","7"
"20180117","수","남","20대","서울특별시","서대문구","충정로3가","중국집","5"
"20180117","수","남","20대","서울특별시","서대문구","홍제동","중국집","18"
"20180117","수","남","30대","서울특별시","서대문구","남가좌동","중국집","5"
"20180117","수","남","30대","서울특별시","서대문구","북가좌동","중국집","5"
"20180117","수","남","30대","서울특별시","서대문구","충정로3가","중국집","5"
"20180117","수","남","30대","서울특별시","서대문구","홍은동","중국집","5"
"20180117","수","남","40대","서울특별시","서대문구","창천동","중국집","27"
"20180117","수","남","40대","서울특별시","서대문구","홍제동","중국집","25"
"20180117","수","남","50대","서울특별시","서대문구","남가좌동","중국집","5"
"20180117","수","남","50대","서울특별시","서대문구","연희동","중국집","30"
"20180117","수","남","50대","서울특별시","서대문구","홍은동","중국집","5"
"20180117","수","남","20대","서울특별시","서대문구","창천동","중국집","15"
"20180117","수","남","50대","서울특별시","서대문구","홍제동","중국집","18"
"20180117","수","남","20대","서울특별시","서대문구","남가좌동","중국집","5"
"20180117","수","남","60대이상","서울특별시","서대문구","남가좌동","중국집","5"
"20180117","수","남","60대이상","서울특별시","서대문구","연희동","중국집","21"
"20180117","수","남","10대","서울특별시","서대문구","홍은동","중국집","5"
"20180117","수","남","60대이상","서울특별시","서대문구","창천동","중국집","9"
"20180117","수","남","60대이상","서울특별시","서대문구","홍제동","중국집","12"
"20180117","수","여","10대","서울특별시","서대문구","남가좌동","중국집","5"
"20180117","수","여","10대","서울특별시","서대문구","충정로3가","중국집","5"
"20180117","수","남","30대","서울특별시","서대문구","연희동","중국집","54"
"20180117","수","남","20대","서울특별시","서대문구","연희동","중국집","28"
"20180117","수","남","20대","서울특별시","서대문구","홍은동","중국집","5"
"20180117","수","남","10대","서울특별시","서대문구","창천동","중국집","5"
"20180117","수","여","10대","서울특별시","서대문구","홍제동","중국집","5"
"20180117","수","여","20대","서울특별시","서대문구","홍제동","중국집","6"
"20180117","수","여","30대","서울특별시","서대문구","연희동","중국집","35"
"20180117","수","남","30대","서울특별시","서대문구","홍제동","중국집","30"
"20180117","수","여","30대","서울특별시","서대문구","충정로3가","중국집","5"
"20180117","수","여","30대","서울특별시","서대문구","홍제동","중국집","24"
"20180117","수","여","40대","서울특별시","서대문구","북가좌동","중국집","5"
"20180117","수","여","20대","서울특별시","서대문구","연희동","중국집","31"
"20180117","수","여","30대","서울특별시","서대문구","홍은동","중국집","5"
"20180117","수","여","40대","서울특별시","서대문구","연희동","중국집","31"
"20180117","수","여","30대","서울특별시","서대문구","창천동","중국집","21"
"20180117","수","여","40대","서울특별시","서대문구","창천동","중국집","32"
"20180117","수","여","40대","서울특별시","서대문구","홍제동","중국집","32"
"20180117","수","여","20대","서울특별시","서대문구","충정로3가","중국집","5"
"20180117","수","남","60대이상","서울특별시","서대문구","충정로3가","중국집","5"
"20180117","수","여","20대","서울특별시","서대문구","창천동","중국집","5"
"20180117","수","남","10대","서울특별시","서대문구","연희동","중국집","5"
"20180117","수","여","50대","서울특별시","서대문구","북아현동","중국집","5"
"20180117","수","여","50대","서울특별시","서대문구","연희동","중국집","16"
"20180117","수","여","50대","서울특별시","서대문구","창천동","중국집","11"
"20180117","수","여","50대","서울특별시","서대문구","홍제동","중국집","12"
"20180117","수","남","50대","서울특별시","서대문구","창천동","중국집","12"
"20180117","수","여","60대이상","서울특별시","서대문구","북아현동","중국집","5"
"20180117","수","여","10대","서울특별시","서대문구","연희동","중국집","6"
"20180117","수","남","40대","서울특별시","서대문구","연희동","중국집","41"
"20180117","수","여","60대이상","서울특별시","서대문구","연희동","중국집","9"
"20180117","수","남","10대","서울특별시","서대문구","충정로3가","중국집","5"
"20180117","수","여","60대이상","서울특별시","서대문구","창천동","중국집","12"
"20180117","수","여","60대이상","서울특별시","서대문구","충정로3가","중국집","5"
"20180117","수","여","60대이상","서울특별시","서대문구","홍제동","중국집","9"
"20180117","수","남","30대","서울특별시","서대문구","창천동","중국집","36"
"20180117","수","남","10대","서울특별시","서초구","방배동","중국집","13"
"20180117","수","남","10대","서울특별시","서초구","서초동","중국집","5"
"20180117","수","남","20대","서울특별시","서초구","방배동","중국집","37"
"20180117","수","남","20대","서울특별시","서초구","양재동","중국집","20"
"20180117","수","남","30대","서울특별시","서초구","내곡동","중국집","5"
"20180117","수","남","20대","서울특별시","서초구","반포동","중국집","8"
"20180117","수","남","30대","서울특별시","서초구","반포동","중국집","9"
"20180117","수","남","30대","서울특별시","서초구","방배동","중국집","44"
"20180117","수","남","10대","서울특별시","서초구","반포동","중국집","6"
"20180117","수","남","30대","서울특별시","서초구","양재동","중국집","36"
"20180117","수","남","30대","서울특별시","서초구","서초동","중국집","7"
"20180117","수","남","40대","서울특별시","서초구","반포동","중국집","13"
"20180117","수","남","40대","서울특별시","서초구","방배동","중국집","50"
"20180117","수","남","40대","서울특별시","서초구","서초동","중국집","11"
"20180117","수","남","40대","서울특별시","서초구","양재동","중국집","32"
"20180117","수","남","40대","서울특별시","서초구","잠원동","중국집","5"
"20180117","수","남","50대","서울특별시","서초구","내곡동","중국집","5"
"20180117","수","남","50대","서울특별시","서초구","반포동","중국집","10"
"20180117","수","남","50대","서울특별시","서초구","양재동","중국집","28"
"20180117","수","남","60대이상","서울특별시","서초구","반포동","중국집","12"
"20180117","수","남","10대","서울특별시","서초구","양재동","중국집","6"
"20180117","수","남","60대이상","서울특별시","서초구","방배동","중국집","29"
"20180117","수","남","60대이상","서울특별시","서초구","서초동","중국집","5"
"20180117","수","여","10대","서울특별시","서초구","서초동","중국집","5"
"20180117","수","여","10대","서울특별시","서초구","양재동","중국집","5"
"20180117","수","여","20대","서울특별시","서초구","내곡동","중국집","5"
"20180117","수","여","20대","서울특별시","서초구","반포동","중국집","5"
"20180117","수","여","20대","서울특별시","서초구","방배동","중국집","29"
"20180117","수","여","20대","서울특별시","서초구","서초동","중국집","5"
"20180117","수","여","30대","서울특별시","서초구","반포동","중국집","10"
"20180117","수","여","30대","서울특별시","서초구","신원동","중국집","5"
"20180117","수","남","60대이상","서울특별시","서초구","양재동","중국집","19"
"20180117","수","여","30대","서울특별시","서초구","양재동","중국집","33"
"20180117","수","남","50대","서울특별시","서초구","서초동","중국집","10"
"20180117","수","여","40대","서울특별시","서초구","내곡동","중국집","5"
"20180117","수","남","20대","서울특별시","서초구","서초동","중국집","6"
"20180117","수","여","40대","서울특별시","서초구","반포동","중국집","31"
"20180117","수","여","40대","서울특별시","서초구","서초동","중국집","9"
"20180117","수","여","40대","서울특별시","서초구","방배동","중국집","62"
"20180117","수","여","30대","서울특별시","서초구","서초동","중국집","5"
"20180117","수","여","10대","서울특별시","서초구","방배동","중국집","5"
"20180117","수","남","20대","서울특별시","서초구","내곡동","중국집","5"
"20180117","수","여","40대","서울특별시","서초구","양재동","중국집","37"
"20180117","수","여","50대","서울특별시","서초구","내곡동","중국집","5"
"20180117","수","남","50대","서울특별시","서초구","방배동","중국집","37"
"20180117","수","여","50대","서울특별시","서초구","방배동","중국집","41"
"20180117","수","여","30대","서울특별시","서초구","방배동","중국집","44"
"20180117","수","여","10대","서울특별시","서초구","반포동","중국집","5"
"20180117","수","여","50대","서울특별시","서초구","서초동","중국집","5"
"20180117","수","남","40대","서울특별시","서초구","내곡동","중국집","5"
"20180117","수","여","50대","서울특별시","서초구","양재동","중국집","18"
"20180117","수","여","60대이상","서울특별시","서초구","반포동","중국집","6"
"20180117","수","여","50대","서울특별시","서초구","반포동","중국집","15"
"20180117","수","여","60대이상","서울특별시","서초구","방배동","중국집","35"
"20180117","수","여","60대이상","서울특별시","서초구","서초동","중국집","5"
"20180117","수","남","50대","서울특별시","서초구","잠원동","중국집","5"
"20180117","수","여","20대","서울특별시","서초구","양재동","중국집","7"
"20180117","수","여","60대이상","서울특별시","서초구","양재동","중국집","14"
"20180117","수","남","10대","서울특별시","성동구","성수동2가","중국집","10"
"20180117","수","남","10대","서울특별시","성동구","옥수동","중국집","5"
"20180117","수","남","20대","서울특별시","성동구","옥수동","중국집","12"
"20180117","수","남","20대","서울특별시","성동구","홍익동","중국집","5"
"20180117","수","남","30대","서울특별시","성동구","마장동","중국집","5"
"20180117","수","남","30대","서울특별시","성동구","성수동2가","중국집","84"
"20180117","수","남","40대","서울특별시","성동구","옥수동","중국집","24"
"20180117","수","남","50대","서울특별시","성동구","성수동2가","중국집","46"
"20180117","수","남","50대","서울특별시","성동구","옥수동","중국집","21"
"20180117","수","남","50대","서울특별시","성동구","홍익동","중국집","5"
"20180117","수","남","60대이상","서울특별시","성동구","성수동2가","중국집","33"
"20180117","수","남","30대","서울특별시","성동구","옥수동","중국집","22"
"20180117","수","남","20대","서울특별시","성동구","성수동2가","중국집","54"
"20180117","수","여","10대","서울특별시","성동구","성수동2가","중국집","7"
"20180117","수","여","20대","서울특별시","성동구","성수동2가","중국집","20"
"20180117","수","여","20대","서울특별시","성동구","옥수동","중국집","5"
"20180117","수","여","30대","서울특별시","성동구","성수동2가","중국집","56"
"20180117","수","여","30대","서울특별시","성동구","옥수동","중국집","12"
"20180117","수","여","40대","서울특별시","성동구","성수동2가","중국집","70"
"20180117","수","남","40대","서울특별시","성동구","성수동2가","중국집","61"
"20180117","수","남","60대이상","서울특별시","성동구","옥수동","중국집","11"
"20180117","수","여","40대","서울특별시","성동구","옥수동","중국집","17"
"20180117","수","여","50대","서울특별시","성동구","성수동2가","중국집","47"
"20180117","수","여","50대","서울특별시","성동구","옥수동","중국집","15"
"20180117","수","여","60대이상","서울특별시","성동구","성수동2가","중국집","23"
"20180117","수","여","60대이상","서울특별시","성동구","옥수동","중국집","8"
"20180117","수","남","10대","서울특별시","성북구","동선동2가","중국집","5"
"20180117","수","남","10대","서울특별시","성북구","정릉동","중국집","5"
"20180117","수","남","10대","서울특별시","성북구","하월곡동","중국집","5"
"20180117","수","남","20대","서울특별시","성북구","정릉동","중국집","5"
"20180117","수","남","30대","서울특별시","성북구","안암동5가","중국집","5"
"20180117","수","남","10대","서울특별시","성북구","길음동","중국집","5"
"20180117","수","남","30대","서울특별시","성북구","정릉동","중국집","5"
"20180117","수","남","40대","서울특별시","성북구","길음동","중국집","5"
"20180117","수","남","40대","서울특별시","성북구","동선동3가","중국집","5"
"20180117","수","남","40대","서울특별시","성북구","성북동","중국집","5"
"20180117","수","남","20대","서울특별시","성북구","하월곡동","중국집","5"
"20180117","수","남","40대","서울특별시","성북구","정릉동","중국집","5"
"20180117","수","남","40대","서울특별시","성북구","하월곡동","중국집","5"
"20180117","수","남","50대","서울특별시","성북구","동선동2가","중국집","35"
"20180117","수","남","50대","서울특별시","성북구","하월곡동","중국집","5"
"20180117","수","남","60대이상","서울특별시","성북구","동선동2가","중국집","17"
"20180117","수","남","60대이상","서울특별시","성북구","상월곡동","중국집","5"
"20180117","수","남","60대이상","서울특별시","성북구","삼선동5가","중국집","5"
"20180117","수","남","60대이상","서울특별시","성북구","정릉동","중국집","5"
"20180117","수","남","30대","서울특별시","성북구","삼선동5가","중국집","5"
"20180117","수","남","60대이상","서울특별시","성북구","종암동","중국집","5"
"20180117","수","여","10대","서울특별시","성북구","길음동","중국집","5"
"20180117","수","여","10대","서울특별시","성북구","동선동2가","중국집","5"
"20180117","수","여","10대","서울특별시","성북구","삼선동5가","중국집","5"
"20180117","수","여","10대","서울특별시","성북구","종암동","중국집","5"
"20180117","수","여","20대","서울특별시","성북구","삼선동5가","중국집","5"
"20180117","수","남","30대","서울특별시","성북구","동선동2가","중국집","30"
"20180117","수","남","50대","서울특별시","성북구","삼선동5가","중국집","5"
"20180117","수","여","20대","서울특별시","성북구","정릉동","중국집","5"
"20180117","수","여","20대","서울특별시","성북구","하월곡동","중국집","5"
"20180117","수","여","30대","서울특별시","성북구","동선동2가","중국집","24"
"20180117","수","여","30대","서울특별시","성북구","동선동3가","중국집","5"
"20180117","수","여","30대","서울특별시","성북구","삼선동5가","중국집","5"
"20180117","수","여","20대","서울특별시","성북구","동선동2가","중국집","13"
"20180117","수","여","30대","서울특별시","성북구","정릉동","중국집","5"
"20180117","수","남","50대","서울특별시","성북구","정릉동","중국집","5"
"20180117","수","여","30대","서울특별시","성북구","하월곡동","중국집","5"
"20180117","수","여","40대","서울특별시","성북구","동선동2가","중국집","32"
"20180117","수","여","40대","서울특별시","성북구","동선동3가","중국집","5"
"20180117","수","남","10대","서울특별시","성북구","삼선동5가","중국집","5"
"20180117","수","남","40대","서울특별시","성북구","종암동","중국집","5"
"20180117","수","여","40대","서울특별시","성북구","삼선동5가","중국집","5"
"20180117","수","남","30대","서울특별시","성북구","종암동","중국집","6"
"20180117","수","여","40대","서울특별시","성북구","장위동","중국집","5"
"20180117","수","남","20대","서울특별시","성북구","동선동2가","중국집","23"
"20180117","수","여","40대","서울특별시","성북구","정릉동","중국집","5"
"20180117","수","여","50대","서울특별시","성북구","동선동2가","중국집","24"
"20180117","수","여","50대","서울특별시","성북구","정릉동","중국집","5"
"20180117","수","여","50대","서울특별시","성북구","하월곡동","중국집","5"
"20180117","수","여","60대이상","서울특별시","성북구","동선동2가","중국집","13"
"20180117","수","남","40대","서울특별시","성북구","동선동2가","중국집","45"
"20180117","수","여","60대이상","서울특별시","성북구","삼선동5가","중국집","5"
"20180117","수","남","20대","서울특별시","송파구","가락동","중국집","5"
"20180117","수","남","20대","서울특별시","송파구","송파동","중국집","47"
"20180117","수","남","20대","서울특별시","송파구","풍납동","중국집","5"
"20180117","수","남","30대","서울특별시","송파구","가락동","중국집","14"
"20180117","수","남","30대","서울특별시","송파구","송파동","중국집","77"
"20180117","수","남","10대","서울특별시","송파구","가락동","중국집","5"
"20180117","수","남","30대","서울특별시","송파구","풍납동","중국집","5"
"20180117","수","남","40대","서울특별시","송파구","가락동","중국집","9"
"20180117","수","남","40대","서울특별시","송파구","송파동","중국집","74"
"20180117","수","남","40대","서울특별시","송파구","풍납동","중국집","5"
"20180117","수","남","50대","서울특별시","송파구","가락동","중국집","5"
"20180117","수","남","50대","서울특별시","송파구","마천동","중국집","5"
"20180117","수","남","60대이상","서울특별시","송파구","가락동","중국집","5"
"20180117","수","남","60대이상","서울특별시","송파구","풍납동","중국집","5"
"20180117","수","여","10대","서울특별시","송파구","가락동","중국집","5"
"20180117","수","남","50대","서울특별시","송파구","풍납동","중국집","5"
"20180117","수","여","20대","서울특별시","송파구","가락동","중국집","5"
"20180117","수","여","20대","서울특별시","송파구","송파동","중국집","20"
"20180117","수","남","50대","서울특별시","송파구","송파동","중국집","65"
"20180117","수","남","60대이상","서울특별시","송파구","송파동","중국집","43"
"20180117","수","여","30대","서울특별시","송파구","가락동","중국집","8"
"20180117","수","남","10대","서울특별시","송파구","송파동","중국집","10"
"20180117","수","남","40대","서울특별시","송파구","마천동","중국집","5"
"20180117","수","여","30대","서울특별시","송파구","잠실동","중국집","5"
"20180117","수","여","30대","서울특별시","송파구","풍납동","중국집","5"
"20180117","수","여","40대","서울특별시","송파구","송파동","중국집","79"
"20180117","수","여","30대","서울특별시","송파구","송파동","중국집","50"
"20180117","수","여","10대","서울특별시","송파구","송파동","중국집","8"
"20180117","수","여","40대","서울특별시","송파구","풍납동","중국집","5"
"20180117","수","여","50대","서울특별시","송파구","가락동","중국집","5"
"20180117","수","여","30대","서울특별시","송파구","방이동","중국집","5"
"20180117","수","여","40대","서울특별시","송파구","가락동","중국집","11"
"20180117","수","여","50대","서울특별시","송파구","마천동","중국집","5"
"20180117","수","여","50대","서울특별시","송파구","송파동","중국집","32"
"20180117","수","여","60대이상","서울특별시","송파구","가락동","중국집","5"
"20180117","수","여","60대이상","서울특별시","송파구","마천동","중국집","5"
"20180117","수","여","20대","서울특별시","송파구","풍납동","중국집","5"
"20180117","수","여","60대이상","서울특별시","송파구","송파동","중국집","19"
"20180117","수","남","40대","서울특별시","송파구","방이동","중국집","5"
"20180117","수","남","10대","서울특별시","양천구","신월동","중국집","5"
"20180117","수","남","10대","서울특별시","양천구","신정동","중국집","5"
"20180117","수","남","20대","서울특별시","양천구","목동","중국집","5"
"20180117","수","남","20대","서울특별시","양천구","신월동","중국집","7"
"20180117","수","남","30대","서울특별시","양천구","신월동","중국집","5"
"20180117","수","남","30대","서울특별시","양천구","신정동","중국집","10"
"20180117","수","남","40대","서울특별시","양천구","신월동","중국집","5"
"20180117","수","남","50대","서울특별시","양천구","신정동","중국집","6"
"20180117","수","남","60대이상","서울특별시","양천구","신월동","중국집","5"
"20180117","수","남","60대이상","서울특별시","양천구","신정동","중국집","5"
"20180117","수","남","20대","서울특별시","양천구","신정동","중국집","10"
"20180117","수","여","10대","서울특별시","양천구","신정동","중국집","5"
"20180117","수","여","20대","서울특별시","양천구","신월동","중국집","5"
"20180117","수","남","30대","서울특별시","양천구","목동","중국집","5"
"20180117","수","여","20대","서울특별시","양천구","신정동","중국집","7"
"20180117","수","여","10대","서울특별시","양천구","신월동","중국집","5"
"20180117","수","여","30대","서울특별시","양천구","신월동","중국집","5"
"20180117","수","여","40대","서울특별시","양천구","목동","중국집","5"
"20180117","수","남","50대","서울특별시","양천구","신월동","중국집","5"
"20180117","수","여","40대","서울특별시","양천구","신월동","중국집","5"
"20180117","수","여","40대","서울특별시","양천구","신정동","중국집","16"
"20180117","수","여","30대","서울특별시","양천구","신정동","중국집","7"
"20180117","수","남","40대","서울특별시","양천구","목동","중국집","5"
"20180117","수","여","50대","서울특별시","양천구","신월동","중국집","5"
"20180117","수","여","50대","서울특별시","양천구","신정동","중국집","7"
"20180117","수","여","60대이상","서울특별시","양천구","신월동","중국집","5"
"20180117","수","남","40대","서울특별시","양천구","신정동","중국집","11"
"20180117","수","여","60대이상","서울특별시","양천구","신정동","중국집","5"
"20180117","수","남","10대","서울특별시","영등포구","대림동","중국집","5"
"20180117","수","남","10대","서울특별시","영등포구","여의도동","중국집","5"
"20180117","수","남","20대","서울특별시","영등포구","당산동3가","중국집","5"
"20180117","수","남","20대","서울특별시","영등포구","대림동","중국집","5"
"20180117","수","남","20대","서울특별시","영등포구","문래동2가","중국집","10"
"20180117","수","남","20대","서울특별시","영등포구","영등포동1가","중국집","5"
"20180117","수","남","30대","서울특별시","영등포구","대림동","중국집","5"
"20180117","수","남","30대","서울특별시","영등포구","문래동2가","중국집","7"
"20180117","수","남","30대","서울특별시","영등포구","영등포동1가","중국집","5"
"20180117","수","남","30대","서울특별시","영등포구","영등포동7가","중국집","5"
"20180117","수","남","40대","서울특별시","영등포구","영등포동1가","중국집","5"
"20180117","수","남","40대","서울특별시","영등포구","영등포동8가","중국집","5"
"20180117","수","남","50대","서울특별시","영등포구","문래동2가","중국집","18"
"20180117","수","남","50대","서울특별시","영등포구","문래동3가","중국집","12"
"20180117","수","남","50대","서울특별시","영등포구","여의도동","중국집","21"
"20180117","수","남","40대","서울특별시","영등포구","문래동3가","중국집","23"
"20180117","수","남","60대이상","서울특별시","영등포구","문래동2가","중국집","8"
"20180117","수","남","30대","서울특별시","영등포구","신길동","중국집","5"
"20180117","수","남","60대이상","서울특별시","영등포구","문래동3가","중국집","18"
"20180117","수","남","60대이상","서울특별시","영등포구","신길동","중국집","5"
"20180117","수","남","60대이상","서울특별시","영등포구","여의도동","중국집","7"
"20180117","수","남","60대이상","서울특별시","영등포구","영등포동1가","중국집","5"
"20180117","수","여","10대","서울특별시","영등포구","문래동2가","중국집","5"
"20180117","수","여","10대","서울특별시","영등포구","문래동3가","중국집","5"
"20180117","수","남","50대","서울특별시","영등포구","대림동","중국집","5"
"20180117","수","여","10대","서울특별시","영등포구","여의도동","중국집","5"
"20180117","수","여","20대","서울특별시","영등포구","당산동6가","중국집","5"
"20180117","수","여","20대","서울특별시","영등포구","문래동2가","중국집","5"
"20180117","수","여","20대","서울특별시","영등포구","여의도동","중국집","10"
"20180117","수","여","30대","서울특별시","영등포구","여의도동","중국집","15"
"20180117","수","여","30대","서울특별시","영등포구","영등포동1가","중국집","5"
"20180117","수","남","20대","서울특별시","영등포구","신길동","중국집","5"
"20180117","수","여","30대","서울특별시","영등포구","대림동","중국집","5"
"20180117","수","여","40대","서울특별시","영등포구","당산동6가","중국집","5"
"20180117","수","여","30대","서울특별시","영등포구","문래동3가","중국집","17"
"20180117","수","여","40대","서울특별시","영등포구","문래동2가","중국집","23"
"20180117","수","여","40대","서울특별시","영등포구","문래동3가","중국집","15"
"20180117","수","여","20대","서울특별시","영등포구","문래동3가","중국집","6"
"20180117","수","여","40대","서울특별시","영등포구","영등포동1가","중국집","5"
"20180117","수","남","30대","서울특별시","영등포구","여의도동","중국집","22"
"20180117","수","여","50대","서울특별시","영등포구","문래동2가","중국집","6"
"20180117","수","남","40대","서울특별시","영등포구","문래동2가","중국집","20"
"20180117","수","남","10대","서울특별시","영등포구","신길동","중국집","5"
"20180117","수","여","50대","서울특별시","영등포구","문래동3가","중국집","5"
"20180117","수","여","50대","서울특별시","영등포구","여의도동","중국집","15"
"20180117","수","여","50대","서울특별시","영등포구","영등포동1가","중국집","5"
"20180117","수","여","60대이상","서울특별시","영등포구","문래동2가","중국집","12"
"20180117","수","여","30대","서울특별시","영등포구","문래동2가","중국집","15"
"20180117","수","여","60대이상","서울특별시","영등포구","문래동3가","중국집","11"
"20180117","수","남","20대","서울특별시","영등포구","문래동3가","중국집","8"
"20180117","수","남","40대","서울특별시","영등포구","여의도동","중국집","31"
"20180117","수","남","10대","서울특별시","영등포구","문래동3가","중국집","5"
"20180117","수","남","50대","서울특별시","영등포구","신길동","중국집","5"
"20180117","수","여","60대이상","서울특별시","영등포구","신길동","중국집","5"
"20180117","수","남","20대","서울특별시","영등포구","여의도동","중국집","9"
"20180117","수","여","40대","서울특별시","영등포구","여의도동","중국집","20"
"20180117","수","여","60대이상","서울특별시","영등포구","여의도동","중국집","7"
"20180117","수","여","60대이상","서울특별시","영등포구","영등포동1가","중국집","5"
"20180117","수","남","30대","서울특별시","영등포구","문래동3가","중국집","25"
"20180117","수","여","20대","서울특별시","영등포구","대림동","중국집","5"
"20180117","수","남","20대","서울특별시","용산구","이태원동","중국집","5"
"20180117","수","남","20대","서울특별시","용산구","한강로3가","중국집","11"
"20180117","수","남","40대","서울특별시","용산구","이촌동","중국집","5"
"20180117","수","남","50대","서울특별시","용산구","신계동","중국집","5"
"20180117","수","남","50대","서울특별시","용산구","한강로3가","중국집","20"
"20180117","수","남","50대","서울특별시","용산구","후암동","중국집","32"
"20180117","수","남","60대이상","서울특별시","용산구","보광동","중국집","5"
"20180117","수","남","10대","서울특별시","용산구","이촌동","중국집","5"
"20180117","수","남","40대","서울특별시","용산구","한남동","중국집","5"
"20180117","수","남","60대이상","서울특별시","용산구","한강로3가","중국집","12"
"20180117","수","남","60대이상","서울특별시","용산구","후암동","중국집","16"
"20180117","수","여","10대","서울특별시","용산구","후암동","중국집","5"
"20180117","수","여","10대","서울특별시","용산구","이태원동","중국집","5"
"20180117","수","여","20대","서울특별시","용산구","보광동","중국집","5"
"20180117","수","여","20대","서울특별시","용산구","이촌동","중국집","5"
"20180117","수","여","20대","서울특별시","용산구","동자동","중국집","5"
"20180117","수","여","20대","서울특별시","용산구","이태원동","중국집","5"
"20180117","수","여","20대","서울특별시","용산구","후암동","중국집","12"
"20180117","수","남","30대","서울특별시","용산구","후암동","중국집","21"
"20180117","수","여","30대","서울특별시","용산구","갈월동","중국집","5"
"20180117","수","여","30대","서울특별시","용산구","동자동","중국집","5"
"20180117","수","남","40대","서울특별시","용산구","보광동","중국집","5"
"20180117","수","여","30대","서울특별시","용산구","원효로4가","중국집","5"
"20180117","수","남","20대","서울특별시","용산구","동자동","중국집","5"
"20180117","수","여","30대","서울특별시","용산구","이태원동","중국집","5"
"20180117","수","여","20대","서울특별시","용산구","한강로3가","중국집","6"
"20180117","수","남","30대","서울특별시","용산구","도원동","중국집","5"
"20180117","수","여","30대","서울특별시","용산구","한강로3가","중국집","20"
"20180117","수","여","30대","서울특별시","용산구","후암동","중국집","18"
"20180117","수","여","40대","서울특별시","용산구","동자동","중국집","5"
"20180117","수","남","40대","서울특별시","용산구","후암동","중국집","47"
"20180117","수","여","40대","서울특별시","용산구","보광동","중국집","5"
"20180117","수","남","20대","서울특별시","용산구","이촌동","중국집","5"
"20180117","수","여","10대","서울특별시","용산구","이촌동","중국집","5"
"20180117","수","여","40대","서울특별시","용산구","신계동","중국집","5"
"20180117","수","남","50대","서울특별시","용산구","원효로4가","중국집","5"
"20180117","수","남","40대","서울특별시","용산구","이태원동","중국집","8"
"20180117","수","여","40대","서울특별시","용산구","이태원동","중국집","5"
"20180117","수","남","30대","서울특별시","용산구","이태원동","중국집","5"
"20180117","수","여","40대","서울특별시","용산구","한강로3가","중국집","31"
"20180117","수","남","20대","서울특별시","용산구","보광동","중국집","5"
"20180117","수","여","30대","서울특별시","용산구","도원동","중국집","5"
"20180117","수","남","10대","서울특별시","용산구","이태원동","중국집","5"
"20180117","수","여","40대","서울특별시","용산구","한남동","중국집","5"
"20180117","수","여","40대","서울특별시","용산구","후암동","중국집","31"
"20180117","수","남","50대","서울특별시","용산구","동자동","중국집","5"
"20180117","수","여","30대","서울특별시","용산구","신계동","중국집","5"
"20180117","수","남","60대이상","서울특별시","용산구","원효로4가","중국집","5"
"20180117","수","여","50대","서울특별시","용산구","도원동","중국집","5"
"20180117","수","남","20대","서울특별시","용산구","원효로4가","중국집","5"
"20180117","수","여","20대","서울특별시","용산구","신계동","중국집","5"
"20180117","수","여","50대","서울특별시","용산구","이촌동","중국집","5"
"20180117","수","여","50대","서울특별시","용산구","이태원동","중국집","5"
"20180117","수","남","40대","서울특별시","용산구","신계동","중국집","5"
"20180117","수","남","40대","서울특별시","용산구","도원동","중국집","5"
"20180117","수","여","50대","서울특별시","용산구","한강로3가","중국집","21"
"20180117","수","남","40대","서울특별시","용산구","한강로3가","중국집","39"
"20180117","수","남","30대","서울특별시","용산구","동자동","중국집","5"
"20180117","수","남","30대","서울특별시","용산구","신계동","중국집","5"
"20180117","수","여","50대","서울특별시","용산구","동자동","중국집","5"
"20180117","수","남","30대","서울특별시","용산구","원효로4가","중국집","5"
"20180117","수","여","50대","서울특별시","용산구","후암동","중국집","6"
"20180117","수","여","30대","서울특별시","용산구","한남동","중국집","5"
"20180117","수","남","30대","서울특별시","용산구","한강로3가","중국집","29"
"20180117","수","여","60대이상","서울특별시","용산구","도원동","중국집","5"
"20180117","수","여","60대이상","서울특별시","용산구","동자동","중국집","5"
"20180117","수","남","60대이상","서울특별시","용산구","이촌동","중국집","5"
"20180117","수","남","40대","서울특별시","용산구","동자동","중국집","5"
"20180117","수","남","10대","서울특별시","용산구","후암동","중국집","5"
"20180117","수","남","50대","서울특별시","용산구","이촌동","중국집","5"
"20180117","수","여","60대이상","서울특별시","용산구","보광동","중국집","5"
"20180117","수","여","20대","서울특별시","용산구","갈월동","중국집","5"
"20180117","수","여","40대","서울특별시","용산구","이촌동","중국집","5"
"20180117","수","여","60대이상","서울특별시","용산구","신계동","중국집","5"
"20180117","수","남","20대","서울특별시","용산구","후암동","중국집","9"
"20180117","수","여","60대이상","서울특별시","용산구","원효로4가","중국집","5"
"20180117","수","여","60대이상","서울특별시","용산구","이태원동","중국집","5"
"20180117","수","남","40대","서울특별시","용산구","효창동","중국집","5"
"20180117","수","남","10대","서울특별시","용산구","보광동","중국집","5"
"20180117","수","여","60대이상","서울특별시","용산구","한강로3가","중국집","7"
"20180117","수","남","30대","서울특별시","용산구","보광동","중국집","5"
"20180117","수","남","30대","서울특별시","용산구","한남동","중국집","5"
"20180117","수","여","60대이상","서울특별시","용산구","후암동","중국집","15"
"20180117","수","남","20대","서울특별시","용산구","신계동","중국집","5"
"20180117","수","남","50대","서울특별시","용산구","보광동","중국집","5"
"20180117","수","남","10대","서울특별시","용산구","한강로3가","중국집","5"
"20180117","수","여","50대","서울특별시","용산구","보광동","중국집","5"
"20180117","수","여","30대","서울특별시","용산구","이촌동","중국집","6"
"20180117","수","남","10대","서울특별시","은평구","구산동","중국집","5"
"20180117","수","남","10대","서울특별시","은평구","불광동","중국집","6"
"20180117","수","남","20대","서울특별시","은평구","불광동","중국집","19"
"20180117","수","남","20대","서울특별시","은평구","구산동","중국집","5"
"20180117","수","남","20대","서울특별시","은평구","증산동","중국집","5"
"20180117","수","남","30대","서울특별시","은평구","불광동","중국집","32"
"20180117","수","남","30대","서울특별시","은평구","증산동","중국집","5"
"20180117","수","남","40대","서울특별시","은평구","불광동","중국집","40"
"20180117","수","남","40대","서울특별시","은평구","증산동","중국집","5"
"20180117","수","남","50대","서울특별시","은평구","불광동","중국집","10"
"20180117","수","남","50대","서울특별시","은평구","증산동","중국집","5"
"20180117","수","남","60대이상","서울특별시","은평구","수색동","중국집","5"
"20180117","수","남","60대이상","서울특별시","은평구","증산동","중국집","5"
"20180117","수","여","10대","서울특별시","은평구","불광동","중국집","5"
"20180117","수","남","10대","서울특별시","은평구","증산동","중국집","5"
"20180117","수","여","20대","서울특별시","은평구","불광동","중국집","5"
"20180117","수","여","20대","서울특별시","은평구","증산동","중국집","5"
"20180117","수","여","30대","서울특별시","은평구","구산동","중국집","5"
"20180117","수","여","10대","서울특별시","은평구","구산동","중국집","5"
"20180117","수","여","30대","서울특별시","은평구","불광동","중국집","32"
"20180117","수","남","60대이상","서울특별시","은평구","구산동","중국집","5"
"20180117","수","여","30대","서울특별시","은평구","증산동","중국집","5"
"20180117","수","여","40대","서울특별시","은평구","불광동","중국집","34"
"20180117","수","남","60대이상","서울특별시","은평구","불광동","중국집","17"
"20180117","수","여","50대","서울특별시","은평구","증산동","중국집","5"
"20180117","수","여","60대이상","서울특별시","은평구","구산동","중국집","5"
"20180117","수","여","50대","서울특별시","은평구","불광동","중국집","19"
"20180117","수","여","60대이상","서울특별시","은평구","불광동","중국집","13"
"20180117","수","남","20대","서울특별시","종로구","교남동","중국집","5"
"20180117","수","남","20대","서울특별시","종로구","낙원동","중국집","5"
"20180117","수","남","20대","서울특별시","종로구","종로3가","중국집","5"
"20180117","수","남","30대","서울특별시","종로구","원서동","중국집","5"
"20180117","수","남","30대","서울특별시","종로구","종로6가","중국집","5"
"20180117","수","남","30대","서울특별시","종로구","창성동","중국집","5"
"20180117","수","남","30대","서울특별시","종로구","평창동","중국집","5"
"20180117","수","남","40대","서울특별시","종로구","낙원동","중국집","7"
"20180117","수","남","40대","서울특별시","종로구","창성동","중국집","5"
"20180117","수","남","50대","서울특별시","종로구","교남동","중국집","5"
"20180117","수","남","50대","서울특별시","종로구","낙원동","중국집","5"
"20180117","수","남","50대","서울특별시","종로구","숭인동","중국집","5"
"20180117","수","남","20대","서울특별시","종로구","평창동","중국집","5"
"20180117","수","남","50대","서울특별시","종로구","종로6가","중국집","5"
"20180117","수","남","50대","서울특별시","종로구","창성동","중국집","5"
"20180117","수","남","20대","서울특별시","종로구","창성동","중국집","5"
"20180117","수","남","40대","서울특별시","종로구","평창동","중국집","5"
"20180117","수","남","50대","서울특별시","종로구","원서동","중국집","5"
"20180117","수","남","20대","서울특별시","종로구","신문로2가","중국집","5"
"20180117","수","남","50대","서울특별시","종로구","관수동","중국집","5"
"20180117","수","남","50대","서울특별시","종로구","평창동","중국집","5"
"20180117","수","남","60대이상","서울특별시","종로구","동숭동","중국집","5"
"20180117","수","남","50대","서울특별시","종로구","서린동","중국집","5"
"20180117","수","남","60대이상","서울특별시","종로구","창성동","중국집","5"
"20180117","수","남","40대","서울특별시","종로구","청진동","중국집","5"
"20180117","수","남","40대","서울특별시","종로구","숭인동","중국집","5"
"20180117","수","여","10대","서울특별시","종로구","창신동","중국집","5"
"20180117","수","여","20대","서울특별시","종로구","교남동","중국집","5"
"20180117","수","남","30대","서울특별시","종로구","동숭동","중국집","5"
"20180117","수","여","20대","서울특별시","종로구","동숭동","중국집","5"
"20180117","수","여","20대","서울특별시","종로구","신문로2가","중국집","5"
"20180117","수","여","20대","서울특별시","종로구","연건동","중국집","5"
"20180117","수","남","50대","서울특별시","종로구","동숭동","중국집","5"
"20180117","수","남","60대이상","서울특별시","종로구","교남동","중국집","5"
"20180117","수","남","40대","서울특별시","종로구","원서동","중국집","5"
"20180117","수","여","20대","서울특별시","종로구","원서동","중국집","5"
"20180117","수","남","10대","서울특별시","종로구","창성동","중국집","5"
"20180117","수","여","20대","서울특별시","종로구","종로6가","중국집","5"
"20180117","수","여","30대","서울특별시","종로구","경운동","중국집","5"
"20180117","수","여","30대","서울특별시","종로구","동숭동","중국집","5"
"20180117","수","남","60대이상","서울특별시","종로구","관수동","중국집","5"
"20180117","수","여","30대","서울특별시","종로구","서린동","중국집","5"
"20180117","수","여","30대","서울특별시","종로구","숭인동","중국집","5"
"20180117","수","여","30대","서울특별시","종로구","신문로2가","중국집","5"
"20180117","수","여","30대","서울특별시","종로구","원서동","중국집","5"
"20180117","수","여","30대","서울특별시","종로구","종로3가","중국집","5"
"20180117","수","여","30대","서울특별시","종로구","종로6가","중국집","5"
"20180117","수","남","30대","서울특별시","종로구","청진동","중국집","5"
"20180117","수","여","30대","서울특별시","종로구","창성동","중국집","5"
"20180117","수","여","40대","서울특별시","종로구","경운동","중국집","5"
"20180117","수","여","40대","서울특별시","종로구","관수동","중국집","5"
"20180117","수","여","40대","서울특별시","종로구","동숭동","중국집","5"
"20180117","수","여","40대","서울특별시","종로구","창성동","중국집","5"
"20180117","수","남","60대이상","서울특별시","종로구","숭인동","중국집","5"
"20180117","수","여","40대","서울특별시","종로구","평창동","중국집","5"
"20180117","수","여","30대","서울특별시","종로구","평창동","중국집","6"
"20180117","수","남","30대","서울특별시","종로구","교남동","중국집","5"
"20180117","수","여","50대","서울특별시","종로구","관수동","중국집","5"
"20180117","수","여","20대","서울특별시","종로구","창성동","중국집","5"
"20180117","수","여","50대","서울특별시","종로구","낙원동","중국집","5"
"20180117","수","여","30대","서울특별시","종로구","청진동","중국집","5"
"20180117","수","남","20대","서울특별시","종로구","창신동","중국집","5"
"20180117","수","남","20대","서울특별시","종로구","동숭동","중국집","5"
"20180117","수","여","50대","서울특별시","종로구","신문로2가","중국집","5"
"20180117","수","남","30대","서울특별시","종로구","경운동","중국집","5"
"20180117","수","남","30대","서울특별시","종로구","낙원동","중국집","5"
"20180117","수","남","20대","서울특별시","종로구","명륜1가","중국집","5"
"20180117","수","여","50대","서울특별시","종로구","원서동","중국집","5"
"20180117","수","남","60대이상","서울특별시","종로구","종로6가","중국집","5"
"20180117","수","남","40대","서울특별시","종로구","동숭동","중국집","5"
"20180117","수","여","40대","서울특별시","종로구","신문로2가","중국집","5"
"20180117","수","여","20대","서울특별시","종로구","명륜1가","중국집","5"
"20180117","수","여","50대","서울특별시","종로구","종로5가","중국집","5"
"20180117","수","여","50대","서울특별시","종로구","창신동","중국집","5"
"20180117","수","남","60대이상","서울특별시","종로구","원서동","중국집","5"
"20180117","수","여","60대이상","서울특별시","종로구","명륜3가","중국집","5"
"20180117","수","남","20대","서울특별시","종로구","안국동","중국집","5"
"20180117","수","여","60대이상","서울특별시","종로구","창성동","중국집","5"
"20180117","수","남","10대","서울특별시","중구","수하동","중국집","9"
"20180117","수","남","20대","서울특별시","중구","수하동","중국집","24"
"20180117","수","남","20대","서울특별시","중구","필동2가","중국집","5"
"20180117","수","남","30대","서울특별시","중구","무교동","중국집","5"
"20180117","수","남","30대","서울특별시","중구","서소문동","중국집","5"
"20180117","수","남","30대","서울특별시","중구","을지로1가","중국집","5"
"20180117","수","남","30대","서울특별시","중구","을지로3가","중국집","5"
"20180117","수","남","30대","서울특별시","중구","을지로6가","중국집","5"
"20180117","수","남","30대","서울특별시","중구","장충동2가","중국집","5"
"20180117","수","남","30대","서울특별시","중구","충무로1가","중국집","5"
"20180117","수","남","30대","서울특별시","중구","필동2가","중국집","6"
"20180117","수","남","40대","서울특별시","중구","서소문동","중국집","5"
"20180117","수","남","40대","서울특별시","중구","충무로1가","중국집","5"
"20180117","수","남","20대","서울특별시","중구","무교동","중국집","5"
"20180117","수","남","40대","서울특별시","중구","필동2가","중국집","5"
"20180117","수","남","20대","서울특별시","중구","수표동","중국집","5"
"20180117","수","남","50대","서울특별시","중구","수표동","중국집","5"
"20180117","수","남","50대","서울특별시","중구","신당동","중국집","48"
"20180117","수","남","30대","서울특별시","중구","신당동","중국집","71"
"20180117","수","남","50대","서울특별시","중구","을지로6가","중국집","5"
"20180117","수","남","40대","서울특별시","중구","수하동","중국집","79"
"20180117","수","남","60대이상","서울특별시","중구","서소문동","중국집","5"
"20180117","수","남","20대","서울특별시","중구","주교동","중국집","5"
"20180117","수","남","60대이상","서울특별시","중구","신당동","중국집","39"
"20180117","수","남","60대이상","서울특별시","중구","장충동2가","중국집","5"
"20180117","수","남","60대이상","서울특별시","중구","충무로1가","중국집","5"
"20180117","수","남","60대이상","서울특별시","중구","필동2가","중국집","5"
"20180117","수","남","50대","서울특별시","중구","을지로3가","중국집","5"
"20180117","수","여","10대","서울특별시","중구","신당동","중국집","5"
"20180117","수","여","10대","서울특별시","중구","필동2가","중국집","5"
"20180117","수","남","20대","서울특별시","중구","신당동","중국집","39"
"20180117","수","여","20대","서울특별시","중구","수하동","중국집","21"
"20180117","수","여","20대","서울특별시","중구","을지로6가","중국집","5"
"20180117","수","남","10대","서울특별시","중구","신당동","중국집","5"
"20180117","수","여","30대","서울특별시","중구","명동1가","중국집","5"
"20180117","수","여","30대","서울특별시","중구","수하동","중국집","33"
"20180117","수","여","30대","서울특별시","중구","신당동","중국집","44"
"20180117","수","여","30대","서울특별시","중구","을지로6가","중국집","5"
"20180117","수","남","60대이상","서울특별시","중구","수하동","중국집","25"
"20180117","수","여","30대","서울특별시","중구","충무로1가","중국집","5"
"20180117","수","여","30대","서울특별시","중구","태평로1가","중국집","5"
"20180117","수","남","30대","서울특별시","중구","명동1가","중국집","5"
"20180117","수","여","30대","서울특별시","중구","회현동1가","중국집","5"
"20180117","수","여","40대","서울특별시","중구","수하동","중국집","32"
"20180117","수","여","40대","서울특별시","중구","신당동","중국집","47"
"20180117","수","남","40대","서울특별시","중구","신당동","중국집","61"
"20180117","수","여","40대","서울특별시","중구","충무로1가","중국집","5"
"20180117","수","남","50대","서울특별시","중구","필동2가","중국집","5"
"20180117","수","남","50대","서울특별시","중구","수하동","중국집","60"
"20180117","수","여","20대","서울특별시","중구","명동1가","중국집","5"
"20180117","수","여","40대","서울특별시","중구","태평로1가","중국집","5"
"20180117","수","여","50대","서울특별시","중구","수하동","중국집","20"
"20180117","수","남","40대","서울특별시","중구","을지로3가","중국집","5"
"20180117","수","남","60대이상","서울특별시","중구","수표동","중국집","5"
"20180117","수","여","50대","서울특별시","중구","신당동","중국집","49"
"20180117","수","남","40대","서울특별시","중구","명동1가","중국집","5"
"20180117","수","여","60대이상","서울특별시","중구","수하동","중국집","14"
"20180117","수","여","60대이상","서울특별시","중구","신당동","중국집","26"
"20180117","수","여","10대","서울특별시","중구","수하동","중국집","5"
"20180117","수","여","60대이상","서울특별시","중구","을지로6가","중국집","5"
"20180117","수","여","40대","서울특별시","중구","을지로6가","중국집","5"
"20180117","수","남","30대","서울특별시","중구","수하동","중국집","84"
"20180117","수","여","60대이상","서울특별시","중구","필동2가","중국집","5"
"20180117","수","여","20대","서울특별시","중구","신당동","중국집","16"
"20180117","수","여","30대","서울특별시","중구","무교동","중국집","5"
"20180117","수","여","50대","서울특별시","중구","을지로1가","중국집","5"
"20180117","수","남","10대","서울특별시","중랑구","면목동","중국집","5"
"20180117","수","남","20대","서울특별시","중랑구","신내동","중국집","5"
"20180117","수","남","20대","서울특별시","중랑구","중화동","중국집","5"
"20180117","수","남","30대","서울특별시","중랑구","면목동","중국집","44"
"20180117","수","남","30대","서울특별시","중랑구","묵동","중국집","5"
"20180117","수","남","30대","서울특별시","중랑구","신내동","중국집","5"
"20180117","수","남","40대","서울특별시","중랑구","망우동","중국집","5"
"20180117","수","남","50대","서울특별시","중랑구","망우동","중국집","5"
"20180117","수","남","50대","서울특별시","중랑구","면목동","중국집","25"
"20180117","수","남","50대","서울특별시","중랑구","묵동","중국집","5"
"20180117","수","남","60대이상","서울특별시","중랑구","망우동","중국집","5"
"20180117","수","남","60대이상","서울특별시","중랑구","신내동","중국집","5"
"20180117","수","남","20대","서울특별시","중랑구","망우동","중국집","5"
"20180117","수","여","10대","서울특별시","중랑구","망우동","중국집","5"
"20180117","수","남","50대","서울특별시","중랑구","신내동","중국집","5"
"20180117","수","여","10대","서울특별시","중랑구","면목동","중국집","5"
"20180117","수","여","20대","서울특별시","중랑구","망우동","중국집","5"
"20180117","수","여","20대","서울특별시","중랑구","면목동","중국집","5"
"20180117","수","여","30대","서울특별시","중랑구","망우동","중국집","5"
"20180117","수","여","30대","서울특별시","중랑구","면목동","중국집","24"
"20180117","수","여","30대","서울특별시","중랑구","묵동","중국집","5"
"20180117","수","여","30대","서울특별시","중랑구","신내동","중국집","5"
"20180117","수","남","20대","서울특별시","중랑구","면목동","중국집","19"
"20180117","수","여","40대","서울특별시","중랑구","망우동","중국집","5"
"20180117","수","여","40대","서울특별시","중랑구","면목동","중국집","33"
"20180117","수","여","40대","서울특별시","중랑구","묵동","중국집","5"
"20180117","수","남","30대","서울특별시","중랑구","중화동","중국집","5"
"20180117","수","남","40대","서울특별시","중랑구","면목동","중국집","58"
"20180117","수","여","40대","서울특별시","중랑구","신내동","중국집","5"
"20180117","수","여","50대","서울특별시","중랑구","망우동","중국집","5"
"20180117","수","여","50대","서울특별시","중랑구","면목동","중국집","20"
"20180117","수","여","50대","서울특별시","중랑구","묵동","중국집","5"
"20180117","수","남","60대이상","서울특별시","중랑구","면목동","중국집","14"
"20180117","수","여","50대","서울특별시","중랑구","신내동","중국집","5"
"20180117","수","여","60대이상","서울특별시","중랑구","망우동","중국집","5"
"20180117","수","여","60대이상","서울특별시","중랑구","묵동","중국집","5"
"20180117","수","여","20대","서울특별시","중랑구","묵동","중국집","5"
"20180117","수","여","60대이상","서울특별시","중랑구","상봉동","중국집","5"
"20180117","수","여","60대이상","서울특별시","중랑구","면목동","중국집","21"
"20180117","수","남","50대","서울특별시","중랑구","상봉동","중국집","5"
"20180117","수","여","60대이상","서울특별시","중랑구","신내동","중국집","5"
"20180118","목","남","10대","서울특별시","강남구","논현동","중국집","5"
"20180118","목","남","10대","서울특별시","강남구","삼성동","중국집","13"
"20180118","목","남","20대","서울특별시","강남구","세곡동","중국집","5"
"20180118","목","남","20대","서울특별시","강남구","역삼동","중국집","45"
"20180118","목","남","20대","서울특별시","강남구","일원동","중국집","5"
"20180118","목","남","20대","서울특별시","강남구","도곡동","중국집","5"
"20180118","목","남","30대","서울특별시","강남구","논현동","중국집","45"
"20180118","목","남","30대","서울특별시","강남구","대치동","중국집","5"
"20180118","목","남","30대","서울특별시","강남구","수서동","중국집","5"
"20180118","목","남","40대","서울특별시","강남구","대치동","중국집","5"
"20180118","목","남","40대","서울특별시","강남구","도곡동","중국집","5"
"20180118","목","남","10대","서울특별시","강남구","일원동","중국집","5"
"20180118","목","남","40대","서울특별시","강남구","삼성동","중국집","81"
"20180118","목","남","50대","서울특별시","강남구","도곡동","중국집","5"
"20180118","목","남","50대","서울특별시","강남구","세곡동","중국집","5"
"20180118","목","남","50대","서울특별시","강남구","일원동","중국집","5"
"20180118","목","남","60대이상","서울특별시","강남구","개포동","중국집","5"
"20180118","목","남","50대","서울특별시","강남구","삼성동","중국집","46"
"20180118","목","남","30대","서울특별시","강남구","삼성동","중국집","73"
"20180118","목","남","60대이상","서울특별시","강남구","대치동","중국집","5"
"20180118","목","남","40대","서울특별시","강남구","역삼동","중국집","83"
"20180118","목","남","60대이상","서울특별시","강남구","도곡동","중국집","5"
"20180118","목","남","60대이상","서울특별시","강남구","수서동","중국집","5"
"20180118","목","남","60대이상","서울특별시","강남구","역삼동","중국집","24"
"20180118","목","여","10대","서울특별시","강남구","논현동","중국집","5"
"20180118","목","남","20대","서울특별시","강남구","논현동","중국집","18"
"20180118","목","남","40대","서울특별시","강남구","개포동","중국집","5"
"20180118","목","남","30대","서울특별시","강남구","개포동","중국집","5"
"20180118","목","여","10대","서울특별시","강남구","대치동","중국집","5"
"20180118","목","여","10대","서울특별시","강남구","도곡동","중국집","5"
"20180118","목","여","10대","서울특별시","강남구","세곡동","중국집","5"
"20180118","목","여","20대","서울특별시","강남구","개포동","중국집","5"
"20180118","목","여","20대","서울특별시","강남구","논현동","중국집","24"
"20180118","목","여","10대","서울특별시","강남구","삼성동","중국집","5"
"20180118","목","여","20대","서울특별시","강남구","대치동","중국집","5"
"20180118","목","남","50대","서울특별시","강남구","수서동","중국집","5"
"20180118","목","남","50대","서울특별시","강남구","역삼동","중국집","46"
"20180118","목","여","20대","서울특별시","강남구","도곡동","중국집","5"
"20180118","목","남","50대","서울특별시","강남구","대치동","중국집","5"
"20180118","목","여","20대","서울특별시","강남구","일원동","중국집","5"
"20180118","목","여","30대","서울특별시","강남구","논현동","중국집","26"
"20180118","목","남","30대","서울특별시","강남구","세곡동","중국집","8"
"20180118","목","여","20대","서울특별시","강남구","압구정동","중국집","5"
"20180118","목","남","10대","서울특별시","강남구","도곡동","중국집","5"
"20180118","목","여","10대","서울특별시","강남구","개포동","중국집","5"
"20180118","목","여","30대","서울특별시","강남구","삼성동","중국집","52"
"20180118","목","남","20대","서울특별시","강남구","개포동","중국집","5"
"20180118","목","남","40대","서울특별시","강남구","수서동","중국집","5"
"20180118","목","여","30대","서울특별시","강남구","역삼동","중국집","39"
"20180118","목","여","30대","서울특별시","강남구","일원동","중국집","5"
"20180118","목","여","30대","서울특별시","강남구","세곡동","중국집","12"
"20180118","목","여","40대","서울특별시","강남구","개포동","중국집","5"
"20180118","목","여","40대","서울특별시","강남구","대치동","중국집","5"
"20180118","목","여","40대","서울특별시","강남구","세곡동","중국집","12"
"20180118","목","남","20대","서울특별시","강남구","대치동","중국집","5"
"20180118","목","남","10대","서울특별시","강남구","역삼동","중국집","7"
"20180118","목","남","50대","서울특별시","강남구","개포동","중국집","5"
"20180118","목","남","20대","서울특별시","강남구","삼성동","중국집","37"
"20180118","목","여","40대","서울특별시","강남구","수서동","중국집","5"
"20180118","목","여","20대","서울특별시","강남구","삼성동","중국집","22"
"20180118","목","여","30대","서울특별시","강남구","수서동","중국집","5"
"20180118","목","여","40대","서울특별시","강남구","역삼동","중국집","62"
"20180118","목","여","40대","서울특별시","강남구","일원동","중국집","5"
"20180118","목","여","50대","서울특별시","강남구","개포동","중국집","5"
"20180118","목","여","20대","서울특별시","강남구","역삼동","중국집","15"
"20180118","목","여","50대","서울특별시","강남구","논현동","중국집","25"
"20180118","목","여","20대","서울특별시","강남구","청담동","중국집","5"
"20180118","목","남","60대이상","서울특별시","강남구","삼성동","중국집","26"
"20180118","목","남","30대","서울특별시","강남구","압구정동","중국집","5"
"20180118","목","여","40대","서울특별시","강남구","압구정동","중국집","5"
"20180118","목","여","50대","서울특별시","강남구","도곡동","중국집","5"
"20180118","목","여","50대","서울특별시","강남구","삼성동","중국집","29"
"20180118","목","여","30대","서울특별시","강남구","도곡동","중국집","9"
"20180118","목","여","50대","서울특별시","강남구","세곡동","중국집","5"
"20180118","목","여","30대","서울특별시","강남구","개포동","중국집","5"
"20180118","목","남","60대이상","서울특별시","강남구","일원동","중국집","5"
"20180118","목","여","10대","서울특별시","강남구","역삼동","중국집","5"
"20180118","목","여","50대","서울특별시","강남구","수서동","중국집","5"
"20180118","목","여","50대","서울특별시","강남구","역삼동","중국집","20"
"20180118","목","여","50대","서울특별시","강남구","일원동","중국집","5"
"20180118","목","남","30대","서울특별시","강남구","도곡동","중국집","5"
"20180118","목","여","60대이상","서울특별시","강남구","논현동","중국집","15"
"20180118","목","남","60대이상","서울특별시","강남구","논현동","중국집","19"
"20180118","목","여","60대이상","서울특별시","강남구","삼성동","중국집","25"
"20180118","목","남","30대","서울특별시","강남구","역삼동","중국집","94"
"20180118","목","남","40대","서울특별시","강남구","세곡동","중국집","8"
"20180118","목","여","40대","서울특별시","강남구","도곡동","중국집","13"
"20180118","목","남","60대이상","서울특별시","강남구","세곡동","중국집","5"
"20180118","목","여","20대","서울특별시","강남구","세곡동","중국집","5"
"20180118","목","여","60대이상","서울특별시","강남구","수서동","중국집","5"
"20180118","목","여","40대","서울특별시","강남구","삼성동","중국집","92"
"20180118","목","여","40대","서울특별시","강남구","논현동","중국집","38"
"20180118","목","남","50대","서울특별시","강남구","논현동","중국집","27"
"20180118","목","남","40대","서울특별시","강남구","논현동","중국집","66"
"20180118","목","여","60대이상","서울특별시","강남구","도곡동","중국집","5"
"20180118","목","여","60대이상","서울특별시","강남구","역삼동","중국집","18"
"20180118","목","남","10대","서울특별시","강동구","성내동","중국집","5"
"20180118","목","남","20대","서울특별시","강동구","길동","중국집","33"
"20180118","목","남","20대","서울특별시","강동구","성내동","중국집","5"
"20180118","목","남","20대","서울특별시","강동구","암사동","중국집","5"
"20180118","목","남","20대","서울특별시","강동구","천호동","중국집","5"
"20180118","목","남","30대","서울특별시","강동구","길동","중국집","59"
"20180118","목","남","30대","서울특별시","강동구","명일동","중국집","5"
"20180118","목","남","30대","서울특별시","강동구","성내동","중국집","5"
"20180118","목","남","30대","서울특별시","강동구","천호동","중국집","5"
"20180118","목","남","40대","서울특별시","강동구","명일동","중국집","5"
"20180118","목","남","50대","서울특별시","강동구","길동","중국집","36"
"20180118","목","남","50대","서울특별시","강동구","명일동","중국집","5"
"20180118","목","남","50대","서울특별시","강동구","성내동","중국집","7"
"20180118","목","남","60대이상","서울특별시","강동구","성내동","중국집","5"
"20180118","목","남","60대이상","서울특별시","강동구","천호동","중국집","5"
"20180118","목","남","50대","서울특별시","강동구","상일동","중국집","5"
"20180118","목","여","10대","서울특별시","강동구","명일동","중국집","5"
"20180118","목","여","10대","서울특별시","강동구","천호동","중국집","5"
"20180118","목","남","40대","서울특별시","강동구","천호동","중국집","5"
"20180118","목","여","20대","서울특별시","강동구","길동","중국집","8"
"20180118","목","여","20대","서울특별시","강동구","성내동","중국집","5"
"20180118","목","여","10대","서울특별시","강동구","길동","중국집","5"
"20180118","목","여","20대","서울특별시","강동구","암사동","중국집","5"
"20180118","목","남","10대","서울특별시","강동구","길동","중국집","17"
"20180118","목","여","20대","서울특별시","강동구","천호동","중국집","5"
"20180118","목","남","10대","서울특별시","강동구","암사동","중국집","5"
"20180118","목","남","40대","서울특별시","강동구","길동","중국집","62"
"20180118","목","여","30대","서울특별시","강동구","길동","중국집","48"
"20180118","목","여","30대","서울특별시","강동구","암사동","중국집","5"
"20180118","목","여","30대","서울특별시","강동구","성내동","중국집","5"
"20180118","목","남","40대","서울특별시","강동구","성내동","중국집","5"
"20180118","목","여","30대","서울특별시","강동구","천호동","중국집","5"
"20180118","목","여","30대","서울특별시","강동구","명일동","중국집","5"
"20180118","목","여","40대","서울특별시","강동구","길동","중국집","54"
"20180118","목","여","40대","서울특별시","강동구","명일동","중국집","5"
"20180118","목","여","40대","서울특별시","강동구","성내동","중국집","7"
"20180118","목","여","40대","서울특별시","강동구","암사동","중국집","5"
"20180118","목","여","50대","서울특별시","강동구","길동","중국집","40"
"20180118","목","여","40대","서울특별시","강동구","천호동","중국집","5"
"20180118","목","남","40대","서울특별시","강동구","둔촌동","중국집","5"
"20180118","목","남","40대","서울특별시","강동구","암사동","중국집","5"
"20180118","목","여","50대","서울특별시","강동구","명일동","중국집","5"
"20180118","목","여","50대","서울특별시","강동구","성내동","중국집","5"
"20180118","목","여","50대","서울특별시","강동구","암사동","중국집","5"
"20180118","목","여","50대","서울특별시","강동구","천호동","중국집","5"
"20180118","목","남","60대이상","서울특별시","강동구","길동","중국집","28"
"20180118","목","여","60대이상","서울특별시","강동구","길동","중국집","39"
"20180118","목","여","60대이상","서울특별시","강동구","명일동","중국집","5"
"20180118","목","여","60대이상","서울특별시","강동구","성내동","중국집","5"
"20180118","목","여","60대이상","서울특별시","강동구","암사동","중국집","5"
"20180118","목","남","10대","서울특별시","강북구","미아동","중국집","6"
"20180118","목","남","10대","서울특별시","강북구","번동","중국집","5"
"20180118","목","남","20대","서울특별시","강북구","미아동","중국집","26"
"20180118","목","남","20대","서울특별시","강북구","우이동","중국집","5"
"20180118","목","남","30대","서울특별시","강북구","미아동","중국집","51"
"20180118","목","남","40대","서울특별시","강북구","미아동","중국집","73"
"20180118","목","남","20대","서울특별시","강북구","번동","중국집","10"
"20180118","목","남","40대","서울특별시","강북구","번동","중국집","12"
"20180118","목","남","50대","서울특별시","강북구","미아동","중국집","51"
"20180118","목","남","50대","서울특별시","강북구","번동","중국집","10"
"20180118","목","남","60대이상","서울특별시","강북구","미아동","중국집","30"
"20180118","목","남","60대이상","서울특별시","강북구","번동","중국집","8"
"20180118","목","남","60대이상","서울특별시","강북구","우이동","중국집","5"
"20180118","목","여","10대","서울특별시","강북구","미아동","중국집","6"
"20180118","목","여","10대","서울특별시","강북구","번동","중국집","5"
"20180118","목","여","10대","서울특별시","강북구","수유동","중국집","5"
"20180118","목","여","20대","서울특별시","강북구","미아동","중국집","15"
"20180118","목","여","20대","서울특별시","강북구","수유동","중국집","5"
"20180118","목","여","20대","서울특별시","강북구","우이동","중국집","5"
"20180118","목","남","30대","서울특별시","강북구","번동","중국집","22"
"20180118","목","여","30대","서울특별시","강북구","번동","중국집","15"
"20180118","목","여","30대","서울특별시","강북구","우이동","중국집","5"
"20180118","목","여","40대","서울특별시","강북구","미아동","중국집","78"
"20180118","목","여","40대","서울특별시","강북구","번동","중국집","17"
"20180118","목","여","50대","서울특별시","강북구","미아동","중국집","47"
"20180118","목","여","50대","서울특별시","강북구","번동","중국집","11"
"20180118","목","여","50대","서울특별시","강북구","수유동","중국집","5"
"20180118","목","여","30대","서울특별시","강북구","미아동","중국집","46"
"20180118","목","여","60대이상","서울특별시","강북구","미아동","중국집","33"
"20180118","목","여","60대이상","서울특별시","강북구","번동","중국집","10"
"20180118","목","남","30대","서울특별시","강북구","우이동","중국집","5"
"20180118","목","여","50대","서울특별시","강북구","우이동","중국집","5"
"20180118","목","여","60대이상","서울특별시","강북구","우이동","중국집","5"
"20180118","목","여","20대","서울특별시","강북구","번동","중국집","5"
"20180118","목","남","10대","서울특별시","강서구","가양동","중국집","6"
"20180118","목","남","10대","서울특별시","강서구","화곡동","중국집","12"
"20180118","목","남","20대","서울특별시","강서구","외발산동","중국집","5"
"20180118","목","남","30대","서울특별시","강서구","등촌동","중국집","14"
"20180118","목","남","40대","서울특별시","강서구","마곡동","중국집","5"
"20180118","목","남","20대","서울특별시","강서구","방화동","중국집","5"
"20180118","목","남","30대","서울특별시","강서구","화곡동","중국집","31"
"20180118","목","남","20대","서울특별시","강서구","가양동","중국집","15"
"20180118","목","남","40대","서울특별시","강서구","외발산동","중국집","5"
"20180118","목","남","10대","서울특별시","강서구","내발산동","중국집","12"
"20180118","목","남","40대","서울특별시","강서구","화곡동","중국집","41"
"20180118","목","남","50대","서울특별시","강서구","가양동","중국집","8"
"20180118","목","남","50대","서울특별시","강서구","내발산동","중국집","39"
"20180118","목","남","50대","서울특별시","강서구","등촌동","중국집","12"
"20180118","목","남","50대","서울특별시","강서구","마곡동","중국집","5"
"20180118","목","남","60대이상","서울특별시","강서구","내발산동","중국집","11"
"20180118","목","남","60대이상","서울특별시","강서구","방화동","중국집","5"
"20180118","목","남","60대이상","서울특별시","강서구","화곡동","중국집","31"
"20180118","목","남","30대","서울특별시","강서구","마곡동","중국집","5"
"20180118","목","남","10대","서울특별시","강서구","등촌동","중국집","5"
"20180118","목","여","10대","서울특별시","강서구","가양동","중국집","5"
"20180118","목","여","10대","서울특별시","강서구","내발산동","중국집","5"
"20180118","목","남","40대","서울특별시","강서구","등촌동","중국집","12"
"20180118","목","여","10대","서울특별시","강서구","등촌동","중국집","5"
"20180118","목","여","20대","서울특별시","강서구","가양동","중국집","13"
"20180118","목","남","50대","서울특별시","강서구","외발산동","중국집","5"
"20180118","목","여","20대","서울특별시","강서구","내발산동","중국집","11"
"20180118","목","여","20대","서울특별시","강서구","등촌동","중국집","5"
"20180118","목","남","30대","서울특별시","강서구","가양동","중국집","31"
"20180118","목","여","20대","서울특별시","강서구","마곡동","중국집","5"
"20180118","목","남","20대","서울특별시","강서구","등촌동","중국집","13"
"20180118","목","남","20대","서울특별시","강서구","화곡동","중국집","24"
"20180118","목","여","20대","서울특별시","강서구","방화동","중국집","5"
"20180118","목","여","30대","서울특별시","강서구","가양동","중국집","11"
"20180118","목","여","30대","서울특별시","강서구","내발산동","중국집","24"
"20180118","목","여","30대","서울특별시","강서구","등촌동","중국집","9"
"20180118","목","남","40대","서울특별시","강서구","가양동","중국집","21"
"20180118","목","여","30대","서울특별시","강서구","방화동","중국집","5"
"20180118","목","여","30대","서울특별시","강서구","외발산동","중국집","5"
"20180118","목","여","40대","서울특별시","강서구","가양동","중국집","30"
"20180118","목","여","10대","서울특별시","강서구","화곡동","중국집","7"
"20180118","목","여","40대","서울특별시","강서구","내발산동","중국집","65"
"20180118","목","여","40대","서울특별시","강서구","등촌동","중국집","26"
"20180118","목","남","60대이상","서울특별시","강서구","등촌동","중국집","15"
"20180118","목","여","40대","서울특별시","강서구","마곡동","중국집","5"
"20180118","목","남","60대이상","서울특별시","강서구","가양동","중국집","5"
"20180118","목","여","30대","서울특별시","강서구","마곡동","중국집","5"
"20180118","목","여","40대","서울특별시","강서구","방화동","중국집","5"
"20180118","목","여","40대","서울특별시","강서구","화곡동","중국집","69"
"20180118","목","남","30대","서울특별시","강서구","내발산동","중국집","48"
"20180118","목","여","20대","서울특별시","강서구","화곡동","중국집","6"
"20180118","목","여","50대","서울특별시","강서구","가양동","중국집","8"
"20180118","목","남","40대","서울특별시","강서구","방화동","중국집","5"
"20180118","목","여","20대","서울특별시","강서구","외발산동","중국집","5"
"20180118","목","여","50대","서울특별시","강서구","내발산동","중국집","30"
"20180118","목","여","50대","서울특별시","강서구","등촌동","중국집","10"
"20180118","목","여","50대","서울특별시","강서구","화곡동","중국집","29"
"20180118","목","여","60대이상","서울특별시","강서구","가양동","중국집","10"
"20180118","목","남","20대","서울특별시","강서구","내발산동","중국집","28"
"20180118","목","남","50대","서울특별시","강서구","화곡동","중국집","34"
"20180118","목","여","60대이상","서울특별시","강서구","내발산동","중국집","18"
"20180118","목","여","60대이상","서울특별시","강서구","등촌동","중국집","9"
"20180118","목","여","60대이상","서울특별시","강서구","화곡동","중국집","20"
"20180118","목","여","30대","서울특별시","강서구","화곡동","중국집","33"
"20180118","목","남","40대","서울특별시","강서구","내발산동","중국집","60"
"20180118","목","남","30대","서울특별시","강서구","방화동","중국집","5"
"20180118","목","남","10대","서울특별시","관악구","신림동","중국집","5"
"20180118","목","남","20대","서울특별시","관악구","봉천동","중국집","9"
"20180118","목","남","20대","서울특별시","관악구","신림동","중국집","15"
"20180118","목","남","30대","서울특별시","관악구","봉천동","중국집","5"
"20180118","목","남","30대","서울특별시","관악구","신림동","중국집","14"
"20180118","목","남","40대","서울특별시","관악구","봉천동","중국집","5"
"20180118","목","남","40대","서울특별시","관악구","신림동","중국집","6"
"20180118","목","남","50대","서울특별시","관악구","신림동","중국집","5"
"20180118","목","남","60대이상","서울특별시","관악구","봉천동","중국집","5"
"20180118","목","남","60대이상","서울특별시","관악구","신림동","중국집","6"
"20180118","목","여","10대","서울특별시","관악구","신림동","중국집","5"
"20180118","목","여","20대","서울특별시","관악구","봉천동","중국집","5"
"20180118","목","남","50대","서울특별시","관악구","봉천동","중국집","8"
"20180118","목","여","20대","서울특별시","관악구","신림동","중국집","6"
"20180118","목","여","30대","서울특별시","관악구","봉천동","중국집","5"
"20180118","목","여","30대","서울특별시","관악구","신림동","중국집","9"
"20180118","목","여","40대","서울특별시","관악구","신림동","중국집","5"
"20180118","목","여","50대","서울특별시","관악구","봉천동","중국집","6"
"20180118","목","여","40대","서울특별시","관악구","봉천동","중국집","5"
"20180118","목","여","50대","서울특별시","관악구","신림동","중국집","10"
"20180118","목","여","60대이상","서울특별시","관악구","봉천동","중국집","5"
"20180118","목","여","60대이상","서울특별시","관악구","신림동","중국집","5"
"20180118","목","남","20대","서울특별시","광진구","능동","중국집","5"
"20180118","목","남","30대","서울특별시","광진구","광장동","중국집","5"
"20180118","목","남","30대","서울특별시","광진구","자양동","중국집","5"
"20180118","목","남","40대","서울특별시","광진구","자양동","중국집","5"
"20180118","목","남","40대","서울특별시","광진구","중곡동","중국집","5"
"20180118","목","남","40대","서울특별시","광진구","능동","중국집","5"
"20180118","목","남","40대","서울특별시","광진구","화양동","중국집","5"
"20180118","목","남","60대이상","서울특별시","광진구","구의동","중국집","5"
"20180118","목","남","20대","서울특별시","광진구","자양동","중국집","9"
"20180118","목","남","60대이상","서울특별시","광진구","능동","중국집","5"
"20180118","목","남","60대이상","서울특별시","광진구","자양동","중국집","5"
"20180118","목","남","60대이상","서울특별시","광진구","중곡동","중국집","5"
"20180118","목","여","10대","서울특별시","광진구","자양동","중국집","5"
"20180118","목","남","60대이상","서울특별시","광진구","광장동","중국집","5"
"20180118","목","여","10대","서울특별시","광진구","화양동","중국집","5"
"20180118","목","남","10대","서울특별시","광진구","자양동","중국집","5"
"20180118","목","남","30대","서울특별시","광진구","능동","중국집","5"
"20180118","목","남","50대","서울특별시","광진구","광장동","중국집","5"
"20180118","목","여","20대","서울특별시","광진구","능동","중국집","5"
"20180118","목","여","20대","서울특별시","광진구","자양동","중국집","5"
"20180118","목","여","20대","서울특별시","광진구","화양동","중국집","5"
"20180118","목","여","30대","서울특별시","광진구","자양동","중국집","6"
"20180118","목","여","30대","서울특별시","광진구","중곡동","중국집","5"
"20180118","목","여","40대","서울특별시","광진구","자양동","중국집","10"
"20180118","목","남","50대","서울특별시","광진구","자양동","중국집","5"
"20180118","목","여","40대","서울특별시","광진구","중곡동","중국집","5"
"20180118","목","여","40대","서울특별시","광진구","화양동","중국집","5"
"20180118","목","여","50대","서울특별시","광진구","능동","중국집","5"
"20180118","목","남","50대","서울특별시","광진구","능동","중국집","5"
"20180118","목","여","50대","서울특별시","광진구","자양동","중국집","5"
"20180118","목","남","30대","서울특별시","광진구","중곡동","중국집","5"
"20180118","목","여","60대이상","서울특별시","광진구","자양동","중국집","5"
"20180118","목","여","60대이상","서울특별시","광진구","중곡동","중국집","5"
"20180118","목","여","60대이상","서울특별시","광진구","능동","중국집","5"
"20180118","목","남","10대","서울특별시","구로구","개봉동","중국집","11"
"20180118","목","남","20대","서울특별시","구로구","개봉동","중국집","11"
"20180118","목","남","20대","서울특별시","구로구","구로동","중국집","5"
"20180118","목","남","20대","서울특별시","구로구","신도림동","중국집","5"
"20180118","목","남","30대","서울특별시","구로구","개봉동","중국집","27"
"20180118","목","남","30대","서울특별시","구로구","구로동","중국집","5"
"20180118","목","남","40대","서울특별시","구로구","구로동","중국집","5"
"20180118","목","남","40대","서울특별시","구로구","신도림동","중국집","5"
"20180118","목","남","50대","서울특별시","구로구","개봉동","중국집","25"
"20180118","목","남","60대이상","서울특별시","구로구","개봉동","중국집","8"
"20180118","목","남","50대","서울특별시","구로구","구로동","중국집","5"
"20180118","목","여","10대","서울특별시","구로구","개봉동","중국집","5"
"20180118","목","여","10대","서울특별시","구로구","구로동","중국집","5"
"20180118","목","여","20대","서울특별시","구로구","궁동","중국집","5"
"20180118","목","여","30대","서울특별시","구로구","개봉동","중국집","35"
"20180118","목","여","30대","서울특별시","구로구","구로동","중국집","5"
"20180118","목","여","30대","서울특별시","구로구","궁동","중국집","5"
"20180118","목","여","30대","서울특별시","구로구","신도림동","중국집","5"
"20180118","목","여","40대","서울특별시","구로구","개봉동","중국집","41"
"20180118","목","남","40대","서울특별시","구로구","궁동","중국집","5"
"20180118","목","여","40대","서울특별시","구로구","구로동","중국집","5"
"20180118","목","남","40대","서울특별시","구로구","개봉동","중국집","32"
"20180118","목","남","60대이상","서울특별시","구로구","궁동","중국집","5"
"20180118","목","여","40대","서울특별시","구로구","궁동","중국집","5"
"20180118","목","여","50대","서울특별시","구로구","개봉동","중국집","23"
"20180118","목","여","50대","서울특별시","구로구","구로동","중국집","5"
"20180118","목","여","50대","서울특별시","구로구","궁동","중국집","5"
"20180118","목","여","60대이상","서울특별시","구로구","개봉동","중국집","6"
"20180118","목","여","20대","서울특별시","구로구","개봉동","중국집","5"
"20180118","목","여","60대이상","서울특별시","구로구","구로동","중국집","5"
"20180118","목","여","60대이상","서울특별시","구로구","궁동","중국집","5"
"20180118","목","남","10대","서울특별시","금천구","시흥동","중국집","5"
"20180118","목","남","30대","서울특별시","금천구","독산동","중국집","6"
"20180118","목","남","30대","서울특별시","금천구","시흥동","중국집","5"
"20180118","목","남","40대","서울특별시","금천구","독산동","중국집","5"
"20180118","목","남","20대","서울특별시","금천구","시흥동","중국집","5"
"20180118","목","남","40대","서울특별시","금천구","시흥동","중국집","5"
"20180118","목","남","50대","서울특별시","금천구","가산동","중국집","11"
"20180118","목","남","50대","서울특별시","금천구","독산동","중국집","5"
"20180118","목","남","50대","서울특별시","금천구","시흥동","중국집","5"
"20180118","목","남","60대이상","서울특별시","금천구","가산동","중국집","14"
"20180118","목","남","60대이상","서울특별시","금천구","독산동","중국집","5"
"20180118","목","남","40대","서울특별시","금천구","가산동","중국집","27"
"20180118","목","여","10대","서울특별시","금천구","가산동","중국집","5"
"20180118","목","남","20대","서울특별시","금천구","가산동","중국집","13"
"20180118","목","여","10대","서울특별시","금천구","시흥동","중국집","5"
"20180118","목","여","20대","서울특별시","금천구","가산동","중국집","5"
"20180118","목","여","20대","서울특별시","금천구","독산동","중국집","5"
"20180118","목","여","30대","서울특별시","금천구","가산동","중국집","8"
"20180118","목","여","30대","서울특별시","금천구","시흥동","중국집","5"
"20180118","목","남","20대","서울특별시","금천구","독산동","중국집","5"
"20180118","목","여","40대","서울특별시","금천구","가산동","중국집","8"
"20180118","목","남","30대","서울특별시","금천구","가산동","중국집","26"
"20180118","목","여","40대","서울특별시","금천구","독산동","중국집","5"
"20180118","목","여","40대","서울특별시","금천구","시흥동","중국집","5"
"20180118","목","남","60대이상","서울특별시","금천구","시흥동","중국집","5"
"20180118","목","여","50대","서울특별시","금천구","가산동","중국집","5"
"20180118","목","여","50대","서울특별시","금천구","시흥동","중국집","5"
"20180118","목","여","20대","서울특별시","금천구","시흥동","중국집","5"
"20180118","목","여","60대이상","서울특별시","금천구","가산동","중국집","7"
"20180118","목","여","60대이상","서울특별시","금천구","독산동","중국집","5"
"20180118","목","여","60대이상","서울특별시","금천구","시흥동","중국집","5"
"20180118","목","남","10대","서울특별시","노원구","공릉동","중국집","5"
"20180118","목","남","20대","서울특별시","노원구","공릉동","중국집","5"
"20180118","목","남","20대","서울특별시","노원구","상계동","중국집","28"
"20180118","목","남","20대","서울특별시","노원구","월계동","중국집","5"
"20180118","목","남","20대","서울특별시","노원구","중계동","중국집","5"
"20180118","목","남","30대","서울특별시","노원구","공릉동","중국집","6"
"20180118","목","남","30대","서울특별시","노원구","중계동","중국집","5"
"20180118","목","남","40대","서울특별시","노원구","상계동","중국집","50"
"20180118","목","남","50대","서울특별시","노원구","공릉동","중국집","5"
"20180118","목","남","40대","서울특별시","노원구","공릉동","중국집","6"
"20180118","목","남","50대","서울특별시","노원구","상계동","중국집","41"
"20180118","목","남","30대","서울특별시","노원구","상계동","중국집","38"
"20180118","목","남","50대","서울특별시","노원구","중계동","중국집","5"
"20180118","목","여","10대","서울특별시","노원구","상계동","중국집","10"
"20180118","목","여","20대","서울특별시","노원구","상계동","중국집","10"
"20180118","목","여","30대","서울특별시","노원구","공릉동","중국집","5"
"20180118","목","여","30대","서울특별시","노원구","월계동","중국집","5"
"20180118","목","남","60대이상","서울특별시","노원구","상계동","중국집","19"
"20180118","목","남","60대이상","서울특별시","노원구","월계동","중국집","5"
"20180118","목","여","40대","서울특별시","노원구","공릉동","중국집","5"
"20180118","목","여","40대","서울특별시","노원구","상계동","중국집","78"
"20180118","목","여","30대","서울특별시","노원구","상계동","중국집","28"
"20180118","목","여","40대","서울특별시","노원구","월계동","중국집","6"
"20180118","목","여","40대","서울특별시","노원구","중계동","중국집","5"
"20180118","목","여","40대","서울특별시","노원구","하계동","중국집","5"
"20180118","목","여","30대","서울특별시","노원구","중계동","중국집","5"
"20180118","목","여","50대","서울특별시","노원구","공릉동","중국집","5"
"20180118","목","남","10대","서울특별시","노원구","상계동","중국집","12"
"20180118","목","여","50대","서울특별시","노원구","상계동","중국집","36"
"20180118","목","여","20대","서울특별시","노원구","공릉동","중국집","6"
"20180118","목","여","50대","서울특별시","노원구","월계동","중국집","5"
"20180118","목","남","30대","서울특별시","노원구","월계동","중국집","5"
"20180118","목","여","50대","서울특별시","노원구","중계동","중국집","5"
"20180118","목","여","60대이상","서울특별시","노원구","공릉동","중국집","5"
"20180118","목","여","60대이상","서울특별시","노원구","상계동","중국집","24"
"20180118","목","여","60대이상","서울특별시","노원구","월계동","중국집","5"
"20180118","목","여","60대이상","서울특별시","노원구","중계동","중국집","5"
"20180118","목","남","40대","서울특별시","노원구","중계동","중국집","5"
"20180118","목","남","10대","서울특별시","도봉구","쌍문동","중국집","5"
"20180118","목","남","20대","서울특별시","도봉구","방학동","중국집","5"
"20180118","목","남","10대","서울특별시","도봉구","방학동","중국집","5"
"20180118","목","남","20대","서울특별시","도봉구","쌍문동","중국집","5"
"20180118","목","남","30대","서울특별시","도봉구","쌍문동","중국집","5"
"20180118","목","남","50대","서울특별시","도봉구","방학동","중국집","5"
"20180118","목","남","60대이상","서울특별시","도봉구","도봉동","중국집","5"
"20180118","목","여","30대","서울특별시","도봉구","방학동","중국집","5"
"20180118","목","여","30대","서울특별시","도봉구","쌍문동","중국집","5"
"20180118","목","여","20대","서울특별시","도봉구","쌍문동","중국집","5"
"20180118","목","여","40대","서울특별시","도봉구","도봉동","중국집","5"
"20180118","목","여","40대","서울특별시","도봉구","방학동","중국집","5"
"20180118","목","여","40대","서울특별시","도봉구","쌍문동","중국집","5"
"20180118","목","여","50대","서울특별시","도봉구","쌍문동","중국집","5"
"20180118","목","여","60대이상","서울특별시","도봉구","도봉동","중국집","5"
"20180118","목","남","40대","서울특별시","도봉구","쌍문동","중국집","5"
"20180118","목","여","20대","서울특별시","도봉구","방학동","중국집","5"
"20180118","목","남","20대","서울특별시","동대문구","장안동","중국집","31"
"20180118","목","남","20대","서울특별시","동대문구","제기동","중국집","36"
"20180118","목","남","30대","서울특별시","동대문구","답십리동","중국집","5"
"20180118","목","남","30대","서울특별시","동대문구","장안동","중국집","40"
"20180118","목","남","30대","서울특별시","동대문구","제기동","중국집","47"
"20180118","목","남","40대","서울특별시","동대문구","전농동","중국집","5"
"20180118","목","남","40대","서울특별시","동대문구","제기동","중국집","53"
"20180118","목","남","50대","서울특별시","동대문구","장안동","중국집","22"
"20180118","목","남","30대","서울특별시","동대문구","전농동","중국집","5"
"20180118","목","남","60대이상","서울특별시","동대문구","답십리동","중국집","5"
"20180118","목","남","60대이상","서울특별시","동대문구","제기동","중국집","17"
"20180118","목","남","10대","서울특별시","동대문구","전농동","중국집","5"
"20180118","목","여","10대","서울특별시","동대문구","제기동","중국집","10"
"20180118","목","여","20대","서울특별시","동대문구","답십리동","중국집","5"
"20180118","목","여","20대","서울특별시","동대문구","장안동","중국집","8"
"20180118","목","여","20대","서울특별시","동대문구","제기동","중국집","6"
"20180118","목","여","30대","서울특별시","동대문구","답십리동","중국집","5"
"20180118","목","여","30대","서울특별시","동대문구","장안동","중국집","44"
"20180118","목","여","30대","서울특별시","동대문구","전농동","중국집","5"
"20180118","목","남","50대","서울특별시","동대문구","제기동","중국집","32"
"20180118","목","여","30대","서울특별시","동대문구","제기동","중국집","22"
"20180118","목","여","10대","서울특별시","동대문구","장안동","중국집","6"
"20180118","목","남","40대","서울특별시","동대문구","휘경동","중국집","5"
"20180118","목","남","20대","서울특별시","동대문구","전농동","중국집","5"
"20180118","목","여","40대","서울특별시","동대문구","답십리동","중국집","5"
"20180118","목","여","40대","서울특별시","동대문구","장안동","중국집","35"
"20180118","목","남","20대","서울특별시","동대문구","답십리동","중국집","5"
"20180118","목","여","40대","서울특별시","동대문구","전농동","중국집","5"
"20180118","목","남","10대","서울특별시","동대문구","장안동","중국집","12"
"20180118","목","남","40대","서울특별시","동대문구","장안동","중국집","37"
"20180118","목","여","40대","서울특별시","동대문구","제기동","중국집","37"
"20180118","목","여","50대","서울특별시","동대문구","장안동","중국집","23"
"20180118","목","여","50대","서울특별시","동대문구","전농동","중국집","5"
"20180118","목","남","60대이상","서울특별시","동대문구","장안동","중국집","17"
"20180118","목","여","50대","서울특별시","동대문구","제기동","중국집","25"
"20180118","목","여","50대","서울특별시","동대문구","휘경동","중국집","5"
"20180118","목","남","10대","서울특별시","동대문구","제기동","중국집","5"
"20180118","목","여","60대이상","서울특별시","동대문구","장안동","중국집","10"
"20180118","목","여","60대이상","서울특별시","동대문구","제기동","중국집","8"
"20180118","목","남","10대","서울특별시","동작구","사당동","중국집","5"
"20180118","목","남","10대","서울특별시","동작구","신대방동","중국집","21"
"20180118","목","남","20대","서울특별시","동작구","본동","중국집","5"
"20180118","목","남","20대","서울특별시","동작구","사당동","중국집","5"
"20180118","목","남","30대","서울특별시","동작구","본동","중국집","8"
"20180118","목","남","30대","서울특별시","동작구","상도동","중국집","5"
"20180118","목","남","40대","서울특별시","동작구","사당동","중국집","5"
"20180118","목","남","40대","서울특별시","동작구","신대방동","중국집","82"
"20180118","목","남","50대","서울특별시","동작구","노량진동","중국집","5"
"20180118","목","남","50대","서울특별시","동작구","사당동","중국집","5"
"20180118","목","남","20대","서울특별시","동작구","신대방동","중국집","66"
"20180118","목","남","40대","서울특별시","동작구","노량진동","중국집","5"
"20180118","목","남","50대","서울특별시","동작구","신대방동","중국집","62"
"20180118","목","남","50대","서울특별시","동작구","본동","중국집","5"
"20180118","목","남","60대이상","서울특별시","동작구","본동","중국집","5"
"20180118","목","남","30대","서울특별시","동작구","신대방동","중국집","94"
"20180118","목","남","60대이상","서울특별시","동작구","사당동","중국집","5"
"20180118","목","남","60대이상","서울특별시","동작구","상도동","중국집","5"
"20180118","목","여","10대","서울특별시","동작구","신대방동","중국집","5"
"20180118","목","여","20대","서울특별시","동작구","노량진동","중국집","5"
"20180118","목","여","20대","서울특별시","동작구","본동","중국집","5"
"20180118","목","여","20대","서울특별시","동작구","사당동","중국집","5"
"20180118","목","여","20대","서울특별시","동작구","상도동","중국집","5"
"20180118","목","여","20대","서울특별시","동작구","신대방동","중국집","26"
"20180118","목","여","30대","서울특별시","동작구","노량진동","중국집","5"
"20180118","목","여","30대","서울특별시","동작구","본동","중국집","5"
"20180118","목","여","30대","서울특별시","동작구","사당동","중국집","8"
"20180118","목","여","30대","서울특별시","동작구","상도동","중국집","5"
"20180118","목","여","30대","서울특별시","동작구","신대방동","중국집","71"
"20180118","목","여","40대","서울특별시","동작구","노량진동","중국집","5"
"20180118","목","남","50대","서울특별시","동작구","흑석동","중국집","5"
"20180118","목","여","40대","서울특별시","동작구","사당동","중국집","5"
"20180118","목","여","20대","서울특별시","동작구","흑석동","중국집","5"
"20180118","목","여","50대","서울특별시","동작구","노량진동","중국집","5"
"20180118","목","여","40대","서울특별시","동작구","상도동","중국집","5"
"20180118","목","여","50대","서울특별시","동작구","상도동","중국집","5"
"20180118","목","남","60대이상","서울특별시","동작구","신대방동","중국집","34"
"20180118","목","여","50대","서울특별시","동작구","신대방동","중국집","47"
"20180118","목","여","60대이상","서울특별시","동작구","본동","중국집","5"
"20180118","목","여","40대","서울특별시","동작구","본동","중국집","5"
"20180118","목","여","40대","서울특별시","동작구","신대방동","중국집","83"
"20180118","목","남","30대","서울특별시","동작구","사당동","중국집","7"
"20180118","목","여","60대이상","서울특별시","동작구","신대방동","중국집","29"
"20180118","목","남","40대","서울특별시","동작구","상도동","중국집","5"
"20180118","목","남","20대","서울특별시","마포구","마포동","중국집","5"
"20180118","목","남","20대","서울특별시","마포구","창전동","중국집","5"
"20180118","목","남","30대","서울특별시","마포구","대흥동","중국집","5"
"20180118","목","남","10대","서울특별시","마포구","대흥동","중국집","5"
"20180118","목","남","30대","서울특별시","마포구","망원동","중국집","5"
"20180118","목","남","30대","서울특별시","마포구","합정동","중국집","27"
"20180118","목","남","40대","서울특별시","마포구","상암동","중국집","32"
"20180118","목","남","40대","서울특별시","마포구","신수동","중국집","5"
"20180118","목","남","40대","서울특별시","마포구","염리동","중국집","5"
"20180118","목","남","50대","서울특별시","마포구","마포동","중국집","5"
"20180118","목","남","50대","서울특별시","마포구","망원동","중국집","5"
"20180118","목","남","50대","서울특별시","마포구","상암동","중국집","17"
"20180118","목","남","10대","서울특별시","마포구","신공덕동","중국집","5"
"20180118","목","남","50대","서울특별시","마포구","신공덕동","중국집","5"
"20180118","목","남","50대","서울특별시","마포구","염리동","중국집","5"
"20180118","목","남","60대이상","서울특별시","마포구","염리동","중국집","5"
"20180118","목","남","40대","서울특별시","마포구","합정동","중국집","18"
"20180118","목","여","10대","서울특별시","마포구","상암동","중국집","5"
"20180118","목","여","10대","서울특별시","마포구","서교동","중국집","5"
"20180118","목","여","10대","서울특별시","마포구","합정동","중국집","5"
"20180118","목","여","20대","서울특별시","마포구","마포동","중국집","5"
"20180118","목","여","20대","서울특별시","마포구","신공덕동","중국집","5"
"20180118","목","여","20대","서울특별시","마포구","신수동","중국집","5"
"20180118","목","여","20대","서울특별시","마포구","염리동","중국집","5"
"20180118","목","여","30대","서울특별시","마포구","공덕동","중국집","5"
"20180118","목","여","30대","서울특별시","마포구","대흥동","중국집","5"
"20180118","목","여","30대","서울특별시","마포구","마포동","중국집","5"
"20180118","목","남","40대","서울특별시","마포구","창전동","중국집","5"
"20180118","목","여","30대","서울특별시","마포구","상암동","중국집","18"
"20180118","목","남","30대","서울특별시","마포구","마포동","중국집","5"
"20180118","목","여","30대","서울특별시","마포구","신공덕동","중국집","5"
"20180118","목","남","10대","서울특별시","마포구","상암동","중국집","5"
"20180118","목","여","20대","서울특별시","마포구","상암동","중국집","7"
"20180118","목","여","30대","서울특별시","마포구","신수동","중국집","5"
"20180118","목","남","20대","서울특별시","마포구","상암동","중국집","15"
"20180118","목","남","60대이상","서울특별시","마포구","상암동","중국집","8"
"20180118","목","여","30대","서울특별시","마포구","아현동","중국집","5"
"20180118","목","여","30대","서울특별시","마포구","창전동","중국집","5"
"20180118","목","남","40대","서울특별시","마포구","망원동","중국집","5"
"20180118","목","여","30대","서울특별시","마포구","합정동","중국집","10"
"20180118","목","여","40대","서울특별시","마포구","노고산동","중국집","5"
"20180118","목","남","50대","서울특별시","마포구","대흥동","중국집","5"
"20180118","목","여","40대","서울특별시","마포구","마포동","중국집","5"
"20180118","목","여","40대","서울특별시","마포구","망원동","중국집","5"
"20180118","목","여","40대","서울특별시","마포구","상암동","중국집","28"
"20180118","목","남","60대이상","서울특별시","마포구","대흥동","중국집","5"
"20180118","목","여","40대","서울특별시","마포구","신수동","중국집","5"
"20180118","목","여","30대","서울특별시","마포구","서교동","중국집","5"
"20180118","목","남","60대이상","서울특별시","마포구","신공덕동","중국집","5"
"20180118","목","여","20대","서울특별시","마포구","대흥동","중국집","5"
"20180118","목","남","30대","서울특별시","마포구","신수동","중국집","5"
"20180118","목","여","20대","서울특별시","마포구","창전동","중국집","5"
"20180118","목","여","40대","서울특별시","마포구","염리동","중국집","5"
"20180118","목","남","20대","서울특별시","마포구","상수동","중국집","5"
"20180118","목","남","50대","서울특별시","마포구","합정동","중국집","8"
"20180118","목","여","40대","서울특별시","마포구","합정동","중국집","5"
"20180118","목","남","30대","서울특별시","마포구","상암동","중국집","13"
"20180118","목","여","50대","서울특별시","마포구","상암동","중국집","14"
"20180118","목","남","20대","서울특별시","마포구","합정동","중국집","13"
"20180118","목","여","50대","서울특별시","마포구","신공덕동","중국집","5"
"20180118","목","여","20대","서울특별시","마포구","합정동","중국집","7"
"20180118","목","여","60대이상","서울특별시","마포구","대흥동","중국집","5"
"20180118","목","여","60대이상","서울특별시","마포구","마포동","중국집","5"
"20180118","목","남","30대","서울특별시","마포구","신공덕동","중국집","5"
"20180118","목","남","60대이상","서울특별시","마포구","합정동","중국집","5"
"20180118","목","여","60대이상","서울특별시","마포구","망원동","중국집","5"
"20180118","목","남","10대","서울특별시","마포구","합정동","중국집","5"
"20180118","목","여","60대이상","서울특별시","마포구","상수동","중국집","5"
"20180118","목","남","60대이상","서울특별시","마포구","창전동","중국집","5"
"20180118","목","남","50대","서울특별시","마포구","공덕동","중국집","5"
"20180118","목","여","60대이상","서울특별시","마포구","신공덕동","중국집","5"
"20180118","목","여","60대이상","서울특별시","마포구","신수동","중국집","5"
"20180118","목","남","20대","서울특별시","마포구","신수동","중국집","5"
"20180118","목","여","60대이상","서울특별시","마포구","합정동","중국집","5"
"20180118","목","여","50대","서울특별시","마포구","합정동","중국집","5"
"20180118","목","여","60대이상","서울특별시","마포구","상암동","중국집","7"
"20180118","목","남","10대","서울특별시","서대문구","충정로3가","중국집","5"
"20180118","목","남","20대","서울특별시","서대문구","연희동","중국집","42"
"20180118","목","남","20대","서울특별시","서대문구","창천동","중국집","14"
"20180118","목","남","20대","서울특별시","서대문구","홍은동","중국집","5"
"20180118","목","남","30대","서울특별시","서대문구","연희동","중국집","47"
"20180118","목","남","30대","서울특별시","서대문구","창천동","중국집","19"
"20180118","목","남","30대","서울특별시","서대문구","홍제동","중국집","28"
"20180118","목","남","40대","서울특별시","서대문구","남가좌동","중국집","5"
"20180118","목","남","40대","서울특별시","서대문구","연희동","중국집","47"
"20180118","목","남","40대","서울특별시","서대문구","창천동","중국집","23"
"20180118","목","남","40대","서울특별시","서대문구","충정로3가","중국집","5"
"20180118","목","남","40대","서울특별시","서대문구","홍은동","중국집","5"
"20180118","목","남","50대","서울특별시","서대문구","연희동","중국집","18"
"20180118","목","남","50대","서울특별시","서대문구","창천동","중국집","17"
"20180118","목","남","20대","서울특별시","서대문구","홍제동","중국집","22"
"20180118","목","남","40대","서울특별시","서대문구","홍제동","중국집","19"
"20180118","목","남","50대","서울특별시","서대문구","합동","중국집","5"
"20180118","목","남","50대","서울특별시","서대문구","홍제동","중국집","22"
"20180118","목","남","60대이상","서울특별시","서대문구","북아현동","중국집","5"
"20180118","목","남","10대","서울특별시","서대문구","창천동","중국집","5"
"20180118","목","남","60대이상","서울특별시","서대문구","연희동","중국집","11"
"20180118","목","남","60대이상","서울특별시","서대문구","충정로3가","중국집","5"
"20180118","목","남","60대이상","서울특별시","서대문구","홍제동","중국집","19"
"20180118","목","남","30대","서울특별시","서대문구","충정로3가","중국집","5"
"20180118","목","여","10대","서울특별시","서대문구","홍제동","중국집","5"
"20180118","목","여","20대","서울특별시","서대문구","창천동","중국집","11"
"20180118","목","여","20대","서울특별시","서대문구","연희동","중국집","27"
"20180118","목","여","20대","서울특별시","서대문구","홍은동","중국집","5"
"20180118","목","여","20대","서울특별시","서대문구","홍제동","중국집","7"
"20180118","목","여","30대","서울특별시","서대문구","연희동","중국집","31"
"20180118","목","여","30대","서울특별시","서대문구","창천동","중국집","23"
"20180118","목","남","50대","서울특별시","서대문구","홍은동","중국집","5"
"20180118","목","남","20대","서울특별시","서대문구","충정로3가","중국집","5"
"20180118","목","남","10대","서울특별시","서대문구","연희동","중국집","5"
"20180118","목","여","30대","서울특별시","서대문구","홍은동","중국집","5"
"20180118","목","남","60대이상","서울특별시","서대문구","남가좌동","중국집","5"
"20180118","목","여","30대","서울특별시","서대문구","홍제동","중국집","17"
"20180118","목","여","40대","서울특별시","서대문구","연희동","중국집","40"
"20180118","목","남","10대","서울특별시","서대문구","홍제동","중국집","5"
"20180118","목","여","40대","서울특별시","서대문구","창천동","중국집","36"
"20180118","목","남","50대","서울특별시","서대문구","충정로3가","중국집","5"
"20180118","목","여","20대","서울특별시","서대문구","합동","중국집","5"
"20180118","목","여","40대","서울특별시","서대문구","충정로3가","중국집","5"
"20180118","목","여","40대","서울특별시","서대문구","홍제동","중국집","28"
"20180118","목","여","50대","서울특별시","서대문구","연희동","중국집","14"
"20180118","목","남","20대","서울특별시","서대문구","남가좌동","중국집","5"
"20180118","목","여","50대","서울특별시","서대문구","창천동","중국집","22"
"20180118","목","여","60대이상","서울특별시","서대문구","남가좌동","중국집","5"
"20180118","목","남","60대이상","서울특별시","서대문구","창천동","중국집","12"
"20180118","목","여","60대이상","서울특별시","서대문구","연희동","중국집","18"
"20180118","목","남","20대","서울특별시","서대문구","북가좌동","중국집","5"
"20180118","목","여","60대이상","서울특별시","서대문구","창천동","중국집","9"
"20180118","목","여","50대","서울특별시","서대문구","홍제동","중국집","20"
"20180118","목","여","60대이상","서울특별시","서대문구","충정로3가","중국집","5"
"20180118","목","여","10대","서울특별시","서대문구","연희동","중국집","5"
"20180118","목","여","60대이상","서울특별시","서대문구","홍제동","중국집","20"
"20180118","목","남","10대","서울특별시","서초구","서초동","중국집","5"
"20180118","목","남","10대","서울특별시","서초구","양재동","중국집","5"
"20180118","목","남","20대","서울특별시","서초구","반포동","중국집","5"
"20180118","목","남","20대","서울특별시","서초구","방배동","중국집","35"
"20180118","목","남","30대","서울특별시","서초구","내곡동","중국집","5"
"20180118","목","남","30대","서울특별시","서초구","반포동","중국집","13"
"20180118","목","남","30대","서울특별시","서초구","방배동","중국집","54"
"20180118","목","남","20대","서울특별시","서초구","양재동","중국집","23"
"20180118","목","남","30대","서울특별시","서초구","서초동","중국집","11"
"20180118","목","남","30대","서울특별시","서초구","양재동","중국집","57"
"20180118","목","남","40대","서울특별시","서초구","서초동","중국집","8"
"20180118","목","남","50대","서울특별시","서초구","내곡동","중국집","5"
"20180118","목","남","50대","서울특별시","서초구","양재동","중국집","21"
"20180118","목","남","60대이상","서울특별시","서초구","반포동","중국집","9"
"20180118","목","남","60대이상","서울특별시","서초구","서초동","중국집","8"
"20180118","목","남","60대이상","서울특별시","서초구","양재동","중국집","15"
"20180118","목","여","10대","서울특별시","서초구","방배동","중국집","5"
"20180118","목","남","40대","서울특별시","서초구","반포동","중국집","11"
"20180118","목","여","10대","서울특별시","서초구","양재동","중국집","5"
"20180118","목","여","20대","서울특별시","서초구","내곡동","중국집","6"
"20180118","목","남","10대","서울특별시","서초구","방배동","중국집","10"
"20180118","목","여","20대","서울특별시","서초구","반포동","중국집","5"
"20180118","목","남","50대","서울특별시","서초구","방배동","중국집","38"
"20180118","목","여","20대","서울특별시","서초구","방배동","중국집","17"
"20180118","목","여","30대","서울특별시","서초구","내곡동","중국집","5"
"20180118","목","여","30대","서울특별시","서초구","반포동","중국집","16"
"20180118","목","남","10대","서울특별시","서초구","반포동","중국집","5"
"20180118","목","남","50대","서울특별시","서초구","서초동","중국집","5"
"20180118","목","여","30대","서울특별시","서초구","서초동","중국집","6"
"20180118","목","남","50대","서울특별시","서초구","반포동","중국집","8"
"20180118","목","여","40대","서울특별시","서초구","반포동","중국집","22"
"20180118","목","여","40대","서울특별시","서초구","방배동","중국집","70"
"20180118","목","여","40대","서울특별시","서초구","서초동","중국집","6"
"20180118","목","남","40대","서울특별시","서초구","내곡동","중국집","5"
"20180118","목","남","40대","서울특별시","서초구","방배동","중국집","60"
"20180118","목","여","40대","서울특별시","서초구","양재동","중국집","41"
"20180118","목","여","40대","서울특별시","서초구","잠원동","중국집","5"
"20180118","목","여","50대","서울특별시","서초구","내곡동","중국집","5"
"20180118","목","남","60대이상","서울특별시","서초구","방배동","중국집","33"
"20180118","목","여","50대","서울특별시","서초구","반포동","중국집","10"
"20180118","목","여","50대","서울특별시","서초구","방배동","중국집","38"
"20180118","목","여","10대","서울특별시","서초구","반포동","중국집","5"
"20180118","목","여","50대","서울특별시","서초구","서초동","중국집","7"
"20180118","목","여","50대","서울특별시","서초구","양재동","중국집","19"
"20180118","목","여","60대이상","서울특별시","서초구","반포동","중국집","9"
"20180118","목","남","50대","서울특별시","서초구","잠원동","중국집","5"
"20180118","목","여","30대","서울특별시","서초구","잠원동","중국집","5"
"20180118","목","여","60대이상","서울특별시","서초구","방배동","중국집","23"
"20180118","목","여","30대","서울특별시","서초구","방배동","중국집","43"
"20180118","목","여","60대이상","서울특별시","서초구","서초동","중국집","7"
"20180118","목","남","20대","서울특별시","서초구","서초동","중국집","5"
"20180118","목","여","60대이상","서울특별시","서초구","양재동","중국집","9"
"20180118","목","여","30대","서울특별시","서초구","양재동","중국집","26"
"20180118","목","여","20대","서울특별시","서초구","양재동","중국집","13"
"20180118","목","남","40대","서울특별시","서초구","양재동","중국집","33"
"20180118","목","남","10대","서울특별시","성동구","성수동2가","중국집","15"
"20180118","목","남","10대","서울특별시","성동구","옥수동","중국집","5"
"20180118","목","남","20대","서울특별시","성동구","행당동","중국집","5"
"20180118","목","남","30대","서울특별시","성동구","홍익동","중국집","5"
"20180118","목","남","30대","서울특별시","성동구","옥수동","중국집","25"
"20180118","목","남","40대","서울특별시","성동구","옥수동","중국집","22"
"20180118","목","남","50대","서울특별시","성동구","성수동2가","중국집","65"
"20180118","목","남","50대","서울특별시","성동구","옥수동","중국집","17"
"20180118","목","남","60대이상","서울특별시","성동구","성수동2가","중국집","15"
"20180118","목","남","60대이상","서울특별시","성동구","옥수동","중국집","11"
"20180118","목","여","10대","서울특별시","성동구","성수동2가","중국집","7"
"20180118","목","남","30대","서울특별시","성동구","행당동","중국집","5"
"20180118","목","여","10대","서울특별시","성동구","옥수동","중국집","5"
"20180118","목","여","20대","서울특별시","성동구","성수동2가","중국집","19"
"20180118","목","여","20대","서울특별시","성동구","옥수동","중국집","6"
"20180118","목","남","20대","서울특별시","성동구","옥수동","중국집","15"
"20180118","목","여","20대","서울특별시","성동구","홍익동","중국집","5"
"20180118","목","여","30대","서울특별시","성동구","성수동2가","중국집","39"
"20180118","목","여","30대","서울특별시","성동구","옥수동","중국집","17"
"20180118","목","여","40대","서울특별시","성동구","성수동2가","중국집","72"
"20180118","목","여","40대","서울특별시","성동구","옥수동","중국집","17"
"20180118","목","여","50대","서울특별시","성동구","성수동2가","중국집","45"
"20180118","목","여","50대","서울특별시","성동구","옥수동","중국집","18"
"20180118","목","남","40대","서울특별시","성동구","성수동2가","중국집","74"
"20180118","목","여","60대이상","서울특별시","성동구","성수동2가","중국집","20"
"20180118","목","여","60대이상","서울특별시","성동구","옥수동","중국집","5"
"20180118","목","남","30대","서울특별시","성동구","성수동2가","중국집","77"
"20180118","목","남","20대","서울특별시","성동구","성수동2가","중국집","51"
"20180118","목","남","20대","서울특별시","성북구","동선동2가","중국집","29"
"20180118","목","남","20대","서울특별시","성북구","삼선동5가","중국집","5"
"20180118","목","남","20대","서울특별시","성북구","정릉동","중국집","5"
"20180118","목","남","20대","서울특별시","성북구","종암동","중국집","5"
"20180118","목","남","20대","서울특별시","성북구","하월곡동","중국집","5"
"20180118","목","남","30대","서울특별시","성북구","정릉동","중국집","5"
"20180118","목","남","30대","서울특별시","성북구","종암동","중국집","5"
"20180118","목","남","40대","서울특별시","성북구","길음동","중국집","5"
"20180118","목","남","40대","서울특별시","성북구","하월곡동","중국집","5"
"20180118","목","남","50대","서울특별시","성북구","동선동2가","중국집","44"
"20180118","목","남","50대","서울특별시","성북구","동선동3가","중국집","5"
"20180118","목","남","50대","서울특별시","성북구","성북동","중국집","5"
"20180118","목","남","60대이상","서울특별시","성북구","길음동","중국집","5"
"20180118","목","남","60대이상","서울특별시","성북구","동선동2가","중국집","17"
"20180118","목","남","60대이상","서울특별시","성북구","성북동","중국집","5"
"20180118","목","남","20대","서울특별시","성북구","성북동","중국집","5"
"20180118","목","남","60대이상","서울특별시","성북구","정릉동","중국집","5"
"20180118","목","여","10대","서울특별시","성북구","정릉동","중국집","5"
"20180118","목","여","20대","서울특별시","성북구","길음동","중국집","5"
"20180118","목","여","20대","서울특별시","성북구","동선동2가","중국집","11"
"20180118","목","여","20대","서울특별시","성북구","동선동3가","중국집","5"
"20180118","목","여","20대","서울특별시","성북구","삼선동5가","중국집","5"
"20180118","목","남","60대이상","서울특별시","성북구","종암동","중국집","5"
"20180118","목","여","10대","서울특별시","성북구","동선동2가","중국집","5"
"20180118","목","여","20대","서울특별시","성북구","하월곡동","중국집","5"
"20180118","목","여","30대","서울특별시","성북구","동선동2가","중국집","23"
"20180118","목","남","40대","서울특별시","성북구","종암동","중국집","5"
"20180118","목","여","30대","서울특별시","성북구","삼선동5가","중국집","5"
"20180118","목","여","20대","서울특별시","성북구","정릉동","중국집","5"
"20180118","목","여","30대","서울특별시","성북구","성북동","중국집","5"
"20180118","목","여","30대","서울특별시","성북구","정릉동","중국집","5"
"20180118","목","여","30대","서울특별시","성북구","하월곡동","중국집","5"
"20180118","목","남","40대","서울특별시","성북구","동선동2가","중국집","50"
"20180118","목","여","40대","서울특별시","성북구","길음동","중국집","5"
"20180118","목","여","40대","서울특별시","성북구","삼선동5가","중국집","5"
"20180118","목","여","40대","서울특별시","성북구","정릉동","중국집","5"
"20180118","목","남","50대","서울특별시","성북구","삼선동5가","중국집","5"
"20180118","목","여","40대","서울특별시","성북구","하월곡동","중국집","5"
"20180118","목","여","50대","서울특별시","성북구","동선동2가","중국집","21"
"20180118","목","남","10대","서울특별시","성북구","동선동2가","중국집","7"
"20180118","목","여","50대","서울특별시","성북구","삼선동5가","중국집","5"
"20180118","목","남","30대","서울특별시","성북구","동선동2가","중국집","42"
"20180118","목","여","50대","서울특별시","성북구","장위동","중국집","5"
"20180118","목","여","50대","서울특별시","성북구","하월곡동","중국집","5"
"20180118","목","여","10대","서울특별시","성북구","동선동3가","중국집","5"
"20180118","목","여","60대이상","서울특별시","성북구","길음동","중국집","5"
"20180118","목","여","40대","서울특별시","성북구","종암동","중국집","5"
"20180118","목","여","40대","서울특별시","성북구","동선동2가","중국집","30"
"20180118","목","여","30대","서울특별시","성북구","종암동","중국집","5"
"20180118","목","남","30대","서울특별시","성북구","하월곡동","중국집","5"
"20180118","목","여","60대이상","서울특별시","성북구","동선동2가","중국집","12"
"20180118","목","여","60대이상","서울특별시","성북구","정릉동","중국집","5"
"20180118","목","여","60대이상","서울특별시","성북구","종암동","중국집","5"
"20180118","목","남","10대","서울특별시","송파구","가락동","중국집","5"
"20180118","목","남","20대","서울특별시","송파구","가락동","중국집","5"
"20180118","목","남","20대","서울특별시","송파구","송파동","중국집","34"
"20180118","목","남","30대","서울특별시","송파구","가락동","중국집","13"
"20180118","목","남","30대","서울특별시","송파구","송파동","중국집","89"
"20180118","목","남","40대","서울특별시","송파구","송파동","중국집","78"
"20180118","목","남","50대","서울특별시","송파구","가락동","중국집","10"
"20180118","목","남","50대","서울특별시","송파구","마천동","중국집","5"
"20180118","목","남","40대","서울특별시","송파구","풍납동","중국집","5"
"20180118","목","남","10대","서울특별시","송파구","풍납동","중국집","5"
"20180118","목","남","50대","서울특별시","송파구","송파동","중국집","62"
"20180118","목","남","20대","서울특별시","송파구","마천동","중국집","5"
"20180118","목","남","60대이상","서울특별시","송파구","마천동","중국집","5"
"20180118","목","남","60대이상","서울특별시","송파구","송파동","중국집","34"
"20180118","목","여","10대","서울특별시","송파구","가락동","중국집","5"
"20180118","목","여","10대","서울특별시","송파구","송파동","중국집","10"
"20180118","목","남","40대","서울특별시","송파구","가락동","중국집","15"
"20180118","목","여","20대","서울특별시","송파구","가락동","중국집","5"
"20180118","목","여","20대","서울특별시","송파구","송파동","중국집","24"
"20180118","목","여","20대","서울특별시","송파구","풍납동","중국집","5"
"20180118","목","여","10대","서울특별시","송파구","풍납동","중국집","5"
"20180118","목","여","30대","서울특별시","송파구","가락동","중국집","5"
"20180118","목","여","30대","서울특별시","송파구","마천동","중국집","5"
"20180118","목","여","30대","서울특별시","송파구","송파동","중국집","42"
"20180118","목","여","30대","서울특별시","송파구","풍납동","중국집","5"
"20180118","목","여","40대","서울특별시","송파구","가락동","중국집","11"
"20180118","목","여","40대","서울특별시","송파구","마천동","중국집","5"
"20180118","목","남","20대","서울특별시","송파구","풍납동","중국집","5"
"20180118","목","여","40대","서울특별시","송파구","송파동","중국집","60"
"20180118","목","여","50대","서울특별시","송파구","가락동","중국집","5"
"20180118","목","여","50대","서울특별시","송파구","송파동","중국집","31"
"20180118","목","여","40대","서울특별시","송파구","풍납동","중국집","5"
"20180118","목","남","60대이상","서울특별시","송파구","가락동","중국집","5"
"20180118","목","여","60대이상","서울특별시","송파구","가락동","중국집","5"
"20180118","목","여","60대이상","서울특별시","송파구","마천동","중국집","5"
"20180118","목","여","60대이상","서울특별시","송파구","송파동","중국집","23"
"20180118","목","남","10대","서울특별시","송파구","송파동","중국집","11"
"20180118","목","여","60대이상","서울특별시","송파구","잠실동","중국집","5"
"20180118","목","남","20대","서울특별시","양천구","신정동","중국집","9"
"20180118","목","남","30대","서울특별시","양천구","신월동","중국집","5"
"20180118","목","남","30대","서울특별시","양천구","신정동","중국집","7"
"20180118","목","남","20대","서울특별시","양천구","목동","중국집","5"
"20180118","목","남","10대","서울특별시","양천구","신정동","중국집","5"
"20180118","목","남","40대","서울특별시","양천구","신월동","중국집","5"
"20180118","목","남","50대","서울특별시","양천구","신월동","중국집","5"
"20180118","목","남","50대","서울특별시","양천구","신정동","중국집","7"
"20180118","목","남","60대이상","서울특별시","양천구","목동","중국집","5"
"20180118","목","남","60대이상","서울특별시","양천구","신월동","중국집","5"
"20180118","목","남","40대","서울특별시","양천구","신정동","중국집","15"
"20180118","목","남","60대이상","서울특별시","양천구","신정동","중국집","5"
"20180118","목","여","10대","서울특별시","양천구","신정동","중국집","5"
"20180118","목","여","20대","서울특별시","양천구","목동","중국집","5"
"20180118","목","여","20대","서울특별시","양천구","신월동","중국집","5"
"20180118","목","남","20대","서울특별시","양천구","신월동","중국집","5"
"20180118","목","여","30대","서울특별시","양천구","목동","중국집","5"
"20180118","목","남","10대","서울특별시","양천구","신월동","중국집","5"
"20180118","목","여","30대","서울특별시","양천구","신월동","중국집","5"
"20180118","목","여","30대","서울특별시","양천구","신정동","중국집","6"
"20180118","목","여","40대","서울특별시","양천구","목동","중국집","5"
"20180118","목","여","40대","서울특별시","양천구","신월동","중국집","5"
"20180118","목","여","40대","서울특별시","양천구","신정동","중국집","22"
"20180118","목","여","20대","서울특별시","양천구","신정동","중국집","5"
"20180118","목","여","50대","서울특별시","양천구","신월동","중국집","5"
"20180118","목","여","50대","서울특별시","양천구","신정동","중국집","7"
"20180118","목","여","60대이상","서울특별시","양천구","신월동","중국집","5"
"20180118","목","여","60대이상","서울특별시","양천구","신정동","중국집","5"
"20180118","목","남","20대","서울특별시","영등포구","여의도동","중국집","10"
"20180118","목","남","30대","서울특별시","영등포구","문래동3가","중국집","20"
"20180118","목","남","30대","서울특별시","영등포구","여의도동","중국집","46"
"20180118","목","남","30대","서울특별시","영등포구","영등포동3가","중국집","5"
"20180118","목","남","40대","서울특별시","영등포구","대림동","중국집","5"
"20180118","목","남","40대","서울특별시","영등포구","문래동3가","중국집","19"
"20180118","목","남","40대","서울특별시","영등포구","영등포동1가","중국집","5"
"20180118","목","남","50대","서울특별시","영등포구","대림동","중국집","5"
"20180118","목","남","50대","서울특별시","영등포구","문래동2가","중국집","18"
"20180118","목","남","20대","서울특별시","영등포구","영등포동1가","중국집","5"
"20180118","목","남","50대","서울특별시","영등포구","문래동3가","중국집","21"
"20180118","목","남","50대","서울특별시","영등포구","신길동","중국집","5"
"20180118","목","남","50대","서울특별시","영등포구","여의도동","중국집","17"
"20180118","목","남","50대","서울특별시","영등포구","영등포동7가","중국집","5"
"20180118","목","남","60대이상","서울특별시","영등포구","영등포동1가","중국집","5"
"20180118","목","남","60대이상","서울특별시","영등포구","영등포동3가","중국집","5"
"20180118","목","남","60대이상","서울특별시","영등포구","영등포동7가","중국집","5"
"20180118","목","여","10대","서울특별시","영등포구","문래동3가","중국집","5"
"20180118","목","여","20대","서울특별시","영등포구","당산동6가","중국집","5"
"20180118","목","여","20대","서울특별시","영등포구","대림동","중국집","5"
"20180118","목","남","40대","서울특별시","영등포구","문래동2가","중국집","27"
"20180118","목","여","20대","서울특별시","영등포구","문래동2가","중국집","5"
"20180118","목","남","60대이상","서울특별시","영등포구","여의도동","중국집","12"
"20180118","목","여","20대","서울특별시","영등포구","양평동2가","중국집","5"
"20180118","목","남","60대이상","서울특별시","영등포구","문래동3가","중국집","13"
"20180118","목","여","20대","서울특별시","영등포구","여의도동","중국집","5"
"20180118","목","남","20대","서울특별시","영등포구","대림동","중국집","5"
"20180118","목","여","20대","서울특별시","영등포구","영등포동7가","중국집","5"
"20180118","목","여","30대","서울특별시","영등포구","대림동","중국집","5"
"20180118","목","여","30대","서울특별시","영등포구","문래동2가","중국집","13"
"20180118","목","여","20대","서울특별시","영등포구","문래동3가","중국집","9"
"20180118","목","여","30대","서울특별시","영등포구","문래동3가","중국집","19"
"20180118","목","남","10대","서울특별시","영등포구","문래동2가","중국집","5"
"20180118","목","여","30대","서울특별시","영등포구","신길동","중국집","5"
"20180118","목","여","30대","서울특별시","영등포구","여의도동","중국집","29"
"20180118","목","여","10대","서울특별시","영등포구","문래동2가","중국집","5"
"20180118","목","여","40대","서울특별시","영등포구","대림동","중국집","5"
"20180118","목","남","20대","서울특별시","영등포구","문래동2가","중국집","8"
"20180118","목","여","40대","서울특별시","영등포구","문래동2가","중국집","11"
"20180118","목","남","20대","서울특별시","영등포구","신길동","중국집","5"
"20180118","목","여","40대","서울특별시","영등포구","문래동3가","중국집","26"
"20180118","목","남","30대","서울특별시","영등포구","신길동","중국집","5"
"20180118","목","남","50대","서울특별시","영등포구","영등포동1가","중국집","5"
"20180118","목","남","10대","서울특별시","영등포구","여의도동","중국집","5"
"20180118","목","남","60대이상","서울특별시","영등포구","문래동2가","중국집","5"
"20180118","목","여","40대","서울특별시","영등포구","신길동","중국집","5"
"20180118","목","여","40대","서울특별시","영등포구","영등포동3가","중국집","5"
"20180118","목","여","10대","서울특별시","영등포구","여의도동","중국집","5"
"20180118","목","여","40대","서울특별시","영등포구","영등포동7가","중국집","5"
"20180118","목","여","50대","서울특별시","영등포구","대림동","중국집","5"
"20180118","목","남","20대","서울특별시","영등포구","영등포동7가","중국집","5"
"20180118","목","여","50대","서울특별시","영등포구","문래동3가","중국집","7"
"20180118","목","남","30대","서울특별시","영등포구","문래동2가","중국집","21"
"20180118","목","여","50대","서울특별시","영등포구","영등포동1가","중국집","5"
"20180118","목","남","40대","서울특별시","영등포구","여의도동","중국집","30"
"20180118","목","남","30대","서울특별시","영등포구","영등포동1가","중국집","5"
"20180118","목","여","50대","서울특별시","영등포구","영등포동7가","중국집","5"
"20180118","목","남","20대","서울특별시","영등포구","문래동3가","중국집","12"
"20180118","목","여","60대이상","서울특별시","영등포구","문래동2가","중국집","6"
"20180118","목","여","60대이상","서울특별시","영등포구","문래동3가","중국집","5"
"20180118","목","여","50대","서울특별시","영등포구","여의도동","중국집","7"
"20180118","목","여","60대이상","서울특별시","영등포구","신길동","중국집","5"
"20180118","목","여","60대이상","서울특별시","영등포구","여의도동","중국집","5"
"20180118","목","여","40대","서울특별시","영등포구","영등포동1가","중국집","5"
"20180118","목","남","10대","서울특별시","영등포구","문래동3가","중국집","5"
"20180118","목","여","40대","서울특별시","영등포구","여의도동","중국집","20"
"20180118","목","여","50대","서울특별시","영등포구","문래동2가","중국집","12"
"20180118","목","여","60대이상","서울특별시","영등포구","영등포동1가","중국집","5"
"20180118","목","남","30대","서울특별시","영등포구","영등포동8가","중국집","5"
"20180118","목","남","30대","서울특별시","용산구","동자동","중국집","5"
"20180118","목","남","30대","서울특별시","용산구","이태원동","중국집","5"
"20180118","목","남","30대","서울특별시","용산구","한강로3가","중국집","26"
"20180118","목","남","30대","서울특별시","용산구","후암동","중국집","26"
"20180118","목","남","40대","서울특별시","용산구","원효로4가","중국집","5"
"20180118","목","남","40대","서울특별시","용산구","이촌동","중국집","5"
"20180118","목","남","30대","서울특별시","용산구","보광동","중국집","5"
"20180118","목","남","40대","서울특별시","용산구","한강로3가","중국집","39"
"20180118","목","남","20대","서울특별시","용산구","신계동","중국집","5"
"20180118","목","남","50대","서울특별시","용산구","도원동","중국집","5"
"20180118","목","남","30대","서울특별시","용산구","도원동","중국집","5"
"20180118","목","남","20대","서울특별시","용산구","원효로4가","중국집","5"
"20180118","목","남","50대","서울특별시","용산구","한강로3가","중국집","19"
"20180118","목","남","50대","서울특별시","용산구","한남동","중국집","5"
"20180118","목","남","10대","서울특별시","용산구","한강로3가","중국집","5"
"20180118","목","남","60대이상","서울특별시","용산구","동자동","중국집","5"
"20180118","목","남","60대이상","서울특별시","용산구","한강로3가","중국집","10"
"20180118","목","남","50대","서울특별시","용산구","이태원동","중국집","5"
"20180118","목","남","60대이상","서울특별시","용산구","후암동","중국집","15"
"20180118","목","여","10대","서울특별시","용산구","이촌동","중국집","5"
"20180118","목","여","10대","서울특별시","용산구","후암동","중국집","5"
"20180118","목","남","40대","서울특별시","용산구","동자동","중국집","5"
"20180118","목","남","40대","서울특별시","용산구","보광동","중국집","5"
"20180118","목","여","20대","서울특별시","용산구","동자동","중국집","5"
"20180118","목","남","40대","서울특별시","용산구","후암동","중국집","28"
"20180118","목","여","20대","서울특별시","용산구","이촌동","중국집","5"
"20180118","목","남","60대이상","서울특별시","용산구","보광동","중국집","7"
"20180118","목","남","30대","서울특별시","용산구","한남동","중국집","5"
"20180118","목","여","20대","서울특별시","용산구","한강로3가","중국집","10"
"20180118","목","여","20대","서울특별시","용산구","한남동","중국집","5"
"20180118","목","여","30대","서울특별시","용산구","갈월동","중국집","5"
"20180118","목","여","30대","서울특별시","용산구","동자동","중국집","5"
"20180118","목","남","20대","서울특별시","용산구","이촌동","중국집","5"
"20180118","목","남","50대","서울특별시","용산구","후암동","중국집","25"
"20180118","목","여","30대","서울특별시","용산구","보광동","중국집","8"
"20180118","목","여","30대","서울특별시","용산구","신계동","중국집","5"
"20180118","목","여","30대","서울특별시","용산구","원효로4가","중국집","5"
"20180118","목","여","30대","서울특별시","용산구","이촌동","중국집","5"
"20180118","목","여","40대","서울특별시","용산구","동자동","중국집","5"
"20180118","목","여","40대","서울특별시","용산구","신계동","중국집","5"
"20180118","목","여","20대","서울특별시","용산구","후암동","중국집","16"
"20180118","목","남","60대이상","서울특별시","용산구","이촌동","중국집","5"
"20180118","목","여","40대","서울특별시","용산구","이촌동","중국집","5"
"20180118","목","남","20대","서울특별시","용산구","후암동","중국집","8"
"20180118","목","여","40대","서울특별시","용산구","이태원동","중국집","5"
"20180118","목","여","30대","서울특별시","용산구","후암동","중국집","15"
"20180118","목","여","40대","서울특별시","용산구","한남동","중국집","5"
"20180118","목","여","50대","서울특별시","용산구","도원동","중국집","5"
"20180118","목","여","30대","서울특별시","용산구","한강로3가","중국집","24"
"20180118","목","여","50대","서울특별시","용산구","보광동","중국집","5"
"20180118","목","여","50대","서울특별시","용산구","이촌동","중국집","5"
"20180118","목","여","50대","서울특별시","용산구","이태원동","중국집","5"
"20180118","목","남","30대","서울특별시","용산구","신계동","중국집","5"
"20180118","목","남","50대","서울특별시","용산구","보광동","중국집","5"
"20180118","목","남","20대","서울특별시","용산구","한남동","중국집","5"
"20180118","목","남","20대","서울특별시","용산구","한강로3가","중국집","10"
"20180118","목","여","50대","서울특별시","용산구","한강로3가","중국집","20"
"20180118","목","여","40대","서울특별시","용산구","한강로3가","중국집","18"
"20180118","목","여","40대","서울특별시","용산구","후암동","중국집","28"
"20180118","목","여","50대","서울특별시","용산구","한남동","중국집","5"
"20180118","목","남","60대이상","서울특별시","용산구","이태원동","중국집","5"
"20180118","목","여","60대이상","서울특별시","용산구","동자동","중국집","5"
"20180118","목","남","40대","서울특별시","용산구","이태원동","중국집","5"
"20180118","목","여","60대이상","서울특별시","용산구","보광동","중국집","5"
"20180118","목","남","40대","서울특별시","용산구","신계동","중국집","5"
"20180118","목","여","60대이상","서울특별시","용산구","원효로4가","중국집","5"
"20180118","목","여","40대","서울특별시","용산구","보광동","중국집","5"
"20180118","목","여","20대","서울특별시","용산구","보광동","중국집","5"
"20180118","목","여","60대이상","서울특별시","용산구","한강로3가","중국집","12"
"20180118","목","여","50대","서울특별시","용산구","후암동","중국집","11"
"20180118","목","여","60대이상","서울특별시","용산구","한남동","중국집","5"
"20180118","목","남","60대이상","서울특별시","용산구","원효로4가","중국집","5"
"20180118","목","여","60대이상","서울특별시","용산구","후암동","중국집","7"
"20180118","목","남","20대","서울특별시","용산구","동자동","중국집","5"
"20180118","목","남","10대","서울특별시","용산구","후암동","중국집","7"
"20180118","목","여","60대이상","서울특별시","용산구","신계동","중국집","5"
"20180118","목","남","50대","서울특별시","용산구","동자동","중국집","5"
"20180118","목","남","20대","서울특별시","은평구","구산동","중국집","5"
"20180118","목","남","30대","서울특별시","은평구","불광동","중국집","26"
"20180118","목","남","30대","서울특별시","은평구","증산동","중국집","5"
"20180118","목","남","40대","서울특별시","은평구","불광동","중국집","45"
"20180118","목","남","40대","서울특별시","은평구","구산동","중국집","5"
"20180118","목","남","40대","서울특별시","은평구","수색동","중국집","5"
"20180118","목","남","40대","서울특별시","은평구","증산동","중국집","6"
"20180118","목","남","20대","서울특별시","은평구","불광동","중국집","19"
"20180118","목","남","50대","서울특별시","은평구","수색동","중국집","5"
"20180118","목","남","60대이상","서울특별시","은평구","구산동","중국집","5"
"20180118","목","남","60대이상","서울특별시","은평구","증산동","중국집","5"
"20180118","목","남","60대이상","서울특별시","은평구","수색동","중국집","5"
"20180118","목","여","20대","서울특별시","은평구","불광동","중국집","8"
"20180118","목","여","20대","서울특별시","은평구","수색동","중국집","5"
"20180118","목","여","20대","서울특별시","은평구","증산동","중국집","5"
"20180118","목","여","30대","서울특별시","은평구","구산동","중국집","5"
"20180118","목","남","60대이상","서울특별시","은평구","불광동","중국집","19"
"20180118","목","여","30대","서울특별시","은평구","불광동","중국집","30"
"20180118","목","여","30대","서울특별시","은평구","수색동","중국집","5"
"20180118","목","여","30대","서울특별시","은평구","증산동","중국집","5"
"20180118","목","여","40대","서울특별시","은평구","구산동","중국집","5"
"20180118","목","여","20대","서울특별시","은평구","구산동","중국집","5"
"20180118","목","여","40대","서울특별시","은평구","불광동","중국집","53"
"20180118","목","여","40대","서울특별시","은평구","수색동","중국집","5"
"20180118","목","여","50대","서울특별시","은평구","불광동","중국집","24"
"20180118","목","여","40대","서울특별시","은평구","증산동","중국집","5"
"20180118","목","여","50대","서울특별시","은평구","수색동","중국집","5"
"20180118","목","남","50대","서울특별시","은평구","불광동","중국집","17"
"20180118","목","남","10대","서울특별시","은평구","불광동","중국집","5"
"20180118","목","여","50대","서울특별시","은평구","증산동","중국집","5"
"20180118","목","여","60대이상","서울특별시","은평구","구산동","중국집","5"
"20180118","목","남","20대","서울특별시","은평구","수색동","중국집","5"
"20180118","목","여","60대이상","서울특별시","은평구","불광동","중국집","15"
"20180118","목","남","10대","서울특별시","종로구","평창동","중국집","5"
"20180118","목","남","20대","서울특별시","종로구","경운동","중국집","5"
"20180118","목","남","20대","서울특별시","종로구","낙원동","중국집","5"
"20180118","목","남","20대","서울특별시","종로구","동숭동","중국집","5"
"20180118","목","남","20대","서울특별시","종로구","명륜1가","중국집","5"
"20180118","목","남","20대","서울특별시","종로구","평창동","중국집","5"
"20180118","목","남","30대","서울특별시","종로구","낙원동","중국집","5"
"20180118","목","남","30대","서울특별시","종로구","신문로2가","중국집","5"
"20180118","목","남","30대","서울특별시","종로구","창성동","중국집","5"
"20180118","목","남","20대","서울특별시","종로구","관수동","중국집","5"
"20180118","목","남","30대","서울특별시","종로구","서린동","중국집","5"
"20180118","목","남","40대","서울특별시","종로구","서린동","중국집","5"
"20180118","목","남","40대","서울특별시","종로구","숭인동","중국집","5"
"20180118","목","남","40대","서울특별시","종로구","원서동","중국집","5"
"20180118","목","남","30대","서울특별시","종로구","원서동","중국집","5"
"20180118","목","남","50대","서울특별시","종로구","경운동","중국집","5"
"20180118","목","남","50대","서울특별시","종로구","낙원동","중국집","5"
"20180118","목","남","50대","서울특별시","종로구","숭인동","중국집","5"
"20180118","목","남","40대","서울특별시","종로구","종로6가","중국집","5"
"20180118","목","남","50대","서울특별시","종로구","신문로2가","중국집","5"
"20180118","목","남","50대","서울특별시","종로구","종로5가","중국집","5"
"20180118","목","남","60대이상","서울특별시","종로구","관수동","중국집","5"
"20180118","목","남","30대","서울특별시","종로구","교남동","중국집","5"
"20180118","목","남","60대이상","서울특별시","종로구","옥인동","중국집","5"
"20180118","목","남","30대","서울특별시","종로구","명륜1가","중국집","5"
"20180118","목","남","60대이상","서울특별시","종로구","원서동","중국집","5"
"20180118","목","남","30대","서울특별시","종로구","종로6가","중국집","5"
"20180118","목","남","20대","서울특별시","종로구","종로3가","중국집","5"
"20180118","목","남","50대","서울특별시","종로구","명륜1가","중국집","5"
"20180118","목","남","60대이상","서울특별시","종로구","신문로2가","중국집","5"
"20180118","목","남","60대이상","서울특별시","종로구","평창동","중국집","5"
"20180118","목","남","40대","서울특별시","종로구","관수동","중국집","5"
"20180118","목","여","20대","서울특별시","종로구","동숭동","중국집","5"
"20180118","목","여","20대","서울특별시","종로구","서린동","중국집","5"
"20180118","목","여","20대","서울특별시","종로구","숭인동","중국집","5"
"20180118","목","남","30대","서울특별시","종로구","평창동","중국집","5"
"20180118","목","여","20대","서울특별시","종로구","창신동","중국집","5"
"20180118","목","여","10대","서울특별시","종로구","신문로2가","중국집","5"
"20180118","목","여","30대","서울특별시","종로구","숭인동","중국집","5"
"20180118","목","여","30대","서울특별시","종로구","신문로2가","중국집","5"
"20180118","목","남","40대","서울특별시","종로구","평창동","중국집","5"
"20180118","목","여","30대","서울특별시","종로구","창신동","중국집","5"
"20180118","목","여","30대","서울특별시","종로구","서린동","중국집","5"
"20180118","목","여","20대","서울특별시","종로구","명륜1가","중국집","5"
"20180118","목","남","40대","서울특별시","종로구","교남동","중국집","5"
"20180118","목","여","40대","서울특별시","종로구","교남동","중국집","5"
"20180118","목","여","40대","서울특별시","종로구","동숭동","중국집","5"
"20180118","목","여","40대","서울특별시","종로구","명륜1가","중국집","5"
"20180118","목","여","40대","서울특별시","종로구","서린동","중국집","5"
"20180118","목","남","60대이상","서울특별시","종로구","창성동","중국집","5"
"20180118","목","남","30대","서울특별시","종로구","관수동","중국집","5"
"20180118","목","여","30대","서울특별시","종로구","평창동","중국집","5"
"20180118","목","남","40대","서울특별시","종로구","동숭동","중국집","8"
"20180118","목","여","30대","서울특별시","종로구","원서동","중국집","5"
"20180118","목","여","40대","서울특별시","종로구","신문로2가","중국집","5"
"20180118","목","여","40대","서울특별시","종로구","원서동","중국집","5"
"20180118","목","여","40대","서울특별시","종로구","종로3가","중국집","5"
"20180118","목","여","20대","서울특별시","종로구","교남동","중국집","5"
"20180118","목","여","30대","서울특별시","종로구","창성동","중국집","5"
"20180118","목","남","60대이상","서울특별시","종로구","교남동","중국집","5"
"20180118","목","여","40대","서울특별시","종로구","평창동","중국집","5"
"20180118","목","여","50대","서울특별시","종로구","관수동","중국집","5"
"20180118","목","남","50대","서울특별시","종로구","종로6가","중국집","5"
"20180118","목","남","50대","서울특별시","종로구","동숭동","중국집","5"
"20180118","목","남","60대이상","서울특별시","종로구","종로6가","중국집","5"
"20180118","목","여","50대","서울특별시","종로구","명륜1가","중국집","5"
"20180118","목","여","40대","서울특별시","종로구","창성동","중국집","5"
"20180118","목","여","50대","서울특별시","종로구","종로6가","중국집","5"
"20180118","목","여","50대","서울특별시","종로구","창성동","중국집","5"
"20180118","목","여","20대","서울특별시","종로구","원서동","중국집","5"
"20180118","목","여","50대","서울특별시","종로구","평창동","중국집","5"
"20180118","목","여","60대이상","서울특별시","종로구","교남동","중국집","5"
"20180118","목","여","60대이상","서울특별시","종로구","낙원동","중국집","5"
"20180118","목","여","60대이상","서울특별시","종로구","숭인동","중국집","5"
"20180118","목","여","60대이상","서울특별시","종로구","창성동","중국집","5"
"20180118","목","남","20대","서울특별시","종로구","종로6가","중국집","5"
"20180118","목","여","60대이상","서울특별시","종로구","창신동","중국집","5"
"20180118","목","여","50대","서울특별시","종로구","동숭동","중국집","5"
"20180118","목","여","60대이상","서울특별시","종로구","평창동","중국집","5"
"20180118","목","남","40대","서울특별시","종로구","낙원동","중국집","5"
"20180118","목","남","30대","서울특별시","종로구","동숭동","중국집","5"
"20180118","목","남","40대","서울특별시","종로구","신문로2가","중국집","5"
"20180118","목","여","20대","서울특별시","종로구","창성동","중국집","5"
"20180118","목","남","10대","서울특별시","중구","수하동","중국집","9"
"20180118","목","남","10대","서울특별시","중구","신당동","중국집","8"
"20180118","목","남","20대","서울특별시","중구","신당동","중국집","45"
"20180118","목","남","20대","서울특별시","중구","주교동","중국집","5"
"20180118","목","남","20대","서울특별시","중구","필동2가","중국집","5"
"20180118","목","남","30대","서울특별시","중구","명동1가","중국집","5"
"20180118","목","남","30대","서울특별시","중구","신당동","중국집","54"
"20180118","목","남","30대","서울특별시","중구","을지로1가","중국집","5"
"20180118","목","남","30대","서울특별시","중구","필동2가","중국집","5"
"20180118","목","남","40대","서울특별시","중구","수표동","중국집","5"
"20180118","목","남","20대","서울특별시","중구","수하동","중국집","30"
"20180118","목","남","40대","서울특별시","중구","수하동","중국집","85"
"20180118","목","남","40대","서울특별시","중구","신당동","중국집","43"
"20180118","목","남","40대","서울특별시","중구","필동2가","중국집","5"
"20180118","목","남","50대","서울특별시","중구","수하동","중국집","52"
"20180118","목","남","50대","서울특별시","중구","을지로6가","중국집","5"
"20180118","목","남","50대","서울특별시","중구","정동","중국집","5"
"20180118","목","남","60대이상","서울특별시","중구","수하동","중국집","21"
"20180118","목","남","60대이상","서울특별시","중구","신당동","중국집","42"
"20180118","목","남","60대이상","서울특별시","중구","필동2가","중국집","5"
"20180118","목","여","10대","서울특별시","중구","수하동","중국집","5"
"20180118","목","여","10대","서울특별시","중구","필동2가","중국집","5"
"20180118","목","여","20대","서울특별시","중구","수하동","중국집","21"
"20180118","목","여","20대","서울특별시","중구","신당동","중국집","23"
"20180118","목","남","30대","서울특별시","중구","수하동","중국집","70"
"20180118","목","남","50대","서울특별시","중구","신당동","중국집","42"
"20180118","목","여","20대","서울특별시","중구","을지로6가","중국집","5"
"20180118","목","여","20대","서울특별시","중구","회현동1가","중국집","5"
"20180118","목","여","30대","서울특별시","중구","명동1가","중국집","5"
"20180118","목","여","30대","서울특별시","중구","신당동","중국집","44"
"20180118","목","여","10대","서울특별시","중구","신당동","중국집","6"
"20180118","목","여","30대","서울특별시","중구","을지로1가","중국집","5"
"20180118","목","여","30대","서울특별시","중구","을지로3가","중국집","5"
"20180118","목","여","30대","서울특별시","중구","주교동","중국집","5"
"20180118","목","여","30대","서울특별시","중구","필동2가","중국집","5"
"20180118","목","남","60대이상","서울특별시","중구","충무로1가","중국집","5"
"20180118","목","여","40대","서울특별시","중구","무교동","중국집","5"
"20180118","목","남","40대","서울특별시","중구","을지로6가","중국집","5"
"20180118","목","여","40대","서울특별시","중구","수하동","중국집","32"
"20180118","목","여","40대","서울특별시","중구","정동","중국집","5"
"20180118","목","여","40대","서울특별시","중구","신당동","중국집","70"
"20180118","목","여","40대","서울특별시","중구","주교동","중국집","5"
"20180118","목","남","30대","서울특별시","중구","을지로6가","중국집","5"
"20180118","목","여","30대","서울특별시","중구","을지로4가","중국집","5"
"20180118","목","여","50대","서울특별시","중구","수하동","중국집","18"
"20180118","목","여","50대","서울특별시","중구","신당동","중국집","37"
"20180118","목","여","30대","서울특별시","중구","을지로6가","중국집","5"
"20180118","목","남","10대","서울특별시","중구","을지로6가","중국집","5"
"20180118","목","여","30대","서울특별시","중구","수하동","중국집","38"
"20180118","목","여","50대","서울특별시","중구","정동","중국집","5"
"20180118","목","여","50대","서울특별시","중구","필동2가","중국집","5"
"20180118","목","여","60대이상","서울특별시","중구","명동1가","중국집","5"
"20180118","목","여","60대이상","서울특별시","중구","수하동","중국집","14"
"20180118","목","여","20대","서울특별시","중구","필동2가","중국집","5"
"20180118","목","여","60대이상","서울특별시","중구","신당동","중국집","25"
"20180118","목","남","30대","서울특별시","중구","무교동","중국집","5"
"20180118","목","남","30대","서울특별시","중구","충무로1가","중국집","5"
"20180118","목","여","60대이상","서울특별시","중구","을지로3가","중국집","5"
"20180118","목","남","50대","서울특별시","중구","을지로3가","중국집","5"
"20180118","목","여","20대","서울특별시","중구","명동1가","중국집","5"
"20180118","목","여","60대이상","서울특별시","중구","충무로1가","중국집","5"
"20180118","목","남","10대","서울특별시","중랑구","면목동","중국집","6"
"20180118","목","남","20대","서울특별시","중랑구","망우동","중국집","5"
"20180118","목","남","20대","서울특별시","중랑구","면목동","중국집","24"
"20180118","목","남","20대","서울특별시","중랑구","묵동","중국집","5"
"20180118","목","남","20대","서울특별시","중랑구","상봉동","중국집","5"
"20180118","목","남","20대","서울특별시","중랑구","신내동","중국집","5"
"20180118","목","남","30대","서울특별시","중랑구","망우동","중국집","5"
"20180118","목","남","30대","서울특별시","중랑구","묵동","중국집","5"
"20180118","목","남","30대","서울특별시","중랑구","상봉동","중국집","5"
"20180118","목","남","30대","서울특별시","중랑구","신내동","중국집","5"
"20180118","목","남","40대","서울특별시","중랑구","망우동","중국집","5"
"20180118","목","남","40대","서울특별시","중랑구","신내동","중국집","5"
"20180118","목","남","50대","서울특별시","중랑구","면목동","중국집","26"
"20180118","목","남","60대이상","서울특별시","중랑구","망우동","중국집","5"
"20180118","목","여","20대","서울특별시","중랑구","망우동","중국집","5"
"20180118","목","여","20대","서울특별시","중랑구","묵동","중국집","5"
"20180118","목","여","20대","서울특별시","중랑구","면목동","중국집","8"
"20180118","목","여","30대","서울특별시","중랑구","면목동","중국집","27"
"20180118","목","여","30대","서울특별시","중랑구","묵동","중국집","5"
"20180118","목","여","30대","서울특별시","중랑구","망우동","중국집","5"
"20180118","목","남","40대","서울특별시","중랑구","면목동","중국집","49"
"20180118","목","여","30대","서울특별시","중랑구","신내동","중국집","5"
"20180118","목","남","60대이상","서울특별시","중랑구","묵동","중국집","5"
"20180118","목","남","30대","서울특별시","중랑구","면목동","중국집","36"
"20180118","목","여","40대","서울특별시","중랑구","면목동","중국집","35"
"20180118","목","여","40대","서울특별시","중랑구","묵동","중국집","5"
"20180118","목","남","10대","서울특별시","중랑구","묵동","중국집","5"
"20180118","목","여","40대","서울특별시","중랑구","신내동","중국집","5"
"20180118","목","여","50대","서울특별시","중랑구","망우동","중국집","5"
"20180118","목","여","50대","서울특별시","중랑구","면목동","중국집","28"
"20180118","목","여","50대","서울특별시","중랑구","묵동","중국집","5"
"20180118","목","여","50대","서울특별시","중랑구","신내동","중국집","5"
"20180118","목","여","60대이상","서울특별시","중랑구","망우동","중국집","5"
"20180118","목","여","60대이상","서울특별시","중랑구","면목동","중국집","21"
"20180118","목","여","60대이상","서울특별시","중랑구","묵동","중국집","5"
"20180118","목","남","60대이상","서울특별시","중랑구","면목동","중국집","17"
"20180118","목","여","60대이상","서울특별시","중랑구","상봉동","중국집","5"
"20180118","목","여","40대","서울특별시","중랑구","망우동","중국집","5"
"20180118","목","남","50대","서울특별시","중랑구","묵동","중국집","5"
"20180118","목","남","50대","서울특별시","중랑구","망우동","중국집","5"
"20180119","금","남","10대","서울특별시","강남구","도곡동","중국집","5"
"20180119","금","남","10대","서울특별시","강남구","세곡동","중국집","5"
"20180119","금","남","20대","서울특별시","강남구","대치동","중국집","5"
"20180119","금","남","20대","서울특별시","강남구","삼성동","중국집","33"
"20180119","금","남","30대","서울특별시","강남구","역삼동","중국집","81"
"20180119","금","남","30대","서울특별시","강남구","일원동","중국집","5"
"20180119","금","남","40대","서울특별시","강남구","삼성동","중국집","67"
"20180119","금","남","40대","서울특별시","강남구","수서동","중국집","5"
"20180119","금","남","40대","서울특별시","강남구","대치동","중국집","5"
"20180119","금","남","10대","서울특별시","강남구","논현동","중국집","5"
"20180119","금","남","40대","서울특별시","강남구","역삼동","중국집","82"
"20180119","금","남","20대","서울특별시","강남구","세곡동","중국집","5"
"20180119","금","남","40대","서울특별시","강남구","개포동","중국집","5"
"20180119","금","남","40대","서울특별시","강남구","일원동","중국집","5"
"20180119","금","남","20대","서울특별시","강남구","개포동","중국집","5"
"20180119","금","남","20대","서울특별시","강남구","역삼동","중국집","42"
"20180119","금","남","50대","서울특별시","강남구","개포동","중국집","5"
"20180119","금","남","40대","서울특별시","강남구","세곡동","중국집","5"
"20180119","금","남","50대","서울특별시","강남구","논현동","중국집","34"
"20180119","금","남","50대","서울특별시","강남구","수서동","중국집","5"
"20180119","금","남","50대","서울특별시","강남구","역삼동","중국집","37"
"20180119","금","남","50대","서울특별시","강남구","일원동","중국집","5"
"20180119","금","남","60대이상","서울특별시","강남구","대치동","중국집","5"
"20180119","금","남","60대이상","서울특별시","강남구","도곡동","중국집","5"
"20180119","금","남","30대","서울특별시","강남구","신사동","중국집","5"
"20180119","금","남","30대","서울특별시","강남구","수서동","중국집","5"
"20180119","금","남","60대이상","서울특별시","강남구","논현동","중국집","12"
"20180119","금","남","60대이상","서울특별시","강남구","역삼동","중국집","21"
"20180119","금","여","10대","서울특별시","강남구","삼성동","중국집","5"
"20180119","금","남","50대","서울특별시","강남구","도곡동","중국집","5"
"20180119","금","여","10대","서울특별시","강남구","수서동","중국집","5"
"20180119","금","여","10대","서울특별시","강남구","역삼동","중국집","5"
"20180119","금","남","60대이상","서울특별시","강남구","개포동","중국집","5"
"20180119","금","여","20대","서울특별시","강남구","도곡동","중국집","6"
"20180119","금","여","20대","서울특별시","강남구","삼성동","중국집","29"
"20180119","금","남","30대","서울특별시","강남구","대치동","중국집","5"
"20180119","금","여","20대","서울특별시","강남구","수서동","중국집","5"
"20180119","금","여","20대","서울특별시","강남구","역삼동","중국집","30"
"20180119","금","남","40대","서울특별시","강남구","논현동","중국집","52"
"20180119","금","여","30대","서울특별시","강남구","논현동","중국집","37"
"20180119","금","남","20대","서울특별시","강남구","논현동","중국집","25"
"20180119","금","여","30대","서울특별시","강남구","도곡동","중국집","5"
"20180119","금","여","30대","서울특별시","강남구","삼성동","중국집","52"
"20180119","금","여","10대","서울특별시","강남구","논현동","중국집","5"
"20180119","금","남","10대","서울특별시","강남구","역삼동","중국집","5"
"20180119","금","여","30대","서울특별시","강남구","압구정동","중국집","5"
"20180119","금","여","30대","서울특별시","강남구","일원동","중국집","5"
"20180119","금","남","50대","서울특별시","강남구","삼성동","중국집","43"
"20180119","금","여","40대","서울특별시","강남구","개포동","중국집","5"
"20180119","금","남","20대","서울특별시","강남구","도곡동","중국집","5"
"20180119","금","남","30대","서울특별시","강남구","논현동","중국집","40"
"20180119","금","여","20대","서울특별시","강남구","논현동","중국집","17"
"20180119","금","남","60대이상","서울특별시","강남구","삼성동","중국집","28"
"20180119","금","남","60대이상","서울특별시","강남구","세곡동","중국집","7"
"20180119","금","여","40대","서울특별시","강남구","논현동","중국집","44"
"20180119","금","남","50대","서울특별시","강남구","대치동","중국집","5"
"20180119","금","여","40대","서울특별시","강남구","도곡동","중국집","8"
"20180119","금","여","40대","서울특별시","강남구","삼성동","중국집","84"
"20180119","금","여","40대","서울특별시","강남구","세곡동","중국집","15"
"20180119","금","여","40대","서울특별시","강남구","수서동","중국집","5"
"20180119","금","남","50대","서울특별시","강남구","세곡동","중국집","5"
"20180119","금","여","30대","서울특별시","강남구","수서동","중국집","5"
"20180119","금","남","10대","서울특별시","강남구","삼성동","중국집","8"
"20180119","금","여","20대","서울특별시","강남구","대치동","중국집","5"
"20180119","금","여","40대","서울특별시","강남구","압구정동","중국집","5"
"20180119","금","남","20대","서울특별시","강남구","일원동","중국집","5"
"20180119","금","여","40대","서울특별시","강남구","일원동","중국집","5"
"20180119","금","여","50대","서울특별시","강남구","논현동","중국집","26"
"20180119","금","여","50대","서울특별시","강남구","대치동","중국집","5"
"20180119","금","남","30대","서울특별시","강남구","세곡동","중국집","7"
"20180119","금","여","50대","서울특별시","강남구","도곡동","중국집","7"
"20180119","금","여","10대","서울특별시","강남구","도곡동","중국집","5"
"20180119","금","여","50대","서울특별시","강남구","삼성동","중국집","25"
"20180119","금","여","20대","서울특별시","강남구","세곡동","중국집","5"
"20180119","금","여","50대","서울특별시","강남구","세곡동","중국집","5"
"20180119","금","남","30대","서울특별시","강남구","개포동","중국집","5"
"20180119","금","여","50대","서울특별시","강남구","수서동","중국집","5"
"20180119","금","남","20대","서울특별시","강남구","압구정동","중국집","5"
"20180119","금","여","30대","서울특별시","강남구","세곡동","중국집","6"
"20180119","금","여","50대","서울특별시","강남구","역삼동","중국집","23"
"20180119","금","남","30대","서울특별시","강남구","도곡동","중국집","5"
"20180119","금","여","50대","서울특별시","강남구","일원동","중국집","5"
"20180119","금","여","60대이상","서울특별시","강남구","논현동","중국집","15"
"20180119","금","여","40대","서울특별시","강남구","역삼동","중국집","55"
"20180119","금","남","40대","서울특별시","강남구","도곡동","중국집","5"
"20180119","금","여","60대이상","서울특별시","강남구","도곡동","중국집","5"
"20180119","금","남","30대","서울특별시","강남구","삼성동","중국집","78"
"20180119","금","여","60대이상","서울특별시","강남구","삼성동","중국집","23"
"20180119","금","여","30대","서울특별시","강남구","역삼동","중국집","45"
"20180119","금","여","30대","서울특별시","강남구","개포동","중국집","5"
"20180119","금","여","60대이상","서울특별시","강남구","세곡동","중국집","5"
"20180119","금","여","50대","서울특별시","강남구","압구정동","중국집","5"
"20180119","금","여","60대이상","서울특별시","강남구","수서동","중국집","5"
"20180119","금","여","60대이상","서울특별시","강남구","역삼동","중국집","14"
"20180119","금","여","60대이상","서울특별시","강남구","일원동","중국집","5"
"20180119","금","여","40대","서울특별시","강남구","대치동","중국집","5"
"20180119","금","남","10대","서울특별시","강동구","길동","중국집","14"
"20180119","금","남","10대","서울특별시","강동구","성내동","중국집","5"
"20180119","금","남","20대","서울특별시","강동구","길동","중국집","30"
"20180119","금","남","20대","서울특별시","강동구","성내동","중국집","5"
"20180119","금","남","20대","서울특별시","강동구","암사동","중국집","6"
"20180119","금","남","20대","서울특별시","강동구","천호동","중국집","5"
"20180119","금","남","30대","서울특별시","강동구","상일동","중국집","5"
"20180119","금","남","30대","서울특별시","강동구","길동","중국집","59"
"20180119","금","남","30대","서울특별시","강동구","암사동","중국집","5"
"20180119","금","남","40대","서울특별시","강동구","길동","중국집","65"
"20180119","금","남","30대","서울특별시","강동구","명일동","중국집","5"
"20180119","금","남","40대","서울특별시","강동구","암사동","중국집","5"
"20180119","금","남","40대","서울특별시","강동구","천호동","중국집","5"
"20180119","금","남","50대","서울특별시","강동구","길동","중국집","46"
"20180119","금","남","50대","서울특별시","강동구","성내동","중국집","10"
"20180119","금","남","50대","서울특별시","강동구","천호동","중국집","5"
"20180119","금","남","30대","서울특별시","강동구","성내동","중국집","5"
"20180119","금","남","60대이상","서울특별시","강동구","길동","중국집","27"
"20180119","금","남","60대이상","서울특별시","강동구","명일동","중국집","5"
"20180119","금","남","60대이상","서울특별시","강동구","성내동","중국집","5"
"20180119","금","남","60대이상","서울특별시","강동구","암사동","중국집","5"
"20180119","금","여","10대","서울특별시","강동구","길동","중국집","6"
"20180119","금","여","30대","서울특별시","강동구","상일동","중국집","5"
"20180119","금","여","30대","서울특별시","강동구","성내동","중국집","6"
"20180119","금","여","30대","서울특별시","강동구","길동","중국집","55"
"20180119","금","여","30대","서울특별시","강동구","암사동","중국집","5"
"20180119","금","남","40대","서울특별시","강동구","성내동","중국집","7"
"20180119","금","남","50대","서울특별시","강동구","상일동","중국집","5"
"20180119","금","남","30대","서울특별시","강동구","천호동","중국집","5"
"20180119","금","남","50대","서울특별시","강동구","명일동","중국집","5"
"20180119","금","여","30대","서울특별시","강동구","천호동","중국집","5"
"20180119","금","여","40대","서울특별시","강동구","길동","중국집","68"
"20180119","금","여","20대","서울특별시","강동구","성내동","중국집","5"
"20180119","금","여","40대","서울특별시","강동구","명일동","중국집","7"
"20180119","금","여","40대","서울특별시","강동구","성내동","중국집","5"
"20180119","금","여","40대","서울특별시","강동구","암사동","중국집","5"
"20180119","금","여","50대","서울특별시","강동구","길동","중국집","41"
"20180119","금","여","50대","서울특별시","강동구","명일동","중국집","5"
"20180119","금","여","50대","서울특별시","강동구","상일동","중국집","5"
"20180119","금","여","50대","서울특별시","강동구","성내동","중국집","5"
"20180119","금","여","50대","서울특별시","강동구","암사동","중국집","5"
"20180119","금","여","50대","서울특별시","강동구","천호동","중국집","5"
"20180119","금","여","40대","서울특별시","강동구","천호동","중국집","5"
"20180119","금","여","60대이상","서울특별시","강동구","길동","중국집","23"
"20180119","금","여","20대","서울특별시","강동구","길동","중국집","19"
"20180119","금","여","60대이상","서울특별시","강동구","명일동","중국집","5"
"20180119","금","여","60대이상","서울특별시","강동구","암사동","중국집","5"
"20180119","금","여","60대이상","서울특별시","강동구","성내동","중국집","5"
"20180119","금","남","10대","서울특별시","강북구","미아동","중국집","6"
"20180119","금","남","10대","서울특별시","강북구","우이동","중국집","5"
"20180119","금","남","20대","서울특별시","강북구","번동","중국집","11"
"20180119","금","남","20대","서울특별시","강북구","우이동","중국집","5"
"20180119","금","남","30대","서울특별시","강북구","미아동","중국집","65"
"20180119","금","남","30대","서울특별시","강북구","번동","중국집","12"
"20180119","금","남","30대","서울특별시","강북구","우이동","중국집","5"
"20180119","금","남","40대","서울특별시","강북구","미아동","중국집","71"
"20180119","금","남","50대","서울특별시","강북구","미아동","중국집","65"
"20180119","금","남","60대이상","서울특별시","강북구","미아동","중국집","35"
"20180119","금","남","60대이상","서울특별시","강북구","번동","중국집","5"
"20180119","금","여","10대","서울특별시","강북구","번동","중국집","5"
"20180119","금","남","40대","서울특별시","강북구","우이동","중국집","5"
"20180119","금","여","10대","서울특별시","강북구","우이동","중국집","5"
"20180119","금","남","40대","서울특별시","강북구","번동","중국집","14"
"20180119","금","여","10대","서울특별시","강북구","미아동","중국집","5"
"20180119","금","여","20대","서울특별시","강북구","번동","중국집","5"
"20180119","금","여","30대","서울특별시","강북구","미아동","중국집","43"
"20180119","금","남","20대","서울특별시","강북구","미아동","중국집","33"
"20180119","금","여","30대","서울특별시","강북구","번동","중국집","12"
"20180119","금","여","30대","서울특별시","강북구","우이동","중국집","5"
"20180119","금","남","50대","서울특별시","강북구","번동","중국집","10"
"20180119","금","여","40대","서울특별시","강북구","미아동","중국집","87"
"20180119","금","여","20대","서울특별시","강북구","미아동","중국집","32"
"20180119","금","여","40대","서울특별시","강북구","우이동","중국집","5"
"20180119","금","여","40대","서울특별시","강북구","번동","중국집","11"
"20180119","금","여","50대","서울특별시","강북구","미아동","중국집","51"
"20180119","금","여","50대","서울특별시","강북구","번동","중국집","9"
"20180119","금","여","60대이상","서울특별시","강북구","미아동","중국집","25"
"20180119","금","여","60대이상","서울특별시","강북구","번동","중국집","6"
"20180119","금","여","60대이상","서울특별시","강북구","우이동","중국집","5"
"20180119","금","남","10대","서울특별시","강서구","가양동","중국집","5"
"20180119","금","남","10대","서울특별시","강서구","등촌동","중국집","5"
"20180119","금","남","20대","서울특별시","강서구","화곡동","중국집","29"
"20180119","금","남","40대","서울특별시","강서구","내발산동","중국집","55"
"20180119","금","남","20대","서울특별시","강서구","가양동","중국집","12"
"20180119","금","남","40대","서울특별시","강서구","마곡동","중국집","5"
"20180119","금","남","40대","서울특별시","강서구","방화동","중국집","5"
"20180119","금","남","40대","서울특별시","강서구","외발산동","중국집","5"
"20180119","금","남","40대","서울특별시","강서구","화곡동","중국집","39"
"20180119","금","남","50대","서울특별시","강서구","가양동","중국집","16"
"20180119","금","남","20대","서울특별시","강서구","외발산동","중국집","5"
"20180119","금","남","50대","서울특별시","강서구","등촌동","중국집","14"
"20180119","금","남","50대","서울특별시","강서구","마곡동","중국집","5"
"20180119","금","남","50대","서울특별시","강서구","방화동","중국집","5"
"20180119","금","남","60대이상","서울특별시","강서구","가양동","중국집","14"
"20180119","금","남","60대이상","서울특별시","강서구","내발산동","중국집","19"
"20180119","금","남","60대이상","서울특별시","강서구","등촌동","중국집","8"
"20180119","금","남","60대이상","서울특별시","강서구","화곡동","중국집","29"
"20180119","금","여","10대","서울특별시","강서구","가양동","중국집","5"
"20180119","금","남","30대","서울특별시","강서구","외발산동","중국집","5"
"20180119","금","여","10대","서울특별시","강서구","내발산동","중국집","5"
"20180119","금","여","10대","서울특별시","강서구","외발산동","중국집","5"
"20180119","금","여","10대","서울특별시","강서구","화곡동","중국집","5"
"20180119","금","여","20대","서울특별시","강서구","가양동","중국집","7"
"20180119","금","여","20대","서울특별시","강서구","내발산동","중국집","10"
"20180119","금","남","30대","서울특별시","강서구","화곡동","중국집","30"
"20180119","금","남","50대","서울특별시","강서구","내발산동","중국집","36"
"20180119","금","여","20대","서울특별시","강서구","방화동","중국집","5"
"20180119","금","여","30대","서울특별시","강서구","가양동","중국집","20"
"20180119","금","여","30대","서울특별시","강서구","내발산동","중국집","36"
"20180119","금","여","30대","서울특별시","강서구","방화동","중국집","6"
"20180119","금","여","30대","서울특별시","강서구","외발산동","중국집","5"
"20180119","금","여","30대","서울특별시","강서구","화곡동","중국집","35"
"20180119","금","남","30대","서울특별시","강서구","등촌동","중국집","13"
"20180119","금","남","30대","서울특별시","강서구","가양동","중국집","22"
"20180119","금","여","40대","서울특별시","강서구","내발산동","중국집","70"
"20180119","금","남","40대","서울특별시","강서구","가양동","중국집","29"
"20180119","금","남","20대","서울특별시","강서구","등촌동","중국집","14"
"20180119","금","여","40대","서울특별시","강서구","등촌동","중국집","31"
"20180119","금","여","40대","서울특별시","강서구","방화동","중국집","5"
"20180119","금","여","30대","서울특별시","강서구","등촌동","중국집","24"
"20180119","금","여","40대","서울특별시","강서구","화곡동","중국집","72"
"20180119","금","남","30대","서울특별시","강서구","방화동","중국집","5"
"20180119","금","여","50대","서울특별시","강서구","가양동","중국집","13"
"20180119","금","남","20대","서울특별시","강서구","내발산동","중국집","31"
"20180119","금","여","50대","서울특별시","강서구","내발산동","중국집","27"
"20180119","금","여","40대","서울특별시","강서구","가양동","중국집","33"
"20180119","금","여","50대","서울특별시","강서구","등촌동","중국집","10"
"20180119","금","남","30대","서울특별시","강서구","내발산동","중국집","52"
"20180119","금","여","20대","서울특별시","강서구","화곡동","중국집","11"
"20180119","금","여","20대","서울특별시","강서구","등촌동","중국집","5"
"20180119","금","여","50대","서울특별시","강서구","화곡동","중국집","36"
"20180119","금","남","10대","서울특별시","강서구","화곡동","중국집","10"
"20180119","금","여","60대이상","서울특별시","강서구","가양동","중국집","7"
"20180119","금","여","60대이상","서울특별시","강서구","내발산동","중국집","18"
"20180119","금","남","10대","서울특별시","강서구","내발산동","중국집","10"
"20180119","금","여","60대이상","서울특별시","강서구","등촌동","중국집","5"
"20180119","금","남","40대","서울특별시","강서구","등촌동","중국집","25"
"20180119","금","여","60대이상","서울특별시","강서구","화곡동","중국집","15"
"20180119","금","남","50대","서울특별시","강서구","화곡동","중국집","35"
"20180119","금","남","10대","서울특별시","관악구","봉천동","중국집","5"
"20180119","금","남","10대","서울특별시","관악구","신림동","중국집","5"
"20180119","금","남","20대","서울특별시","관악구","봉천동","중국집","6"
"20180119","금","남","20대","서울특별시","관악구","신림동","중국집","12"
"20180119","금","남","40대","서울특별시","관악구","봉천동","중국집","5"
"20180119","금","남","40대","서울특별시","관악구","신림동","중국집","9"
"20180119","금","남","50대","서울특별시","관악구","봉천동","중국집","7"
"20180119","금","남","50대","서울특별시","관악구","신림동","중국집","5"
"20180119","금","남","60대이상","서울특별시","관악구","봉천동","중국집","5"
"20180119","금","남","60대이상","서울특별시","관악구","신림동","중국집","5"
"20180119","금","여","10대","서울특별시","관악구","봉천동","중국집","5"
"20180119","금","여","20대","서울특별시","관악구","신림동","중국집","5"
"20180119","금","여","30대","서울특별시","관악구","봉천동","중국집","8"
"20180119","금","여","30대","서울특별시","관악구","신림동","중국집","7"
"20180119","금","여","40대","서울특별시","관악구","봉천동","중국집","5"
"20180119","금","남","30대","서울특별시","관악구","봉천동","중국집","6"
"20180119","금","여","40대","서울특별시","관악구","신림동","중국집","5"
"20180119","금","남","30대","서울특별시","관악구","신림동","중국집","15"
"20180119","금","여","50대","서울특별시","관악구","봉천동","중국집","5"
"20180119","금","여","20대","서울특별시","관악구","봉천동","중국집","5"
"20180119","금","여","60대이상","서울특별시","관악구","봉천동","중국집","5"
"20180119","금","여","60대이상","서울특별시","관악구","신림동","중국집","5"
"20180119","금","남","20대","서울특별시","광진구","자양동","중국집","5"
"20180119","금","남","10대","서울특별시","광진구","자양동","중국집","5"
"20180119","금","남","30대","서울특별시","광진구","자양동","중국집","8"
"20180119","금","남","30대","서울특별시","광진구","화양동","중국집","5"
"20180119","금","남","20대","서울특별시","광진구","광장동","중국집","5"
"20180119","금","남","20대","서울특별시","광진구","중곡동","중국집","5"
"20180119","금","남","40대","서울특별시","광진구","중곡동","중국집","5"
"20180119","금","남","10대","서울특별시","광진구","능동","중국집","6"
"20180119","금","남","20대","서울특별시","광진구","능동","중국집","5"
"20180119","금","남","60대이상","서울특별시","광진구","능동","중국집","5"
"20180119","금","남","50대","서울특별시","광진구","능동","중국집","5"
"20180119","금","남","60대이상","서울특별시","광진구","자양동","중국집","5"
"20180119","금","남","60대이상","서울특별시","광진구","중곡동","중국집","5"
"20180119","금","남","40대","서울특별시","광진구","자양동","중국집","5"
"20180119","금","남","20대","서울특별시","광진구","화양동","중국집","5"
"20180119","금","여","20대","서울특별시","광진구","자양동","중국집","10"
"20180119","금","여","20대","서울특별시","광진구","광장동","중국집","5"
"20180119","금","여","30대","서울특별시","광진구","광장동","중국집","5"
"20180119","금","여","30대","서울특별시","광진구","능동","중국집","5"
"20180119","금","여","30대","서울특별시","광진구","자양동","중국집","5"
"20180119","금","여","40대","서울특별시","광진구","광장동","중국집","5"
"20180119","금","여","40대","서울특별시","광진구","중곡동","중국집","5"
"20180119","금","여","50대","서울특별시","광진구","자양동","중국집","5"
"20180119","금","남","40대","서울특별시","광진구","능동","중국집","5"
"20180119","금","여","60대이상","서울특별시","광진구","광장동","중국집","5"
"20180119","금","여","60대이상","서울특별시","광진구","자양동","중국집","6"
"20180119","금","여","60대이상","서울특별시","광진구","중곡동","중국집","5"
"20180119","금","여","20대","서울특별시","광진구","중곡동","중국집","5"
"20180119","금","남","50대","서울특별시","광진구","광장동","중국집","5"
"20180119","금","여","40대","서울특별시","광진구","자양동","중국집","9"
"20180119","금","여","10대","서울특별시","광진구","능동","중국집","5"
"20180119","금","남","10대","서울특별시","구로구","개봉동","중국집","5"
"20180119","금","남","20대","서울특별시","구로구","개봉동","중국집","8"
"20180119","금","남","20대","서울특별시","구로구","구로동","중국집","5"
"20180119","금","남","20대","서울특별시","구로구","신도림동","중국집","5"
"20180119","금","남","30대","서울특별시","구로구","개봉동","중국집","19"
"20180119","금","남","40대","서울특별시","구로구","궁동","중국집","5"
"20180119","금","남","40대","서울특별시","구로구","개봉동","중국집","31"
"20180119","금","남","40대","서울특별시","구로구","신도림동","중국집","5"
"20180119","금","남","10대","서울특별시","구로구","구로동","중국집","5"
"20180119","금","남","50대","서울특별시","구로구","개봉동","중국집","18"
"20180119","금","남","50대","서울특별시","구로구","신도림동","중국집","5"
"20180119","금","남","60대이상","서울특별시","구로구","궁동","중국집","5"
"20180119","금","여","10대","서울특별시","구로구","개봉동","중국집","5"
"20180119","금","여","10대","서울특별시","구로구","궁동","중국집","5"
"20180119","금","여","20대","서울특별시","구로구","궁동","중국집","5"
"20180119","금","여","30대","서울특별시","구로구","개봉동","중국집","27"
"20180119","금","여","30대","서울특별시","구로구","구로동","중국집","6"
"20180119","금","여","40대","서울특별시","구로구","개봉동","중국집","55"
"20180119","금","여","40대","서울특별시","구로구","구로동","중국집","5"
"20180119","금","남","60대이상","서울특별시","구로구","개봉동","중국집","9"
"20180119","금","여","40대","서울특별시","구로구","궁동","중국집","5"
"20180119","금","여","50대","서울특별시","구로구","개봉동","중국집","26"
"20180119","금","여","50대","서울특별시","구로구","구로동","중국집","5"
"20180119","금","남","30대","서울특별시","구로구","구로동","중국집","5"
"20180119","금","여","50대","서울특별시","구로구","궁동","중국집","5"
"20180119","금","여","60대이상","서울특별시","구로구","개봉동","중국집","8"
"20180119","금","여","10대","서울특별시","구로구","구로동","중국집","5"
"20180119","금","여","20대","서울특별시","구로구","개봉동","중국집","12"
"20180119","금","여","30대","서울특별시","구로구","신도림동","중국집","5"
"20180119","금","여","60대이상","서울특별시","구로구","구로동","중국집","5"
"20180119","금","여","60대이상","서울특별시","구로구","궁동","중국집","5"
"20180119","금","남","50대","서울특별시","구로구","궁동","중국집","5"
"20180119","금","남","10대","서울특별시","금천구","시흥동","중국집","5"
"20180119","금","남","20대","서울특별시","금천구","가산동","중국집","9"
"20180119","금","남","30대","서울특별시","금천구","가산동","중국집","25"
"20180119","금","남","40대","서울특별시","금천구","가산동","중국집","23"
"20180119","금","남","50대","서울특별시","금천구","가산동","중국집","10"
"20180119","금","남","60대이상","서울특별시","금천구","가산동","중국집","6"
"20180119","금","남","40대","서울특별시","금천구","시흥동","중국집","6"
"20180119","금","남","60대이상","서울특별시","금천구","독산동","중국집","5"
"20180119","금","남","40대","서울특별시","금천구","독산동","중국집","5"
"20180119","금","남","60대이상","서울특별시","금천구","시흥동","중국집","5"
"20180119","금","남","30대","서울특별시","금천구","시흥동","중국집","5"
"20180119","금","여","20대","서울특별시","금천구","가산동","중국집","5"
"20180119","금","여","30대","서울특별시","금천구","가산동","중국집","17"
"20180119","금","여","30대","서울특별시","금천구","독산동","중국집","5"
"20180119","금","여","30대","서울특별시","금천구","시흥동","중국집","5"
"20180119","금","남","20대","서울특별시","금천구","시흥동","중국집","5"
"20180119","금","여","40대","서울특별시","금천구","가산동","중국집","18"
"20180119","금","남","30대","서울특별시","금천구","독산동","중국집","5"
"20180119","금","여","40대","서울특별시","금천구","독산동","중국집","5"
"20180119","금","여","50대","서울특별시","금천구","가산동","중국집","5"
"20180119","금","남","10대","서울특별시","금천구","가산동","중국집","7"
"20180119","금","여","50대","서울특별시","금천구","시흥동","중국집","5"
"20180119","금","여","40대","서울특별시","금천구","시흥동","중국집","5"
"20180119","금","여","60대이상","서울특별시","금천구","가산동","중국집","5"
"20180119","금","남","10대","서울특별시","노원구","공릉동","중국집","5"
"20180119","금","남","10대","서울특별시","노원구","상계동","중국집","21"
"20180119","금","남","10대","서울특별시","노원구","중계동","중국집","5"
"20180119","금","남","20대","서울특별시","노원구","공릉동","중국집","5"
"20180119","금","남","20대","서울특별시","노원구","상계동","중국집","27"
"20180119","금","남","20대","서울특별시","노원구","월계동","중국집","5"
"20180119","금","남","30대","서울특별시","노원구","상계동","중국집","36"
"20180119","금","남","30대","서울특별시","노원구","공릉동","중국집","5"
"20180119","금","남","30대","서울특별시","노원구","월계동","중국집","5"
"20180119","금","남","30대","서울특별시","노원구","중계동","중국집","5"
"20180119","금","남","40대","서울특별시","노원구","공릉동","중국집","5"
"20180119","금","남","40대","서울특별시","노원구","상계동","중국집","49"
"20180119","금","남","50대","서울특별시","노원구","상계동","중국집","33"
"20180119","금","남","50대","서울특별시","노원구","월계동","중국집","5"
"20180119","금","남","60대이상","서울특별시","노원구","공릉동","중국집","5"
"20180119","금","여","10대","서울특별시","노원구","상계동","중국집","5"
"20180119","금","여","10대","서울특별시","노원구","중계동","중국집","5"
"20180119","금","여","20대","서울특별시","노원구","중계동","중국집","5"
"20180119","금","남","60대이상","서울특별시","노원구","월계동","중국집","5"
"20180119","금","여","20대","서울특별시","노원구","하계동","중국집","5"
"20180119","금","여","40대","서울특별시","노원구","상계동","중국집","87"
"20180119","금","남","60대이상","서울특별시","노원구","상계동","중국집","25"
"20180119","금","여","40대","서울특별시","노원구","월계동","중국집","5"
"20180119","금","여","40대","서울특별시","노원구","중계동","중국집","5"
"20180119","금","여","50대","서울특별시","노원구","공릉동","중국집","5"
"20180119","금","여","50대","서울특별시","노원구","상계동","중국집","46"
"20180119","금","여","20대","서울특별시","노원구","상계동","중국집","18"
"20180119","금","여","40대","서울특별시","노원구","공릉동","중국집","5"
"20180119","금","여","30대","서울특별시","노원구","상계동","중국집","29"
"20180119","금","여","50대","서울특별시","노원구","중계동","중국집","5"
"20180119","금","여","60대이상","서울특별시","노원구","상계동","중국집","15"
"20180119","금","여","50대","서울특별시","노원구","월계동","중국집","5"
"20180119","금","여","20대","서울특별시","노원구","공릉동","중국집","5"
"20180119","금","여","60대이상","서울특별시","노원구","공릉동","중국집","5"
"20180119","금","여","60대이상","서울특별시","노원구","월계동","중국집","5"
"20180119","금","여","60대이상","서울특별시","노원구","중계동","중국집","5"
"20180119","금","남","10대","서울특별시","도봉구","방학동","중국집","5"
"20180119","금","남","10대","서울특별시","도봉구","쌍문동","중국집","5"
"20180119","금","남","30대","서울특별시","도봉구","도봉동","중국집","5"
"20180119","금","남","30대","서울특별시","도봉구","쌍문동","중국집","7"
"20180119","금","남","40대","서울특별시","도봉구","방학동","중국집","5"
"20180119","금","남","50대","서울특별시","도봉구","방학동","중국집","5"
"20180119","금","남","30대","서울특별시","도봉구","방학동","중국집","5"
"20180119","금","남","60대이상","서울특별시","도봉구","방학동","중국집","5"
"20180119","금","남","40대","서울특별시","도봉구","쌍문동","중국집","5"
"20180119","금","남","60대이상","서울특별시","도봉구","쌍문동","중국집","5"
"20180119","금","남","60대이상","서울특별시","도봉구","도봉동","중국집","5"
"20180119","금","여","10대","서울특별시","도봉구","쌍문동","중국집","5"
"20180119","금","남","20대","서울특별시","도봉구","방학동","중국집","5"
"20180119","금","여","20대","서울특별시","도봉구","쌍문동","중국집","5"
"20180119","금","여","30대","서울특별시","도봉구","방학동","중국집","5"
"20180119","금","여","30대","서울특별시","도봉구","도봉동","중국집","5"
"20180119","금","여","40대","서울특별시","도봉구","쌍문동","중국집","7"
"20180119","금","여","50대","서울특별시","도봉구","도봉동","중국집","5"
"20180119","금","여","50대","서울특별시","도봉구","방학동","중국집","5"
"20180119","금","남","50대","서울특별시","도봉구","쌍문동","중국집","5"
"20180119","금","여","50대","서울특별시","도봉구","쌍문동","중국집","7"
"20180119","금","여","60대이상","서울특별시","도봉구","도봉동","중국집","5"
"20180119","금","남","20대","서울특별시","도봉구","쌍문동","중국집","5"
"20180119","금","여","60대이상","서울특별시","도봉구","방학동","중국집","5"
"20180119","금","여","60대이상","서울특별시","도봉구","쌍문동","중국집","5"
"20180119","금","남","10대","서울특별시","동대문구","장안동","중국집","5"
"20180119","금","남","20대","서울특별시","동대문구","답십리동","중국집","5"
"20180119","금","남","20대","서울특별시","동대문구","장안동","중국집","27"
"20180119","금","남","20대","서울특별시","동대문구","제기동","중국집","32"
"20180119","금","남","30대","서울특별시","동대문구","장안동","중국집","48"
"20180119","금","남","30대","서울특별시","동대문구","제기동","중국집","47"
"20180119","금","남","40대","서울특별시","동대문구","답십리동","중국집","5"
"20180119","금","남","40대","서울특별시","동대문구","장안동","중국집","46"
"20180119","금","남","20대","서울특별시","동대문구","전농동","중국집","5"
"20180119","금","남","10대","서울특별시","동대문구","제기동","중국집","9"
"20180119","금","남","30대","서울특별시","동대문구","전농동","중국집","5"
"20180119","금","남","40대","서울특별시","동대문구","제기동","중국집","42"
"20180119","금","남","60대이상","서울특별시","동대문구","장안동","중국집","19"
"20180119","금","여","10대","서울특별시","동대문구","장안동","중국집","5"
"20180119","금","남","50대","서울특별시","동대문구","제기동","중국집","31"
"20180119","금","여","20대","서울특별시","동대문구","장안동","중국집","8"
"20180119","금","여","20대","서울특별시","동대문구","전농동","중국집","5"
"20180119","금","여","20대","서울특별시","동대문구","제기동","중국집","10"
"20180119","금","여","30대","서울특별시","동대문구","장안동","중국집","33"
"20180119","금","여","30대","서울특별시","동대문구","전농동","중국집","5"
"20180119","금","남","10대","서울특별시","동대문구","전농동","중국집","5"
"20180119","금","여","30대","서울특별시","동대문구","제기동","중국집","26"
"20180119","금","여","30대","서울특별시","동대문구","휘경동","중국집","5"
"20180119","금","여","40대","서울특별시","동대문구","답십리동","중국집","6"
"20180119","금","여","40대","서울특별시","동대문구","용두동","중국집","5"
"20180119","금","남","40대","서울특별시","동대문구","휘경동","중국집","5"
"20180119","금","여","40대","서울특별시","동대문구","장안동","중국집","45"
"20180119","금","남","50대","서울특별시","동대문구","장안동","중국집","38"
"20180119","금","여","40대","서울특별시","동대문구","전농동","중국집","5"
"20180119","금","여","40대","서울특별시","동대문구","제기동","중국집","40"
"20180119","금","여","50대","서울특별시","동대문구","답십리동","중국집","5"
"20180119","금","여","50대","서울특별시","동대문구","장안동","중국집","17"
"20180119","금","남","60대이상","서울특별시","동대문구","제기동","중국집","15"
"20180119","금","여","50대","서울특별시","동대문구","제기동","중국집","20"
"20180119","금","여","60대이상","서울특별시","동대문구","답십리동","중국집","5"
"20180119","금","여","60대이상","서울특별시","동대문구","장안동","중국집","17"
"20180119","금","여","60대이상","서울특별시","동대문구","제기동","중국집","21"
"20180119","금","남","20대","서울특별시","동작구","사당동","중국집","5"
"20180119","금","남","20대","서울특별시","동작구","상도동","중국집","5"
"20180119","금","남","30대","서울특별시","동작구","노량진동","중국집","5"
"20180119","금","남","30대","서울특별시","동작구","본동","중국집","5"
"20180119","금","남","30대","서울특별시","동작구","상도동","중국집","7"
"20180119","금","남","30대","서울특별시","동작구","신대방동","중국집","92"
"20180119","금","남","40대","서울특별시","동작구","본동","중국집","5"
"20180119","금","남","40대","서울특별시","동작구","사당동","중국집","5"
"20180119","금","남","40대","서울특별시","동작구","상도동","중국집","5"
"20180119","금","남","50대","서울특별시","동작구","사당동","중국집","5"
"20180119","금","남","50대","서울특별시","동작구","상도동","중국집","5"
"20180119","금","남","60대이상","서울특별시","동작구","노량진동","중국집","5"
"20180119","금","남","10대","서울특별시","동작구","신대방동","중국집","23"
"20180119","금","남","60대이상","서울특별시","동작구","대방동","중국집","5"
"20180119","금","남","60대이상","서울특별시","동작구","본동","중국집","5"
"20180119","금","남","60대이상","서울특별시","동작구","사당동","중국집","5"
"20180119","금","남","10대","서울특별시","동작구","사당동","중국집","5"
"20180119","금","남","60대이상","서울특별시","동작구","상도동","중국집","5"
"20180119","금","남","60대이상","서울특별시","동작구","신대방동","중국집","36"
"20180119","금","여","10대","서울특별시","동작구","본동","중국집","5"
"20180119","금","여","10대","서울특별시","동작구","신대방동","중국집","5"
"20180119","금","여","20대","서울특별시","동작구","본동","중국집","5"
"20180119","금","여","20대","서울특별시","동작구","사당동","중국집","5"
"20180119","금","여","20대","서울특별시","동작구","신대방동","중국집","21"
"20180119","금","여","30대","서울특별시","동작구","노량진동","중국집","5"
"20180119","금","남","50대","서울특별시","동작구","신대방동","중국집","66"
"20180119","금","여","30대","서울특별시","동작구","사당동","중국집","5"
"20180119","금","여","30대","서울특별시","동작구","신대방동","중국집","83"
"20180119","금","남","20대","서울특별시","동작구","노량진동","중국집","5"
"20180119","금","여","40대","서울특별시","동작구","본동","중국집","5"
"20180119","금","남","40대","서울특별시","동작구","노량진동","중국집","5"
"20180119","금","남","10대","서울특별시","동작구","노량진동","중국집","5"
"20180119","금","여","40대","서울특별시","동작구","사당동","중국집","6"
"20180119","금","여","10대","서울특별시","동작구","상도동","중국집","5"
"20180119","금","남","20대","서울특별시","동작구","본동","중국집","5"
"20180119","금","남","50대","서울특별시","동작구","본동","중국집","5"
"20180119","금","남","30대","서울특별시","동작구","사당동","중국집","5"
"20180119","금","여","40대","서울특별시","동작구","상도동","중국집","5"
"20180119","금","남","20대","서울특별시","동작구","신대방동","중국집","87"
"20180119","금","여","40대","서울특별시","동작구","신대방동","중국집","90"
"20180119","금","여","40대","서울특별시","동작구","흑석동","중국집","5"
"20180119","금","여","50대","서울특별시","동작구","상도동","중국집","5"
"20180119","금","여","50대","서울특별시","동작구","신대방동","중국집","55"
"20180119","금","남","40대","서울특별시","동작구","신대방동","중국집","81"
"20180119","금","여","60대이상","서울특별시","동작구","대방동","중국집","5"
"20180119","금","여","60대이상","서울특별시","동작구","본동","중국집","5"
"20180119","금","여","30대","서울특별시","동작구","상도동","중국집","6"
"20180119","금","여","60대이상","서울특별시","동작구","상도동","중국집","5"
"20180119","금","여","60대이상","서울특별시","동작구","신대방동","중국집","32"
"20180119","금","남","10대","서울특별시","마포구","상암동","중국집","5"
"20180119","금","남","10대","서울특별시","마포구","합정동","중국집","5"
"20180119","금","남","20대","서울특별시","마포구","상암동","중국집","8"
"20180119","금","남","30대","서울특별시","마포구","대흥동","중국집","5"
"20180119","금","남","30대","서울특별시","마포구","마포동","중국집","5"
"20180119","금","남","30대","서울특별시","마포구","신공덕동","중국집","5"
"20180119","금","남","30대","서울특별시","마포구","염리동","중국집","5"
"20180119","금","남","30대","서울특별시","마포구","창전동","중국집","5"
"20180119","금","남","30대","서울특별시","마포구","합정동","중국집","13"
"20180119","금","남","30대","서울특별시","마포구","신수동","중국집","5"
"20180119","금","남","40대","서울특별시","마포구","상수동","중국집","5"
"20180119","금","남","40대","서울특별시","마포구","상암동","중국집","24"
"20180119","금","남","40대","서울특별시","마포구","염리동","중국집","5"
"20180119","금","남","40대","서울특별시","마포구","창전동","중국집","5"
"20180119","금","남","50대","서울특별시","마포구","공덕동","중국집","5"
"20180119","금","남","20대","서울특별시","마포구","합정동","중국집","22"
"20180119","금","남","50대","서울특별시","마포구","대흥동","중국집","5"
"20180119","금","남","50대","서울특별시","마포구","상암동","중국집","14"
"20180119","금","남","50대","서울특별시","마포구","신공덕동","중국집","5"
"20180119","금","남","50대","서울특별시","마포구","합정동","중국집","7"
"20180119","금","남","60대이상","서울특별시","마포구","공덕동","중국집","5"
"20180119","금","남","60대이상","서울특별시","마포구","상암동","중국집","12"
"20180119","금","남","60대이상","서울특별시","마포구","합정동","중국집","7"
"20180119","금","여","10대","서울특별시","마포구","상암동","중국집","5"
"20180119","금","여","20대","서울특별시","마포구","신공덕동","중국집","5"
"20180119","금","여","20대","서울특별시","마포구","신수동","중국집","5"
"20180119","금","여","20대","서울특별시","마포구","아현동","중국집","5"
"20180119","금","여","30대","서울특별시","마포구","마포동","중국집","5"
"20180119","금","여","30대","서울특별시","마포구","상암동","중국집","17"
"20180119","금","남","20대","서울특별시","마포구","염리동","중국집","5"
"20180119","금","여","20대","서울특별시","마포구","상암동","중국집","6"
"20180119","금","남","30대","서울특별시","마포구","상암동","중국집","16"
"20180119","금","여","30대","서울특별시","마포구","아현동","중국집","5"
"20180119","금","여","30대","서울특별시","마포구","합정동","중국집","7"
"20180119","금","여","30대","서울특별시","마포구","창전동","중국집","5"
"20180119","금","여","40대","서울특별시","마포구","공덕동","중국집","5"
"20180119","금","남","40대","서울특별시","마포구","합정동","중국집","22"
"20180119","금","여","30대","서울특별시","마포구","대흥동","중국집","5"
"20180119","금","여","40대","서울특별시","마포구","마포동","중국집","5"
"20180119","금","남","40대","서울특별시","마포구","서교동","중국집","5"
"20180119","금","남","60대이상","서울특별시","마포구","신수동","중국집","5"
"20180119","금","여","40대","서울특별시","마포구","상암동","중국집","24"
"20180119","금","여","30대","서울특별시","마포구","신공덕동","중국집","5"
"20180119","금","여","40대","서울특별시","마포구","신공덕동","중국집","5"
"20180119","금","여","40대","서울특별시","마포구","신수동","중국집","5"
"20180119","금","남","30대","서울특별시","마포구","상수동","중국집","5"
"20180119","금","여","40대","서울특별시","마포구","염리동","중국집","5"
"20180119","금","남","30대","서울특별시","마포구","망원동","중국집","5"
"20180119","금","여","50대","서울특별시","마포구","망원동","중국집","5"
"20180119","금","남","20대","서울특별시","마포구","망원동","중국집","5"
"20180119","금","여","20대","서울특별시","마포구","합정동","중국집","5"
"20180119","금","여","50대","서울특별시","마포구","신공덕동","중국집","5"
"20180119","금","여","50대","서울특별시","마포구","상암동","중국집","12"
"20180119","금","여","40대","서울특별시","마포구","합정동","중국집","12"
"20180119","금","여","60대이상","서울특별시","마포구","대흥동","중국집","5"
"20180119","금","여","60대이상","서울특별시","마포구","마포동","중국집","5"
"20180119","금","여","30대","서울특별시","마포구","공덕동","중국집","5"
"20180119","금","여","60대이상","서울특별시","마포구","상암동","중국집","18"
"20180119","금","여","60대이상","서울특별시","마포구","염리동","중국집","5"
"20180119","금","남","30대","서울특별시","마포구","서교동","중국집","5"
"20180119","금","여","60대이상","서울특별시","마포구","합정동","중국집","5"
"20180119","금","남","10대","서울특별시","마포구","서교동","중국집","5"
"20180119","금","남","10대","서울특별시","서대문구","창천동","중국집","5"
"20180119","금","남","20대","서울특별시","서대문구","창천동","중국집","15"
"20180119","금","남","30대","서울특별시","서대문구","남가좌동","중국집","5"
"20180119","금","남","30대","서울특별시","서대문구","창천동","중국집","22"
"20180119","금","남","30대","서울특별시","서대문구","홍은동","중국집","5"
"20180119","금","남","30대","서울특별시","서대문구","홍제동","중국집","21"
"20180119","금","남","40대","서울특별시","서대문구","연희동","중국집","40"
"20180119","금","남","10대","서울특별시","서대문구","연희동","중국집","6"
"20180119","금","남","40대","서울특별시","서대문구","충정로3가","중국집","5"
"20180119","금","남","20대","서울특별시","서대문구","북아현동","중국집","5"
"20180119","금","남","50대","서울특별시","서대문구","홍은동","중국집","5"
"20180119","금","남","60대이상","서울특별시","서대문구","북아현동","중국집","5"
"20180119","금","남","50대","서울특별시","서대문구","남가좌동","중국집","5"
"20180119","금","남","30대","서울특별시","서대문구","충정로3가","중국집","5"
"20180119","금","남","60대이상","서울특별시","서대문구","창천동","중국집","8"
"20180119","금","남","60대이상","서울특별시","서대문구","홍은동","중국집","5"
"20180119","금","남","10대","서울특별시","서대문구","홍제동","중국집","5"
"20180119","금","여","10대","서울특별시","서대문구","연희동","중국집","5"
"20180119","금","남","20대","서울특별시","서대문구","충정로3가","중국집","5"
"20180119","금","남","40대","서울특별시","서대문구","홍제동","중국집","24"
"20180119","금","남","20대","서울특별시","서대문구","남가좌동","중국집","5"
"20180119","금","남","10대","서울특별시","서대문구","홍은동","중국집","5"
"20180119","금","여","10대","서울특별시","서대문구","홍은동","중국집","5"
"20180119","금","여","20대","서울특별시","서대문구","북가좌동","중국집","5"
"20180119","금","남","60대이상","서울특별시","서대문구","홍제동","중국집","13"
"20180119","금","여","20대","서울특별시","서대문구","연희동","중국집","26"
"20180119","금","남","40대","서울특별시","서대문구","창천동","중국집","34"
"20180119","금","남","50대","서울특별시","서대문구","창천동","중국집","23"
"20180119","금","여","20대","서울특별시","서대문구","창천동","중국집","14"
"20180119","금","여","20대","서울특별시","서대문구","충정로3가","중국집","5"
"20180119","금","여","20대","서울특별시","서대문구","홍은동","중국집","5"
"20180119","금","여","20대","서울특별시","서대문구","홍제동","중국집","10"
"20180119","금","여","30대","서울특별시","서대문구","북가좌동","중국집","5"
"20180119","금","여","30대","서울특별시","서대문구","연희동","중국집","24"
"20180119","금","여","30대","서울특별시","서대문구","창천동","중국집","16"
"20180119","금","여","30대","서울특별시","서대문구","충정로3가","중국집","5"
"20180119","금","여","30대","서울특별시","서대문구","홍은동","중국집","5"
"20180119","금","남","30대","서울특별시","서대문구","북가좌동","중국집","5"
"20180119","금","여","30대","서울특별시","서대문구","홍제동","중국집","19"
"20180119","금","남","60대이상","서울특별시","서대문구","연희동","중국집","18"
"20180119","금","남","50대","서울특별시","서대문구","홍제동","중국집","23"
"20180119","금","여","40대","서울특별시","서대문구","연희동","중국집","43"
"20180119","금","남","20대","서울특별시","서대문구","홍제동","중국집","31"
"20180119","금","여","40대","서울특별시","서대문구","창천동","중국집","37"
"20180119","금","여","10대","서울특별시","서대문구","창천동","중국집","5"
"20180119","금","여","40대","서울특별시","서대문구","충정로3가","중국집","5"
"20180119","금","여","40대","서울특별시","서대문구","홍은동","중국집","5"
"20180119","금","여","50대","서울특별시","서대문구","북가좌동","중국집","5"
"20180119","금","여","50대","서울특별시","서대문구","연희동","중국집","27"
"20180119","금","여","50대","서울특별시","서대문구","창천동","중국집","20"
"20180119","금","여","50대","서울특별시","서대문구","홍제동","중국집","15"
"20180119","금","여","60대이상","서울특별시","서대문구","남가좌동","중국집","5"
"20180119","금","남","30대","서울특별시","서대문구","연희동","중국집","43"
"20180119","금","여","60대이상","서울특별시","서대문구","연희동","중국집","28"
"20180119","금","남","50대","서울특별시","서대문구","연희동","중국집","34"
"20180119","금","여","10대","서울특별시","서대문구","홍제동","중국집","5"
"20180119","금","여","40대","서울특별시","서대문구","홍제동","중국집","33"
"20180119","금","여","60대이상","서울특별시","서대문구","창천동","중국집","12"
"20180119","금","여","60대이상","서울특별시","서대문구","충정로3가","중국집","5"
"20180119","금","남","20대","서울특별시","서대문구","연희동","중국집","37"
"20180119","금","여","60대이상","서울특별시","서대문구","홍제동","중국집","13"
"20180119","금","남","10대","서울특별시","서초구","방배동","중국집","9"
"20180119","금","남","10대","서울특별시","서초구","양재동","중국집","5"
"20180119","금","남","20대","서울특별시","서초구","반포동","중국집","5"
"20180119","금","남","20대","서울특별시","서초구","방배동","중국집","29"
"20180119","금","남","20대","서울특별시","서초구","양재동","중국집","19"
"20180119","금","남","40대","서울특별시","서초구","반포동","중국집","23"
"20180119","금","남","40대","서울특별시","서초구","방배동","중국집","70"
"20180119","금","남","30대","서울특별시","서초구","양재동","중국집","41"
"20180119","금","남","40대","서울특별시","서초구","서초동","중국집","13"
"20180119","금","남","40대","서울특별시","서초구","양재동","중국집","41"
"20180119","금","남","40대","서울특별시","서초구","잠원동","중국집","5"
"20180119","금","남","50대","서울특별시","서초구","반포동","중국집","13"
"20180119","금","남","20대","서울특별시","서초구","서초동","중국집","5"
"20180119","금","남","50대","서울특별시","서초구","양재동","중국집","30"
"20180119","금","남","60대이상","서울특별시","서초구","반포동","중국집","12"
"20180119","금","남","60대이상","서울특별시","서초구","양재동","중국집","7"
"20180119","금","여","10대","서울특별시","서초구","반포동","중국집","5"
"20180119","금","남","20대","서울특별시","서초구","잠원동","중국집","5"
"20180119","금","여","10대","서울특별시","서초구","서초동","중국집","5"
"20180119","금","여","20대","서울특별시","서초구","방배동","중국집","19"
"20180119","금","남","30대","서울특별시","서초구","내곡동","중국집","5"
"20180119","금","남","10대","서울특별시","서초구","서초동","중국집","5"
"20180119","금","남","50대","서울특별시","서초구","서초동","중국집","5"
"20180119","금","남","30대","서울특별시","서초구","서초동","중국집","12"
"20180119","금","남","30대","서울특별시","서초구","반포동","중국집","8"
"20180119","금","남","60대이상","서울특별시","서초구","서초동","중국집","5"
"20180119","금","여","20대","서울특별시","서초구","양재동","중국집","11"
"20180119","금","여","30대","서울특별시","서초구","내곡동","중국집","5"
"20180119","금","남","40대","서울특별시","서초구","내곡동","중국집","6"
"20180119","금","여","30대","서울특별시","서초구","반포동","중국집","14"
"20180119","금","남","30대","서울특별시","서초구","방배동","중국집","47"
"20180119","금","여","30대","서울특별시","서초구","방배동","중국집","48"
"20180119","금","여","30대","서울특별시","서초구","양재동","중국집","25"
"20180119","금","여","40대","서울특별시","서초구","내곡동","중국집","5"
"20180119","금","여","40대","서울특별시","서초구","반포동","중국집","26"
"20180119","금","여","40대","서울특별시","서초구","잠원동","중국집","5"
"20180119","금","여","20대","서울특별시","서초구","서초동","중국집","5"
"20180119","금","여","50대","서울특별시","서초구","반포동","중국집","8"
"20180119","금","여","20대","서울특별시","서초구","반포동","중국집","7"
"20180119","금","여","50대","서울특별시","서초구","방배동","중국집","33"
"20180119","금","남","10대","서울특별시","서초구","반포동","중국집","5"
"20180119","금","여","40대","서울특별시","서초구","서초동","중국집","5"
"20180119","금","여","10대","서울특별시","서초구","방배동","중국집","5"
"20180119","금","여","50대","서울특별시","서초구","서초동","중국집","5"
"20180119","금","남","60대이상","서울특별시","서초구","잠원동","중국집","5"
"20180119","금","여","50대","서울특별시","서초구","양재동","중국집","24"
"20180119","금","여","60대이상","서울특별시","서초구","내곡동","중국집","5"
"20180119","금","여","30대","서울특별시","서초구","서초동","중국집","6"
"20180119","금","여","10대","서울특별시","서초구","양재동","중국집","5"
"20180119","금","여","60대이상","서울특별시","서초구","반포동","중국집","5"
"20180119","금","여","40대","서울특별시","서초구","양재동","중국집","36"
"20180119","금","여","40대","서울특별시","서초구","방배동","중국집","59"
"20180119","금","남","50대","서울특별시","서초구","방배동","중국집","43"
"20180119","금","여","60대이상","서울특별시","서초구","방배동","중국집","26"
"20180119","금","남","60대이상","서울특별시","서초구","방배동","중국집","36"
"20180119","금","여","60대이상","서울특별시","서초구","서초동","중국집","5"
"20180119","금","여","60대이상","서울특별시","서초구","양재동","중국집","15"
"20180119","금","여","60대이상","서울특별시","서초구","잠원동","중국집","5"
"20180119","금","여","30대","서울특별시","서초구","잠원동","중국집","5"
"20180119","금","남","50대","서울특별시","서초구","내곡동","중국집","5"
"20180119","금","남","20대","서울특별시","성동구","성수동2가","중국집","51"
"20180119","금","남","20대","서울특별시","성동구","옥수동","중국집","14"
"20180119","금","남","40대","서울특별시","성동구","옥수동","중국집","24"
"20180119","금","남","30대","서울특별시","성동구","성수동2가","중국집","92"
"20180119","금","남","50대","서울특별시","성동구","성수동2가","중국집","60"
"20180119","금","남","60대이상","서울특별시","성동구","성수동2가","중국집","29"
"20180119","금","남","40대","서울특별시","성동구","성수동2가","중국집","83"
"20180119","금","남","60대이상","서울특별시","성동구","옥수동","중국집","11"
"20180119","금","남","30대","서울특별시","성동구","옥수동","중국집","24"
"20180119","금","남","10대","서울특별시","성동구","성수동2가","중국집","16"
"20180119","금","여","10대","서울특별시","성동구","성수동2가","중국집","7"
"20180119","금","여","20대","서울특별시","성동구","옥수동","중국집","5"
"20180119","금","여","30대","서울특별시","성동구","성수동2가","중국집","68"
"20180119","금","여","30대","서울특별시","성동구","옥수동","중국집","12"
"20180119","금","여","10대","서울특별시","성동구","옥수동","중국집","5"
"20180119","금","여","40대","서울특별시","성동구","성수동1가","중국집","5"
"20180119","금","여","40대","서울특별시","성동구","성수동2가","중국집","75"
"20180119","금","여","40대","서울특별시","성동구","옥수동","중국집","15"
"20180119","금","여","50대","서울특별시","성동구","성수동2가","중국집","43"
"20180119","금","남","50대","서울특별시","성동구","옥수동","중국집","25"
"20180119","금","여","50대","서울특별시","성동구","옥수동","중국집","22"
"20180119","금","여","20대","서울특별시","성동구","성수동2가","중국집","21"
"20180119","금","여","60대이상","서울특별시","성동구","성수동2가","중국집","28"
"20180119","금","여","60대이상","서울특별시","성동구","옥수동","중국집","14"
"20180119","금","남","20대","서울특별시","성북구","삼선동5가","중국집","5"
"20180119","금","남","30대","서울특별시","성북구","동선동2가","중국집","41"
"20180119","금","남","30대","서울특별시","성북구","동선동3가","중국집","5"
"20180119","금","남","30대","서울특별시","성북구","정릉동","중국집","5"
"20180119","금","남","40대","서울특별시","성북구","동선동2가","중국집","45"
"20180119","금","남","40대","서울특별시","성북구","삼선동5가","중국집","5"
"20180119","금","남","40대","서울특별시","성북구","성북동","중국집","5"
"20180119","금","남","50대","서울특별시","성북구","삼선동5가","중국집","5"
"20180119","금","남","40대","서울특별시","성북구","정릉동","중국집","5"
"20180119","금","남","50대","서울특별시","성북구","성북동","중국집","5"
"20180119","금","남","50대","서울특별시","성북구","정릉동","중국집","5"
"20180119","금","남","60대이상","서울특별시","성북구","동선동3가","중국집","5"
"20180119","금","남","60대이상","서울특별시","성북구","성북동","중국집","5"
"20180119","금","여","10대","서울특별시","성북구","동선동2가","중국집","5"
"20180119","금","여","10대","서울특별시","성북구","정릉동","중국집","5"
"20180119","금","여","10대","서울특별시","성북구","종암동","중국집","5"
"20180119","금","남","30대","서울특별시","성북구","종암동","중국집","5"
"20180119","금","여","20대","서울특별시","성북구","삼선동5가","중국집","5"
"20180119","금","여","20대","서울특별시","성북구","정릉동","중국집","5"
"20180119","금","여","30대","서울특별시","성북구","길음동","중국집","5"
"20180119","금","여","20대","서울특별시","성북구","길음동","중국집","5"
"20180119","금","남","60대이상","서울특별시","성북구","동선동2가","중국집","22"
"20180119","금","여","30대","서울특별시","성북구","동선동2가","중국집","29"
"20180119","금","여","30대","서울특별시","성북구","동선동3가","중국집","5"
"20180119","금","여","40대","서울특별시","성북구","동선동2가","중국집","57"
"20180119","금","여","40대","서울특별시","성북구","삼선동5가","중국집","5"
"20180119","금","남","20대","서울특별시","성북구","동선동2가","중국집","27"
"20180119","금","여","20대","서울특별시","성북구","동선동2가","중국집","12"
"20180119","금","여","40대","서울특별시","성북구","장위동","중국집","5"
"20180119","금","남","10대","서울특별시","성북구","동선동2가","중국집","5"
"20180119","금","여","30대","서울특별시","성북구","삼선동5가","중국집","5"
"20180119","금","여","40대","서울특별시","성북구","종암동","중국집","5"
"20180119","금","여","40대","서울특별시","성북구","하월곡동","중국집","5"
"20180119","금","여","50대","서울특별시","성북구","동선동2가","중국집","24"
"20180119","금","여","50대","서울특별시","성북구","삼선동5가","중국집","5"
"20180119","금","여","50대","서울특별시","성북구","성북동","중국집","5"
"20180119","금","남","10대","서울특별시","성북구","정릉동","중국집","5"
"20180119","금","여","50대","서울특별시","성북구","정릉동","중국집","5"
"20180119","금","남","30대","서울특별시","성북구","삼선동5가","중국집","5"
"20180119","금","여","60대이상","서울특별시","성북구","동선동2가","중국집","21"
"20180119","금","여","60대이상","서울특별시","성북구","삼선동5가","중국집","5"
"20180119","금","남","50대","서울특별시","성북구","동선동2가","중국집","51"
"20180119","금","남","60대이상","서울특별시","성북구","하월곡동","중국집","5"
"20180119","금","여","60대이상","서울특별시","성북구","정릉동","중국집","5"
"20180119","금","남","20대","서울특별시","성북구","길음동","중국집","5"
"20180119","금","남","20대","서울특별시","성북구","정릉동","중국집","5"
"20180119","금","여","60대이상","서울특별시","성북구","종암동","중국집","5"
"20180119","금","여","40대","서울특별시","성북구","정릉동","중국집","5"
"20180119","금","여","60대이상","서울특별시","성북구","하월곡동","중국집","5"
"20180119","금","남","10대","서울특별시","송파구","가락동","중국집","5"
"20180119","금","남","10대","서울특별시","송파구","마천동","중국집","5"
"20180119","금","남","10대","서울특별시","송파구","송파동","중국집","14"
"20180119","금","남","20대","서울특별시","송파구","가락동","중국집","5"
"20180119","금","남","20대","서울특별시","송파구","마천동","중국집","5"
"20180119","금","남","20대","서울특별시","송파구","송파동","중국집","37"
"20180119","금","남","20대","서울특별시","송파구","풍납동","중국집","5"
"20180119","금","남","30대","서울특별시","송파구","송파동","중국집","83"
"20180119","금","남","40대","서울특별시","송파구","가락동","중국집","11"
"20180119","금","남","40대","서울특별시","송파구","송파동","중국집","89"
"20180119","금","남","50대","서울특별시","송파구","송파동","중국집","57"
"20180119","금","남","60대이상","서울특별시","송파구","가락동","중국집","5"
"20180119","금","남","60대이상","서울특별시","송파구","마천동","중국집","5"
"20180119","금","여","10대","서울특별시","송파구","가락동","중국집","5"
"20180119","금","여","20대","서울특별시","송파구","마천동","중국집","5"
"20180119","금","남","50대","서울특별시","송파구","가락동","중국집","5"
"20180119","금","남","30대","서울특별시","송파구","가락동","중국집","15"
"20180119","금","여","20대","서울특별시","송파구","송파동","중국집","16"
"20180119","금","여","20대","서울특별시","송파구","풍납동","중국집","5"
"20180119","금","여","30대","서울특별시","송파구","가락동","중국집","9"
"20180119","금","여","10대","서울특별시","송파구","송파동","중국집","5"
"20180119","금","남","20대","서울특별시","송파구","방이동","중국집","5"
"20180119","금","여","30대","서울특별시","송파구","마천동","중국집","5"
"20180119","금","남","30대","서울특별시","송파구","풍납동","중국집","5"
"20180119","금","여","40대","서울특별시","송파구","가락동","중국집","10"
"20180119","금","남","60대이상","서울특별시","송파구","송파동","중국집","32"
"20180119","금","여","40대","서울특별시","송파구","마천동","중국집","5"
"20180119","금","여","30대","서울특별시","송파구","송파동","중국집","57"
"20180119","금","여","40대","서울특별시","송파구","송파동","중국집","88"
"20180119","금","여","40대","서울특별시","송파구","풍납동","중국집","5"
"20180119","금","여","50대","서울특별시","송파구","가락동","중국집","15"
"20180119","금","남","40대","서울특별시","송파구","마천동","중국집","5"
"20180119","금","여","20대","서울특별시","송파구","가락동","중국집","5"
"20180119","금","여","50대","서울특별시","송파구","송파동","중국집","48"
"20180119","금","남","60대이상","서울특별시","송파구","풍납동","중국집","5"
"20180119","금","여","50대","서울특별시","송파구","풍납동","중국집","5"
"20180119","금","여","60대이상","서울특별시","송파구","가락동","중국집","5"
"20180119","금","남","40대","서울특별시","송파구","방이동","중국집","5"
"20180119","금","여","60대이상","서울특별시","송파구","마천동","중국집","5"
"20180119","금","여","60대이상","서울특별시","송파구","송파동","중국집","29"
"20180119","금","남","10대","서울특별시","양천구","목동","중국집","5"
"20180119","금","남","10대","서울특별시","양천구","신월동","중국집","5"
"20180119","금","남","10대","서울특별시","양천구","신정동","중국집","5"
"20180119","금","남","20대","서울특별시","양천구","목동","중국집","5"
"20180119","금","남","20대","서울특별시","양천구","신월동","중국집","5"
"20180119","금","남","30대","서울특별시","양천구","신월동","중국집","5"
"20180119","금","남","40대","서울특별시","양천구","신정동","중국집","14"
"20180119","금","남","50대","서울특별시","양천구","목동","중국집","5"
"20180119","금","남","40대","서울특별시","양천구","신월동","중국집","6"
"20180119","금","남","50대","서울특별시","양천구","신월동","중국집","5"
"20180119","금","남","50대","서울특별시","양천구","신정동","중국집","10"
"20180119","금","남","60대이상","서울특별시","양천구","신월동","중국집","5"
"20180119","금","남","60대이상","서울특별시","양천구","신정동","중국집","5"
"20180119","금","남","20대","서울특별시","양천구","신정동","중국집","13"
"20180119","금","여","30대","서울특별시","양천구","신월동","중국집","5"
"20180119","금","여","30대","서울특별시","양천구","신정동","중국집","14"
"20180119","금","여","20대","서울특별시","양천구","신정동","중국집","5"
"20180119","금","여","40대","서울특별시","양천구","목동","중국집","5"
"20180119","금","여","40대","서울특별시","양천구","신월동","중국집","5"
"20180119","금","여","40대","서울특별시","양천구","신정동","중국집","25"
"20180119","금","남","30대","서울특별시","양천구","신정동","중국집","5"
"20180119","금","여","50대","서울특별시","양천구","목동","중국집","5"
"20180119","금","여","50대","서울특별시","양천구","신월동","중국집","5"
"20180119","금","여","50대","서울특별시","양천구","신정동","중국집","11"
"20180119","금","여","60대이상","서울특별시","양천구","신월동","중국집","5"
"20180119","금","남","40대","서울특별시","양천구","목동","중국집","5"
"20180119","금","여","60대이상","서울특별시","양천구","신정동","중국집","5"
"20180119","금","남","10대","서울특별시","영등포구","대림동","중국집","5"
"20180119","금","남","10대","서울특별시","영등포구","문래동2가","중국집","5"
"20180119","금","남","20대","서울특별시","영등포구","대림동","중국집","5"
"20180119","금","남","20대","서울특별시","영등포구","문래동2가","중국집","7"
"20180119","금","남","20대","서울특별시","영등포구","신길동","중국집","5"
"20180119","금","남","20대","서울특별시","영등포구","여의도동","중국집","14"
"20180119","금","남","20대","서울특별시","영등포구","영등포동8가","중국집","5"
"20180119","금","남","30대","서울특별시","영등포구","문래동2가","중국집","15"
"20180119","금","남","30대","서울특별시","영등포구","영등포동1가","중국집","6"
"20180119","금","남","40대","서울특별시","영등포구","대림동","중국집","5"
"20180119","금","남","40대","서울특별시","영등포구","문래동2가","중국집","25"
"20180119","금","남","30대","서울특별시","영등포구","영등포동7가","중국집","5"
"20180119","금","남","40대","서울특별시","영등포구","신길동","중국집","5"
"20180119","금","남","40대","서울특별시","영등포구","영등포동7가","중국집","5"
"20180119","금","남","50대","서울특별시","영등포구","대림동","중국집","5"
"20180119","금","남","50대","서울특별시","영등포구","신길동","중국집","5"
"20180119","금","남","50대","서울특별시","영등포구","영등포동1가","중국집","5"
"20180119","금","남","60대이상","서울특별시","영등포구","대림동","중국집","5"
"20180119","금","남","40대","서울특별시","영등포구","여의도동","중국집","42"
"20180119","금","남","60대이상","서울특별시","영등포구","문래동3가","중국집","10"
"20180119","금","남","30대","서울특별시","영등포구","여의도동","중국집","40"
"20180119","금","남","30대","서울특별시","영등포구","문래동3가","중국집","27"
"20180119","금","남","60대이상","서울특별시","영등포구","신길동","중국집","5"
"20180119","금","남","60대이상","서울특별시","영등포구","여의도동","중국집","9"
"20180119","금","남","50대","서울특별시","영등포구","문래동2가","중국집","10"
"20180119","금","남","40대","서울특별시","영등포구","영등포동1가","중국집","5"
"20180119","금","여","10대","서울특별시","영등포구","문래동2가","중국집","5"
"20180119","금","여","10대","서울특별시","영등포구","문래동3가","중국집","5"
"20180119","금","남","60대이상","서울특별시","영등포구","영등포동1가","중국집","5"
"20180119","금","여","20대","서울특별시","영등포구","문래동2가","중국집","6"
"20180119","금","여","20대","서울특별시","영등포구","문래동3가","중국집","5"
"20180119","금","여","20대","서울특별시","영등포구","신길동","중국집","5"
"20180119","금","남","50대","서울특별시","영등포구","여의도동","중국집","21"
"20180119","금","여","30대","서울특별시","영등포구","문래동2가","중국집","12"
"20180119","금","남","30대","서울특별시","영등포구","신길동","중국집","5"
"20180119","금","남","40대","서울특별시","영등포구","당산동3가","중국집","5"
"20180119","금","여","30대","서울특별시","영등포구","여의도동","중국집","13"
"20180119","금","여","40대","서울특별시","영등포구","문래동2가","중국집","24"
"20180119","금","남","20대","서울특별시","영등포구","영등포동7가","중국집","5"
"20180119","금","여","40대","서울특별시","영등포구","문래동3가","중국집","25"
"20180119","금","여","40대","서울특별시","영등포구","여의도동","중국집","15"
"20180119","금","남","10대","서울특별시","영등포구","문래동3가","중국집","10"
"20180119","금","남","20대","서울특별시","영등포구","문래동3가","중국집","13"
"20180119","금","여","40대","서울특별시","영등포구","영등포동1가","중국집","5"
"20180119","금","여","30대","서울특별시","영등포구","영등포동1가","중국집","5"
"20180119","금","여","50대","서울특별시","영등포구","문래동2가","중국집","11"
"20180119","금","남","50대","서울특별시","영등포구","문래동3가","중국집","21"
"20180119","금","여","50대","서울특별시","영등포구","문래동3가","중국집","17"
"20180119","금","남","20대","서울특별시","영등포구","영등포동1가","중국집","5"
"20180119","금","여","20대","서울특별시","영등포구","대림동","중국집","5"
"20180119","금","여","50대","서울특별시","영등포구","여의도동","중국집","11"
"20180119","금","여","50대","서울특별시","영등포구","영등포동7가","중국집","5"
"20180119","금","남","60대이상","서울특별시","영등포구","문래동2가","중국집","5"
"20180119","금","여","60대이상","서울특별시","영등포구","대림동","중국집","5"
"20180119","금","여","60대이상","서울특별시","영등포구","문래동2가","중국집","9"
"20180119","금","남","40대","서울특별시","영등포구","문래동3가","중국집","27"
"20180119","금","여","40대","서울특별시","영등포구","대림동","중국집","5"
"20180119","금","여","60대이상","서울특별시","영등포구","문래동3가","중국집","6"
"20180119","금","여","20대","서울특별시","영등포구","여의도동","중국집","8"
"20180119","금","여","30대","서울특별시","영등포구","문래동3가","중국집","29"
"20180119","금","여","60대이상","서울특별시","영등포구","여의도동","중국집","8"
"20180119","금","여","50대","서울특별시","영등포구","영등포동1가","중국집","6"
"20180119","금","여","60대이상","서울특별시","영등포구","영등포동1가","중국집","5"
"20180119","금","남","10대","서울특별시","용산구","보광동","중국집","5"
"20180119","금","남","10대","서울특별시","용산구","이촌동","중국집","5"
"20180119","금","남","20대","서울특별시","용산구","동자동","중국집","5"
"20180119","금","남","20대","서울특별시","용산구","후암동","중국집","9"
"20180119","금","남","30대","서울특별시","용산구","도원동","중국집","5"
"20180119","금","남","30대","서울특별시","용산구","보광동","중국집","8"
"20180119","금","남","30대","서울특별시","용산구","이태원동","중국집","5"
"20180119","금","남","30대","서울특별시","용산구","한남동","중국집","5"
"20180119","금","남","30대","서울특별시","용산구","신계동","중국집","5"
"20180119","금","남","40대","서울특별시","용산구","도원동","중국집","5"
"20180119","금","남","20대","서울특별시","용산구","이태원동","중국집","5"
"20180119","금","남","40대","서울특별시","용산구","신계동","중국집","5"
"20180119","금","남","40대","서울특별시","용산구","이촌동","중국집","5"
"20180119","금","남","30대","서울특별시","용산구","후암동","중국집","40"
"20180119","금","남","50대","서울특별시","용산구","신계동","중국집","5"
"20180119","금","남","50대","서울특별시","용산구","이태원동","중국집","5"
"20180119","금","남","50대","서울특별시","용산구","한강로3가","중국집","22"
"20180119","금","남","50대","서울특별시","용산구","한남동","중국집","5"
"20180119","금","남","20대","서울특별시","용산구","이촌동","중국집","5"
"20180119","금","남","50대","서울특별시","용산구","후암동","중국집","30"
"20180119","금","남","60대이상","서울특별시","용산구","한강로1가","중국집","5"
"20180119","금","남","60대이상","서울특별시","용산구","이태원동","중국집","5"
"20180119","금","여","20대","서울특별시","용산구","갈월동","중국집","5"
"20180119","금","여","20대","서울특별시","용산구","도원동","중국집","5"
"20180119","금","남","30대","서울특별시","용산구","원효로4가","중국집","5"
"20180119","금","여","20대","서울특별시","용산구","동자동","중국집","5"
"20180119","금","여","20대","서울특별시","용산구","보광동","중국집","5"
"20180119","금","여","20대","서울특별시","용산구","이촌동","중국집","5"
"20180119","금","여","20대","서울특별시","용산구","이태원동","중국집","5"
"20180119","금","남","20대","서울특별시","용산구","보광동","중국집","5"
"20180119","금","남","60대이상","서울특별시","용산구","후암동","중국집","15"
"20180119","금","여","20대","서울특별시","용산구","한강로3가","중국집","5"
"20180119","금","여","20대","서울특별시","용산구","한남동","중국집","5"
"20180119","금","남","20대","서울특별시","용산구","신계동","중국집","5"
"20180119","금","여","10대","서울특별시","용산구","한강로3가","중국집","5"
"20180119","금","여","30대","서울특별시","용산구","갈월동","중국집","5"
"20180119","금","남","40대","서울특별시","용산구","한강로3가","중국집","32"
"20180119","금","남","30대","서울특별시","용산구","한강로3가","중국집","41"
"20180119","금","여","30대","서울특별시","용산구","동자동","중국집","5"
"20180119","금","여","30대","서울특별시","용산구","보광동","중국집","5"
"20180119","금","남","40대","서울특별시","용산구","후암동","중국집","47"
"20180119","금","남","50대","서울특별시","용산구","이촌동","중국집","5"
"20180119","금","여","30대","서울특별시","용산구","원효로4가","중국집","5"
"20180119","금","여","20대","서울특별시","용산구","후암동","중국집","13"
"20180119","금","남","60대이상","서울특별시","용산구","한강로3가","중국집","12"
"20180119","금","여","30대","서울특별시","용산구","한강로3가","중국집","15"
"20180119","금","여","30대","서울특별시","용산구","한남동","중국집","5"
"20180119","금","여","30대","서울특별시","용산구","후암동","중국집","17"
"20180119","금","남","50대","서울특별시","용산구","보광동","중국집","5"
"20180119","금","여","30대","서울특별시","용산구","이촌동","중국집","5"
"20180119","금","여","30대","서울특별시","용산구","신계동","중국집","5"
"20180119","금","여","40대","서울특별시","용산구","보광동","중국집","5"
"20180119","금","여","40대","서울특별시","용산구","신계동","중국집","5"
"20180119","금","여","40대","서울특별시","용산구","이태원동","중국집","5"
"20180119","금","남","40대","서울특별시","용산구","동자동","중국집","5"
"20180119","금","남","40대","서울특별시","용산구","보광동","중국집","5"
"20180119","금","여","40대","서울특별시","용산구","한강로3가","중국집","36"
"20180119","금","여","50대","서울특별시","용산구","동자동","중국집","5"
"20180119","금","여","50대","서울특별시","용산구","보광동","중국집","5"
"20180119","금","남","40대","서울특별시","용산구","효창동","중국집","5"
"20180119","금","여","40대","서울특별시","용산구","후암동","중국집","23"
"20180119","금","여","50대","서울특별시","용산구","이촌동","중국집","6"
"20180119","금","남","20대","서울특별시","용산구","한강로3가","중국집","29"
"20180119","금","여","50대","서울특별시","용산구","한강로3가","중국집","20"
"20180119","금","남","30대","서울특별시","용산구","이촌동","중국집","5"
"20180119","금","여","50대","서울특별시","용산구","한남동","중국집","5"
"20180119","금","여","10대","서울특별시","용산구","이촌동","중국집","5"
"20180119","금","여","30대","서울특별시","용산구","이태원동","중국집","5"
"20180119","금","남","60대이상","서울특별시","용산구","효창동","중국집","5"
"20180119","금","남","60대이상","서울특별시","용산구","한남동","중국집","5"
"20180119","금","여","50대","서울특별시","용산구","후암동","중국집","10"
"20180119","금","여","60대이상","서울특별시","용산구","도원동","중국집","5"
"20180119","금","여","60대이상","서울특별시","용산구","보광동","중국집","5"
"20180119","금","남","60대이상","서울특별시","용산구","보광동","중국집","5"
"20180119","금","여","60대이상","서울특별시","용산구","이촌동","중국집","5"
"20180119","금","남","60대이상","서울특별시","용산구","신계동","중국집","5"
"20180119","금","남","10대","서울특별시","용산구","후암동","중국집","5"
"20180119","금","남","20대","서울특별시","용산구","한남동","중국집","5"
"20180119","금","여","40대","서울특별시","용산구","이촌동","중국집","7"
"20180119","금","여","60대이상","서울특별시","용산구","이태원동","중국집","5"
"20180119","금","여","60대이상","서울특별시","용산구","한강로3가","중국집","11"
"20180119","금","여","60대이상","서울특별시","용산구","후암동","중국집","16"
"20180119","금","남","10대","서울특별시","용산구","신계동","중국집","5"
"20180119","금","남","40대","서울특별시","용산구","이태원동","중국집","5"
"20180119","금","남","50대","서울특별시","용산구","원효로4가","중국집","5"
"20180119","금","남","20대","서울특별시","은평구","구산동","중국집","5"
"20180119","금","남","20대","서울특별시","은평구","불광동","중국집","18"
"20180119","금","남","40대","서울특별시","은평구","불광동","중국집","58"
"20180119","금","남","40대","서울특별시","은평구","증산동","중국집","10"
"20180119","금","남","30대","서울특별시","은평구","구산동","중국집","5"
"20180119","금","남","40대","서울특별시","은평구","진관동","중국집","5"
"20180119","금","남","60대이상","서울특별시","은평구","불광동","중국집","25"
"20180119","금","남","60대이상","서울특별시","은평구","수색동","중국집","5"
"20180119","금","남","50대","서울특별시","은평구","갈현동","중국집","5"
"20180119","금","여","20대","서울특별시","은평구","불광동","중국집","7"
"20180119","금","여","10대","서울특별시","은평구","불광동","중국집","5"
"20180119","금","남","10대","서울특별시","은평구","증산동","중국집","5"
"20180119","금","남","60대이상","서울특별시","은평구","구산동","중국집","5"
"20180119","금","여","30대","서울특별시","은평구","구산동","중국집","5"
"20180119","금","남","60대이상","서울특별시","은평구","증산동","중국집","5"
"20180119","금","남","50대","서울특별시","은평구","불광동","중국집","19"
"20180119","금","여","30대","서울특별시","은평구","불광동","중국집","33"
"20180119","금","남","10대","서울특별시","은평구","불광동","중국집","8"
"20180119","금","여","30대","서울특별시","은평구","증산동","중국집","5"
"20180119","금","여","40대","서울특별시","은평구","갈현동","중국집","5"
"20180119","금","여","40대","서울특별시","은평구","불광동","중국집","60"
"20180119","금","남","30대","서울특별시","은평구","증산동","중국집","5"
"20180119","금","여","40대","서울특별시","은평구","증산동","중국집","5"
"20180119","금","남","30대","서울특별시","은평구","불광동","중국집","42"
"20180119","금","여","40대","서울특별시","은평구","진관동","중국집","5"
"20180119","금","여","40대","서울특별시","은평구","구산동","중국집","5"
"20180119","금","여","50대","서울특별시","은평구","구산동","중국집","5"
"20180119","금","여","50대","서울특별시","은평구","불광동","중국집","25"
"20180119","금","여","50대","서울특별시","은평구","증산동","중국집","5"
"20180119","금","여","60대이상","서울특별시","은평구","구산동","중국집","5"
"20180119","금","여","20대","서울특별시","은평구","증산동","중국집","5"
"20180119","금","남","50대","서울특별시","은평구","증산동","중국집","5"
"20180119","금","여","60대이상","서울특별시","은평구","불광동","중국집","14"
"20180119","금","여","60대이상","서울특별시","은평구","수색동","중국집","5"
"20180119","금","여","60대이상","서울특별시","은평구","증산동","중국집","5"
"20180119","금","남","20대","서울특별시","은평구","증산동","중국집","5"
"20180119","금","남","50대","서울특별시","은평구","구산동","중국집","5"
"20180119","금","남","10대","서울특별시","종로구","교남동","중국집","5"
"20180119","금","남","10대","서울특별시","종로구","숭인동","중국집","5"
"20180119","금","남","20대","서울특별시","종로구","창성동","중국집","5"
"20180119","금","남","30대","서울특별시","종로구","관수동","중국집","5"
"20180119","금","남","40대","서울특별시","종로구","관수동","중국집","5"
"20180119","금","남","30대","서울특별시","종로구","명륜1가","중국집","5"
"20180119","금","남","40대","서울특별시","종로구","동숭동","중국집","5"
"20180119","금","남","40대","서울특별시","종로구","신문로2가","중국집","5"
"20180119","금","남","40대","서울특별시","종로구","원서동","중국집","5"
"20180119","금","남","40대","서울특별시","종로구","교남동","중국집","5"
"20180119","금","남","50대","서울특별시","종로구","경운동","중국집","5"
"20180119","금","남","50대","서울특별시","종로구","원서동","중국집","5"
"20180119","금","남","60대이상","서울특별시","종로구","경운동","중국집","5"
"20180119","금","남","60대이상","서울특별시","종로구","숭인동","중국집","5"
"20180119","금","남","40대","서울특별시","종로구","낙원동","중국집","5"
"20180119","금","남","30대","서울특별시","종로구","동숭동","중국집","5"
"20180119","금","남","30대","서울특별시","종로구","평창동","중국집","5"
"20180119","금","남","60대이상","서울특별시","종로구","평창동","중국집","5"
"20180119","금","남","30대","서울특별시","종로구","낙원동","중국집","6"
"20180119","금","여","10대","서울특별시","종로구","원서동","중국집","5"
"20180119","금","여","20대","서울특별시","종로구","경운동","중국집","5"
"20180119","금","여","20대","서울특별시","종로구","동숭동","중국집","5"
"20180119","금","여","20대","서울특별시","종로구","원서동","중국집","5"
"20180119","금","여","20대","서울특별시","종로구","창성동","중국집","5"
"20180119","금","여","30대","서울특별시","종로구","경운동","중국집","5"
"20180119","금","여","30대","서울특별시","종로구","관수동","중국집","5"
"20180119","금","남","40대","서울특별시","종로구","평창동","중국집","5"
"20180119","금","여","30대","서울특별시","종로구","동숭동","중국집","5"
"20180119","금","여","30대","서울특별시","종로구","서린동","중국집","5"
"20180119","금","남","60대이상","서울특별시","종로구","종로6가","중국집","5"
"20180119","금","남","50대","서울특별시","종로구","종로6가","중국집","5"
"20180119","금","남","30대","서울특별시","종로구","경운동","중국집","5"
"20180119","금","여","30대","서울특별시","종로구","신문로2가","중국집","5"
"20180119","금","여","30대","서울특별시","종로구","안국동","중국집","5"
"20180119","금","남","20대","서울특별시","종로구","낙원동","중국집","5"
"20180119","금","여","30대","서울특별시","종로구","원서동","중국집","5"
"20180119","금","여","30대","서울특별시","종로구","창성동","중국집","5"
"20180119","금","여","30대","서울특별시","종로구","평창동","중국집","5"
"20180119","금","남","50대","서울특별시","종로구","낙원동","중국집","5"
"20180119","금","여","40대","서울특별시","종로구","경운동","중국집","5"
"20180119","금","남","30대","서울특별시","종로구","서린동","중국집","5"
"20180119","금","여","40대","서울특별시","종로구","교남동","중국집","5"
"20180119","금","남","60대이상","서울특별시","종로구","동숭동","중국집","5"
"20180119","금","여","40대","서울특별시","종로구","숭인동","중국집","5"
"20180119","금","여","20대","서울특별시","종로구","교남동","중국집","5"
"20180119","금","여","30대","서울특별시","종로구","교남동","중국집","6"
"20180119","금","남","60대이상","서울특별시","종로구","관수동","중국집","5"
"20180119","금","여","40대","서울특별시","종로구","신문로2가","중국집","5"
"20180119","금","남","20대","서울특별시","종로구","경운동","중국집","5"
"20180119","금","남","50대","서울특별시","종로구","숭인동","중국집","5"
"20180119","금","여","10대","서울특별시","종로구","평창동","중국집","5"
"20180119","금","여","40대","서울특별시","종로구","옥인동","중국집","5"
"20180119","금","여","30대","서울특별시","종로구","숭인동","중국집","5"
"20180119","금","남","30대","서울특별시","종로구","창성동","중국집","5"
"20180119","금","여","40대","서울특별시","종로구","창성동","중국집","5"
"20180119","금","여","40대","서울특별시","종로구","창신동","중국집","5"
"20180119","금","여","50대","서울특별시","종로구","낙원동","중국집","5"
"20180119","금","여","50대","서울특별시","종로구","명륜1가","중국집","5"
"20180119","금","여","50대","서울특별시","종로구","숭인동","중국집","5"
"20180119","금","남","20대","서울특별시","종로구","평창동","중국집","5"
"20180119","금","남","40대","서울특별시","종로구","숭인동","중국집","5"
"20180119","금","남","60대이상","서울특별시","종로구","교남동","중국집","5"
"20180119","금","남","40대","서울특별시","종로구","명륜1가","중국집","5"
"20180119","금","여","50대","서울특별시","종로구","옥인동","중국집","5"
"20180119","금","남","20대","서울특별시","종로구","명륜1가","중국집","5"
"20180119","금","여","20대","서울특별시","종로구","명륜1가","중국집","5"
"20180119","금","여","40대","서울특별시","종로구","원서동","중국집","5"
"20180119","금","여","50대","서울특별시","종로구","원서동","중국집","5"
"20180119","금","여","50대","서울특별시","종로구","평창동","중국집","5"
"20180119","금","여","60대이상","서울특별시","종로구","교남동","중국집","5"
"20180119","금","여","60대이상","서울특별시","종로구","원서동","중국집","5"
"20180119","금","남","50대","서울특별시","종로구","동숭동","중국집","5"
"20180119","금","여","20대","서울특별시","종로구","평창동","중국집","5"
"20180119","금","여","60대이상","서울특별시","종로구","종로3가","중국집","5"
"20180119","금","여","20대","서울특별시","종로구","낙원동","중국집","5"
"20180119","금","여","40대","서울특별시","종로구","종로5가","중국집","5"
"20180119","금","여","60대이상","서울특별시","종로구","평창동","중국집","5"
"20180119","금","여","20대","서울특별시","종로구","숭인동","중국집","5"
"20180119","금","남","10대","서울특별시","중구","을지로6가","중국집","5"
"20180119","금","남","20대","서울특별시","중구","수하동","중국집","22"
"20180119","금","남","20대","서울특별시","중구","을지로6가","중국집","5"
"20180119","금","남","20대","서울특별시","중구","충무로1가","중국집","5"
"20180119","금","남","20대","서울특별시","중구","필동2가","중국집","7"
"20180119","금","남","10대","서울특별시","중구","수하동","중국집","5"
"20180119","금","남","30대","서울특별시","중구","명동1가","중국집","5"
"20180119","금","남","30대","서울특별시","중구","신당동","중국집","57"
"20180119","금","남","40대","서울특별시","중구","서소문동","중국집","5"
"20180119","금","남","30대","서울특별시","중구","수하동","중국집","84"
"20180119","금","남","40대","서울특별시","중구","수하동","중국집","100"
"20180119","금","남","20대","서울특별시","중구","정동","중국집","5"
"20180119","금","남","40대","서울특별시","중구","을지로1가","중국집","5"
"20180119","금","남","40대","서울특별시","중구","필동2가","중국집","5"
"20180119","금","남","50대","서울특별시","중구","신당동","중국집","50"
"20180119","금","남","50대","서울특별시","중구","을지로1가","중국집","5"
"20180119","금","남","50대","서울특별시","중구","주교동","중국집","5"
"20180119","금","남","60대이상","서울특별시","중구","신당동","중국집","44"
"20180119","금","남","60대이상","서울특별시","중구","을지로3가","중국집","5"
"20180119","금","남","40대","서울특별시","중구","신당동","중국집","59"
"20180119","금","남","20대","서울특별시","중구","주교동","중국집","5"
"20180119","금","남","50대","서울특별시","중구","필동2가","중국집","5"
"20180119","금","남","60대이상","서울특별시","중구","을지로1가","중국집","5"
"20180119","금","남","60대이상","서울특별시","중구","을지로6가","중국집","5"
"20180119","금","남","60대이상","서울특별시","중구","충무로1가","중국집","5"
"20180119","금","남","10대","서울특별시","중구","신당동","중국집","9"
"20180119","금","남","30대","서울특별시","중구","필동2가","중국집","5"
"20180119","금","남","60대이상","서울특별시","중구","필동2가","중국집","5"
"20180119","금","남","40대","서울특별시","중구","을지로6가","중국집","5"
"20180119","금","여","10대","서울특별시","중구","수하동","중국집","5"
"20180119","금","남","60대이상","서울특별시","중구","수하동","중국집","27"
"20180119","금","여","10대","서울특별시","중구","신당동","중국집","8"
"20180119","금","여","20대","서울특별시","중구","무교동","중국집","5"
"20180119","금","남","20대","서울특별시","중구","무교동","중국집","5"
"20180119","금","남","60대이상","서울특별시","중구","주교동","중국집","5"
"20180119","금","여","20대","서울특별시","중구","수하동","중국집","13"
"20180119","금","여","20대","서울특별시","중구","충무로1가","중국집","5"
"20180119","금","여","20대","서울특별시","중구","태평로1가","중국집","5"
"20180119","금","여","20대","서울특별시","중구","필동2가","중국집","5"
"20180119","금","여","30대","서울특별시","중구","명동1가","중국집","5"
"20180119","금","여","30대","서울특별시","중구","무교동","중국집","5"
"20180119","금","여","30대","서울특별시","중구","신당동","중국집","44"
"20180119","금","여","30대","서울특별시","중구","을지로6가","중국집","5"
"20180119","금","남","40대","서울특별시","중구","무교동","중국집","5"
"20180119","금","남","20대","서울특별시","중구","신당동","중국집","25"
"20180119","금","여","40대","서울특별시","중구","을지로3가","중국집","5"
"20180119","금","남","30대","서울특별시","중구","주교동","중국집","5"
"20180119","금","여","40대","서울특별시","중구","을지로6가","중국집","5"
"20180119","금","여","40대","서울특별시","중구","회현동1가","중국집","5"
"20180119","금","여","40대","서울특별시","중구","수하동","중국집","35"
"20180119","금","여","50대","서울특별시","중구","수하동","중국집","26"
"20180119","금","여","30대","서울특별시","중구","수하동","중국집","36"
"20180119","금","여","50대","서울특별시","중구","신당동","중국집","35"
"20180119","금","여","30대","서울특별시","중구","충무로1가","중국집","5"
"20180119","금","남","50대","서울특별시","중구","수하동","중국집","64"
"20180119","금","여","50대","서울특별시","중구","을지로3가","중국집","5"
"20180119","금","남","30대","서울특별시","중구","정동","중국집","5"
"20180119","금","여","60대이상","서울특별시","중구","명동1가","중국집","5"
"20180119","금","여","60대이상","서울특별시","중구","수하동","중국집","21"
"20180119","금","여","60대이상","서울특별시","중구","신당동","중국집","11"
"20180119","금","남","30대","서울특별시","중구","을지로3가","중국집","5"
"20180119","금","여","20대","서울특별시","중구","서소문동","중국집","5"
"20180119","금","여","50대","서울특별시","중구","을지로6가","중국집","5"
"20180119","금","여","60대이상","서울특별시","중구","을지로6가","중국집","5"
"20180119","금","여","40대","서울특별시","중구","신당동","중국집","59"
"20180119","금","여","60대이상","서울특별시","중구","장충동2가","중국집","5"
"20180119","금","여","20대","서울특별시","중구","신당동","중국집","15"
"20180119","금","여","60대이상","서울특별시","중구","정동","중국집","5"
"20180119","금","남","20대","서울특별시","중랑구","망우동","중국집","5"
"20180119","금","남","20대","서울특별시","중랑구","묵동","중국집","5"
"20180119","금","남","30대","서울특별시","중랑구","면목동","중국집","48"
"20180119","금","남","40대","서울특별시","중랑구","면목동","중국집","56"
"20180119","금","남","40대","서울특별시","중랑구","묵동","중국집","5"
"20180119","금","남","40대","서울특별시","중랑구","신내동","중국집","5"
"20180119","금","남","50대","서울특별시","중랑구","면목동","중국집","41"
"20180119","금","남","50대","서울특별시","중랑구","묵동","중국집","5"
"20180119","금","남","50대","서울특별시","중랑구","신내동","중국집","5"
"20180119","금","남","60대이상","서울특별시","중랑구","면목동","중국집","21"
"20180119","금","남","60대이상","서울특별시","중랑구","묵동","중국집","5"
"20180119","금","남","60대이상","서울특별시","중랑구","신내동","중국집","5"
"20180119","금","여","10대","서울특별시","중랑구","면목동","중국집","5"
"20180119","금","여","20대","서울특별시","중랑구","망우동","중국집","5"
"20180119","금","여","20대","서울특별시","중랑구","면목동","중국집","10"
"20180119","금","남","60대이상","서울특별시","중랑구","망우동","중국집","5"
"20180119","금","여","20대","서울특별시","중랑구","묵동","중국집","5"
"20180119","금","여","20대","서울특별시","중랑구","신내동","중국집","5"
"20180119","금","여","30대","서울특별시","중랑구","망우동","중국집","5"
"20180119","금","남","20대","서울특별시","중랑구","신내동","중국집","5"
"20180119","금","여","30대","서울특별시","중랑구","면목동","중국집","24"
"20180119","금","여","30대","서울특별시","중랑구","묵동","중국집","5"
"20180119","금","여","30대","서울특별시","중랑구","상봉동","중국집","5"
"20180119","금","여","30대","서울특별시","중랑구","신내동","중국집","5"
"20180119","금","남","30대","서울특별시","중랑구","신내동","중국집","5"
"20180119","금","여","40대","서울특별시","중랑구","묵동","중국집","5"
"20180119","금","남","20대","서울특별시","중랑구","면목동","중국집","25"
"20180119","금","여","40대","서울특별시","중랑구","상봉동","중국집","5"
"20180119","금","남","50대","서울특별시","중랑구","망우동","중국집","5"
"20180119","금","남","10대","서울특별시","중랑구","면목동","중국집","5"
"20180119","금","여","40대","서울특별시","중랑구","면목동","중국집","46"
"20180119","금","여","40대","서울특별시","중랑구","망우동","중국집","5"
"20180119","금","남","30대","서울특별시","중랑구","상봉동","중국집","5"
"20180119","금","남","40대","서울특별시","중랑구","망우동","중국집","5"
"20180119","금","여","50대","서울특별시","중랑구","망우동","중국집","5"
"20180119","금","남","30대","서울특별시","중랑구","망우동","중국집","5"
"20180119","금","여","50대","서울특별시","중랑구","면목동","중국집","39"
"20180119","금","남","10대","서울특별시","중랑구","신내동","중국집","5"
"20180119","금","남","30대","서울특별시","중랑구","묵동","중국집","5"
"20180119","금","여","50대","서울특별시","중랑구","신내동","중국집","5"
"20180119","금","여","60대이상","서울특별시","중랑구","망우동","중국집","5"
"20180119","금","남","20대","서울특별시","중랑구","상봉동","중국집","5"
"20180119","금","여","60대이상","서울특별시","중랑구","면목동","중국집","16"
"20180120","토","남","10대","서울특별시","강남구","논현동","중국집","5"
"20180120","토","남","10대","서울특별시","강남구","세곡동","중국집","5"
"20180120","토","남","10대","서울특별시","강남구","역삼동","중국집","5"
"20180120","토","남","20대","서울특별시","강남구","도곡동","중국집","5"
"20180120","토","남","20대","서울특별시","강남구","삼성동","중국집","48"
"20180120","토","남","30대","서울특별시","강남구","삼성동","중국집","88"
"20180120","토","남","40대","서울특별시","강남구","논현동","중국집","41"
"20180120","토","남","40대","서울특별시","강남구","도곡동","중국집","5"
"20180120","토","남","40대","서울특별시","강남구","수서동","중국집","5"
"20180120","토","남","40대","서울특별시","강남구","압구정동","중국집","5"
"20180120","토","남","10대","서울특별시","강남구","도곡동","중국집","5"
"20180120","토","남","40대","서울특별시","강남구","역삼동","중국집","58"
"20180120","토","남","50대","서울특별시","강남구","대치동","중국집","5"
"20180120","토","남","50대","서울특별시","강남구","역삼동","중국집","29"
"20180120","토","남","50대","서울특별시","강남구","삼성동","중국집","55"
"20180120","토","남","50대","서울특별시","강남구","도곡동","중국집","5"
"20180120","토","남","60대이상","서울특별시","강남구","도곡동","중국집","5"
"20180120","토","남","50대","서울특별시","강남구","세곡동","중국집","6"
"20180120","토","남","20대","서울특별시","강남구","대치동","중국집","5"
"20180120","토","남","40대","서울특별시","강남구","일원동","중국집","5"
"20180120","토","남","60대이상","서울특별시","강남구","세곡동","중국집","5"
"20180120","토","남","40대","서울특별시","강남구","개포동","중국집","5"
"20180120","토","남","30대","서울특별시","강남구","일원동","중국집","5"
"20180120","토","남","10대","서울특별시","강남구","삼성동","중국집","8"
"20180120","토","남","30대","서울특별시","강남구","세곡동","중국집","13"
"20180120","토","남","60대이상","서울특별시","강남구","역삼동","중국집","14"
"20180120","토","여","10대","서울특별시","강남구","대치동","중국집","5"
"20180120","토","여","10대","서울특별시","강남구","도곡동","중국집","5"
"20180120","토","여","10대","서울특별시","강남구","세곡동","중국집","5"
"20180120","토","남","20대","서울특별시","강남구","수서동","중국집","5"
"20180120","토","여","20대","서울특별시","강남구","논현동","중국집","19"
"20180120","토","여","20대","서울특별시","강남구","대치동","중국집","5"
"20180120","토","남","20대","서울특별시","강남구","개포동","중국집","5"
"20180120","토","여","20대","서울특별시","강남구","도곡동","중국집","5"
"20180120","토","여","10대","서울특별시","강남구","삼성동","중국집","5"
"20180120","토","남","30대","서울특별시","강남구","압구정동","중국집","5"
"20180120","토","여","20대","서울특별시","강남구","세곡동","중국집","5"
"20180120","토","남","20대","서울특별시","강남구","논현동","중국집","17"
"20180120","토","여","10대","서울특별시","강남구","수서동","중국집","5"
"20180120","토","여","20대","서울특별시","강남구","역삼동","중국집","31"
"20180120","토","남","30대","서울특별시","강남구","수서동","중국집","7"
"20180120","토","여","30대","서울특별시","강남구","개포동","중국집","5"
"20180120","토","여","30대","서울특별시","강남구","논현동","중국집","41"
"20180120","토","여","30대","서울특별시","강남구","대치동","중국집","5"
"20180120","토","여","30대","서울특별시","강남구","도곡동","중국집","8"
"20180120","토","여","30대","서울특별시","강남구","세곡동","중국집","9"
"20180120","토","여","30대","서울특별시","강남구","압구정동","중국집","5"
"20180120","토","여","20대","서울특별시","강남구","압구정동","중국집","5"
"20180120","토","여","30대","서울특별시","강남구","역삼동","중국집","47"
"20180120","토","여","30대","서울특별시","강남구","일원동","중국집","5"
"20180120","토","남","20대","서울특별시","강남구","압구정동","중국집","5"
"20180120","토","남","30대","서울특별시","강남구","논현동","중국집","51"
"20180120","토","여","40대","서울특별시","강남구","개포동","중국집","5"
"20180120","토","남","40대","서울특별시","강남구","세곡동","중국집","8"
"20180120","토","여","40대","서울특별시","강남구","대치동","중국집","5"
"20180120","토","남","60대이상","서울특별시","강남구","삼성동","중국집","32"
"20180120","토","남","60대이상","서울특별시","강남구","논현동","중국집","10"
"20180120","토","여","40대","서울특별시","강남구","도곡동","중국집","7"
"20180120","토","여","30대","서울특별시","강남구","수서동","중국집","5"
"20180120","토","여","40대","서울특별시","강남구","삼성동","중국집","106"
"20180120","토","여","40대","서울특별시","강남구","세곡동","중국집","13"
"20180120","토","여","40대","서울특별시","강남구","역삼동","중국집","65"
"20180120","토","여","10대","서울특별시","강남구","역삼동","중국집","5"
"20180120","토","여","40대","서울특별시","강남구","일원동","중국집","5"
"20180120","토","남","40대","서울특별시","강남구","삼성동","중국집","94"
"20180120","토","여","40대","서울특별시","강남구","청담동","중국집","5"
"20180120","토","남","50대","서울특별시","강남구","개포동","중국집","5"
"20180120","토","남","50대","서울특별시","강남구","수서동","중국집","5"
"20180120","토","여","50대","서울특별시","강남구","논현동","중국집","27"
"20180120","토","여","20대","서울특별시","강남구","수서동","중국집","5"
"20180120","토","여","50대","서울특별시","강남구","대치동","중국집","5"
"20180120","토","여","50대","서울특별시","강남구","도곡동","중국집","8"
"20180120","토","여","30대","서울특별시","강남구","삼성동","중국집","77"
"20180120","토","여","50대","서울특별시","강남구","삼성동","중국집","57"
"20180120","토","여","50대","서울특별시","강남구","세곡동","중국집","8"
"20180120","토","여","50대","서울특별시","강남구","역삼동","중국집","24"
"20180120","토","남","20대","서울특별시","강남구","역삼동","중국집","49"
"20180120","토","남","20대","서울특별시","강남구","세곡동","중국집","5"
"20180120","토","여","40대","서울특별시","강남구","논현동","중국집","45"
"20180120","토","남","30대","서울특별시","강남구","역삼동","중국집","71"
"20180120","토","여","50대","서울특별시","강남구","일원동","중국집","5"
"20180120","토","남","60대이상","서울특별시","강남구","수서동","중국집","5"
"20180120","토","여","60대이상","서울특별시","강남구","논현동","중국집","28"
"20180120","토","남","40대","서울특별시","강남구","대치동","중국집","5"
"20180120","토","여","60대이상","서울특별시","강남구","대치동","중국집","5"
"20180120","토","여","60대이상","서울특별시","강남구","삼성동","중국집","21"
"20180120","토","여","50대","서울특별시","강남구","개포동","중국집","5"
"20180120","토","여","60대이상","서울특별시","강남구","세곡동","중국집","5"
"20180120","토","여","20대","서울특별시","강남구","삼성동","중국집","24"
"20180120","토","남","50대","서울특별시","강남구","논현동","중국집","34"
"20180120","토","여","60대이상","서울특별시","강남구","수서동","중국집","5"
"20180120","토","남","10대","서울특별시","강남구","대치동","중국집","5"
"20180120","토","남","30대","서울특별시","강남구","도곡동","중국집","6"
"20180120","토","여","50대","서울특별시","강남구","수서동","중국집","5"
"20180120","토","여","60대이상","서울특별시","강남구","압구정동","중국집","5"
"20180120","토","여","60대이상","서울특별시","강남구","역삼동","중국집","17"
"20180120","토","남","10대","서울특별시","강동구","길동","중국집","9"
"20180120","토","남","10대","서울특별시","강동구","암사동","중국집","5"
"20180120","토","남","20대","서울특별시","강동구","명일동","중국집","8"
"20180120","토","남","20대","서울특별시","강동구","상일동","중국집","5"
"20180120","토","남","30대","서울특별시","강동구","길동","중국집","90"
"20180120","토","남","20대","서울특별시","강동구","길동","중국집","51"
"20180120","토","남","30대","서울특별시","강동구","명일동","중국집","5"
"20180120","토","남","30대","서울특별시","강동구","상일동","중국집","5"
"20180120","토","남","30대","서울특별시","강동구","성내동","중국집","12"
"20180120","토","남","10대","서울특별시","강동구","명일동","중국집","5"
"20180120","토","남","30대","서울특별시","강동구","암사동","중국집","5"
"20180120","토","남","40대","서울특별시","강동구","길동","중국집","107"
"20180120","토","남","20대","서울특별시","강동구","암사동","중국집","5"
"20180120","토","남","40대","서울특별시","강동구","명일동","중국집","5"
"20180120","토","남","20대","서울특별시","강동구","성내동","중국집","8"
"20180120","토","남","40대","서울특별시","강동구","천호동","중국집","5"
"20180120","토","남","40대","서울특별시","강동구","성내동","중국집","7"
"20180120","토","남","20대","서울특별시","강동구","천호동","중국집","5"
"20180120","토","남","50대","서울특별시","강동구","길동","중국집","55"
"20180120","토","남","50대","서울특별시","강동구","명일동","중국집","5"
"20180120","토","남","50대","서울특별시","강동구","성내동","중국집","6"
"20180120","토","남","50대","서울특별시","강동구","암사동","중국집","5"
"20180120","토","남","60대이상","서울특별시","강동구","명일동","중국집","5"
"20180120","토","남","60대이상","서울특별시","강동구","성내동","중국집","6"
"20180120","토","남","60대이상","서울특별시","강동구","길동","중국집","38"
"20180120","토","남","60대이상","서울특별시","강동구","천호동","중국집","5"
"20180120","토","여","10대","서울특별시","강동구","성내동","중국집","5"
"20180120","토","여","20대","서울특별시","강동구","길동","중국집","25"
"20180120","토","여","20대","서울특별시","강동구","명일동","중국집","5"
"20180120","토","남","50대","서울특별시","강동구","상일동","중국집","5"
"20180120","토","여","30대","서울특별시","강동구","둔촌동","중국집","5"
"20180120","토","여","20대","서울특별시","강동구","암사동","중국집","5"
"20180120","토","여","30대","서울특별시","강동구","성내동","중국집","6"
"20180120","토","여","30대","서울특별시","강동구","암사동","중국집","7"
"20180120","토","여","30대","서울특별시","강동구","천호동","중국집","5"
"20180120","토","남","10대","서울특별시","강동구","둔촌동","중국집","6"
"20180120","토","여","40대","서울특별시","강동구","길동","중국집","85"
"20180120","토","여","40대","서울특별시","강동구","명일동","중국집","8"
"20180120","토","여","30대","서울특별시","강동구","길동","중국집","67"
"20180120","토","남","40대","서울특별시","강동구","암사동","중국집","5"
"20180120","토","여","40대","서울특별시","강동구","성내동","중국집","12"
"20180120","토","여","40대","서울특별시","강동구","암사동","중국집","5"
"20180120","토","여","40대","서울특별시","강동구","천호동","중국집","5"
"20180120","토","여","10대","서울특별시","강동구","길동","중국집","5"
"20180120","토","여","50대","서울특별시","강동구","길동","중국집","59"
"20180120","토","여","50대","서울특별시","강동구","성내동","중국집","5"
"20180120","토","여","60대이상","서울특별시","강동구","길동","중국집","33"
"20180120","토","여","60대이상","서울특별시","강동구","명일동","중국집","5"
"20180120","토","여","30대","서울특별시","강동구","명일동","중국집","6"
"20180120","토","여","60대이상","서울특별시","강동구","상일동","중국집","5"
"20180120","토","남","50대","서울특별시","강동구","천호동","중국집","5"
"20180120","토","여","10대","서울특별시","강동구","암사동","중국집","5"
"20180120","토","여","60대이상","서울특별시","강동구","성내동","중국집","5"
"20180120","토","남","10대","서울특별시","강동구","성내동","중국집","5"
"20180120","토","남","20대","서울특별시","강북구","미아동","중국집","33"
"20180120","토","남","10대","서울특별시","강북구","번동","중국집","5"
"20180120","토","남","20대","서울특별시","강북구","번동","중국집","10"
"20180120","토","남","30대","서울특별시","강북구","미아동","중국집","108"
"20180120","토","남","30대","서울특별시","강북구","우이동","중국집","5"
"20180120","토","남","40대","서울특별시","강북구","미아동","중국집","104"
"20180120","토","남","40대","서울특별시","강북구","우이동","중국집","5"
"20180120","토","남","50대","서울특별시","강북구","미아동","중국집","67"
"20180120","토","남","50대","서울특별시","강북구","우이동","중국집","5"
"20180120","토","남","60대이상","서울특별시","강북구","우이동","중국집","5"
"20180120","토","여","10대","서울특별시","강북구","미아동","중국집","5"
"20180120","토","여","10대","서울특별시","강북구","수유동","중국집","5"
"20180120","토","여","20대","서울특별시","강북구","미아동","중국집","25"
"20180120","토","여","20대","서울특별시","강북구","번동","중국집","10"
"20180120","토","남","10대","서울특별시","강북구","미아동","중국집","5"
"20180120","토","여","20대","서울특별시","강북구","수유동","중국집","5"
"20180120","토","여","30대","서울특별시","강북구","미아동","중국집","67"
"20180120","토","남","40대","서울특별시","강북구","번동","중국집","28"
"20180120","토","여","30대","서울특별시","강북구","번동","중국집","16"
"20180120","토","여","40대","서울특별시","강북구","미아동","중국집","127"
"20180120","토","남","60대이상","서울특별시","강북구","미아동","중국집","47"
"20180120","토","여","40대","서울특별시","강북구","우이동","중국집","5"
"20180120","토","남","60대이상","서울특별시","강북구","번동","중국집","7"
"20180120","토","여","40대","서울특별시","강북구","번동","중국집","21"
"20180120","토","여","50대","서울특별시","강북구","미아동","중국집","54"
"20180120","토","여","50대","서울특별시","강북구","번동","중국집","14"
"20180120","토","여","50대","서울특별시","강북구","우이동","중국집","5"
"20180120","토","남","30대","서울특별시","강북구","번동","중국집","26"
"20180120","토","여","30대","서울특별시","강북구","우이동","중국집","5"
"20180120","토","여","60대이상","서울특별시","강북구","미아동","중국집","38"
"20180120","토","여","60대이상","서울특별시","강북구","번동","중국집","10"
"20180120","토","남","50대","서울특별시","강북구","번동","중국집","14"
"20180120","토","여","60대이상","서울특별시","강북구","우이동","중국집","5"
"20180120","토","남","20대","서울특별시","강서구","등촌동","중국집","11"
"20180120","토","남","20대","서울특별시","강서구","외발산동","중국집","5"
"20180120","토","남","10대","서울특별시","강서구","등촌동","중국집","5"
"20180120","토","남","30대","서울특별시","강서구","내발산동","중국집","75"
"20180120","토","남","20대","서울특별시","강서구","가양동","중국집","20"
"20180120","토","남","30대","서울특별시","강서구","마곡동","중국집","5"
"20180120","토","남","40대","서울특별시","강서구","등촌동","중국집","34"
"20180120","토","남","40대","서울특별시","강서구","마곡동","중국집","5"
"20180120","토","남","40대","서울특별시","강서구","내발산동","중국집","84"
"20180120","토","남","40대","서울특별시","강서구","외발산동","중국집","5"
"20180120","토","남","50대","서울특별시","강서구","가양동","중국집","19"
"20180120","토","남","10대","서울특별시","강서구","화곡동","중국집","9"
"20180120","토","남","30대","서울특별시","강서구","가양동","중국집","41"
"20180120","토","남","50대","서울특별시","강서구","내발산동","중국집","56"
"20180120","토","남","60대이상","서울특별시","강서구","가양동","중국집","11"
"20180120","토","남","60대이상","서울특별시","강서구","등촌동","중국집","5"
"20180120","토","남","60대이상","서울특별시","강서구","마곡동","중국집","5"
"20180120","토","남","60대이상","서울특별시","강서구","방화동","중국집","5"
"20180120","토","여","10대","서울특별시","강서구","가양동","중국집","5"
"20180120","토","남","30대","서울특별시","강서구","방화동","중국집","7"
"20180120","토","여","10대","서울특별시","강서구","내발산동","중국집","9"
"20180120","토","남","20대","서울특별시","강서구","내발산동","중국집","28"
"20180120","토","여","10대","서울특별시","강서구","등촌동","중국집","6"
"20180120","토","여","10대","서울특별시","강서구","화곡동","중국집","7"
"20180120","토","남","50대","서울특별시","강서구","화곡동","중국집","45"
"20180120","토","여","20대","서울특별시","강서구","가양동","중국집","12"
"20180120","토","여","20대","서울특별시","강서구","내발산동","중국집","16"
"20180120","토","여","20대","서울특별시","강서구","등촌동","중국집","5"
"20180120","토","여","20대","서울특별시","강서구","마곡동","중국집","5"
"20180120","토","여","20대","서울특별시","강서구","방화동","중국집","5"
"20180120","토","여","30대","서울특별시","강서구","가양동","중국집","27"
"20180120","토","남","10대","서울특별시","강서구","내발산동","중국집","5"
"20180120","토","남","30대","서울특별시","강서구","등촌동","중국집","36"
"20180120","토","여","30대","서울특별시","강서구","내발산동","중국집","60"
"20180120","토","남","30대","서울특별시","강서구","외발산동","중국집","5"
"20180120","토","남","10대","서울특별시","강서구","가양동","중국집","6"
"20180120","토","남","30대","서울특별시","강서구","화곡동","중국집","78"
"20180120","토","여","30대","서울특별시","강서구","등촌동","중국집","27"
"20180120","토","남","40대","서울특별시","강서구","화곡동","중국집","70"
"20180120","토","남","40대","서울특별시","강서구","방화동","중국집","5"
"20180120","토","여","30대","서울특별시","강서구","마곡동","중국집","5"
"20180120","토","여","30대","서울특별시","강서구","방화동","중국집","5"
"20180120","토","여","40대","서울특별시","강서구","내발산동","중국집","69"
"20180120","토","남","50대","서울특별시","강서구","방화동","중국집","5"
"20180120","토","여","40대","서울특별시","강서구","등촌동","중국집","52"
"20180120","토","여","30대","서울특별시","강서구","화곡동","중국집","58"
"20180120","토","여","40대","서울특별시","강서구","방화동","중국집","5"
"20180120","토","여","40대","서울특별시","강서구","화곡동","중국집","110"
"20180120","토","여","50대","서울특별시","강서구","가양동","중국집","22"
"20180120","토","남","50대","서울특별시","강서구","마곡동","중국집","5"
"20180120","토","여","50대","서울특별시","강서구","내발산동","중국집","41"
"20180120","토","남","60대이상","서울특별시","강서구","화곡동","중국집","18"
"20180120","토","여","50대","서울특별시","강서구","등촌동","중국집","11"
"20180120","토","여","50대","서울특별시","강서구","화곡동","중국집","46"
"20180120","토","남","60대이상","서울특별시","강서구","내발산동","중국집","20"
"20180120","토","여","20대","서울특별시","강서구","외발산동","중국집","5"
"20180120","토","남","40대","서울특별시","강서구","가양동","중국집","41"
"20180120","토","여","60대이상","서울특별시","강서구","가양동","중국집","13"
"20180120","토","여","60대이상","서울특별시","강서구","내발산동","중국집","16"
"20180120","토","여","60대이상","서울특별시","강서구","등촌동","중국집","10"
"20180120","토","여","60대이상","서울특별시","강서구","방화동","중국집","5"
"20180120","토","남","50대","서울특별시","강서구","등촌동","중국집","18"
"20180120","토","여","60대이상","서울특별시","강서구","화곡동","중국집","26"
"20180120","토","여","40대","서울특별시","강서구","가양동","중국집","47"
"20180120","토","여","20대","서울특별시","강서구","화곡동","중국집","22"
"20180120","토","남","20대","서울특별시","강서구","화곡동","중국집","21"
"20180120","토","남","10대","서울특별시","관악구","봉천동","중국집","7"
"20180120","토","남","20대","서울특별시","관악구","봉천동","중국집","13"
"20180120","토","남","30대","서울특별시","관악구","신림동","중국집","23"
"20180120","토","남","40대","서울특별시","관악구","봉천동","중국집","11"
"20180120","토","남","50대","서울특별시","관악구","봉천동","중국집","5"
"20180120","토","남","30대","서울특별시","관악구","봉천동","중국집","15"
"20180120","토","남","50대","서울특별시","관악구","신림동","중국집","5"
"20180120","토","남","60대이상","서울특별시","관악구","봉천동","중국집","5"
"20180120","토","남","40대","서울특별시","관악구","신림동","중국집","8"
"20180120","토","남","60대이상","서울특별시","관악구","신림동","중국집","5"
"20180120","토","여","20대","서울특별시","관악구","봉천동","중국집","9"
"20180120","토","여","20대","서울특별시","관악구","신림동","중국집","18"
"20180120","토","여","30대","서울특별시","관악구","봉천동","중국집","6"
"20180120","토","여","30대","서울특별시","관악구","신림동","중국집","11"
"20180120","토","여","40대","서울특별시","관악구","봉천동","중국집","10"
"20180120","토","여","40대","서울특별시","관악구","신림동","중국집","5"
"20180120","토","여","50대","서울특별시","관악구","봉천동","중국집","5"
"20180120","토","여","50대","서울특별시","관악구","신림동","중국집","12"
"20180120","토","여","60대이상","서울특별시","관악구","봉천동","중국집","5"
"20180120","토","남","20대","서울특별시","관악구","신림동","중국집","18"
"20180120","토","여","60대이상","서울특별시","관악구","신림동","중국집","6"
"20180120","토","남","10대","서울특별시","광진구","능동","중국집","5"
"20180120","토","남","10대","서울특별시","광진구","자양동","중국집","5"
"20180120","토","남","20대","서울특별시","광진구","능동","중국집","5"
"20180120","토","남","20대","서울특별시","광진구","자양동","중국집","5"
"20180120","토","남","20대","서울특별시","광진구","중곡동","중국집","5"
"20180120","토","남","30대","서울특별시","광진구","중곡동","중국집","5"
"20180120","토","남","40대","서울특별시","광진구","자양동","중국집","15"
"20180120","토","남","50대","서울특별시","광진구","광장동","중국집","5"
"20180120","토","남","50대","서울특별시","광진구","능동","중국집","5"
"20180120","토","남","50대","서울특별시","광진구","중곡동","중국집","5"
"20180120","토","남","30대","서울특별시","광진구","능동","중국집","5"
"20180120","토","남","50대","서울특별시","광진구","화양동","중국집","5"
"20180120","토","남","20대","서울특별시","광진구","화양동","중국집","5"
"20180120","토","남","60대이상","서울특별시","광진구","광장동","중국집","5"
"20180120","토","남","60대이상","서울특별시","광진구","자양동","중국집","5"
"20180120","토","남","30대","서울특별시","광진구","자양동","중국집","17"
"20180120","토","여","10대","서울특별시","광진구","자양동","중국집","5"
"20180120","토","여","20대","서울특별시","광진구","자양동","중국집","9"
"20180120","토","남","50대","서울특별시","광진구","자양동","중국집","5"
"20180120","토","여","20대","서울특별시","광진구","중곡동","중국집","5"
"20180120","토","여","30대","서울특별시","광진구","능동","중국집","5"
"20180120","토","여","30대","서울특별시","광진구","자양동","중국집","11"
"20180120","토","여","30대","서울특별시","광진구","화양동","중국집","5"
"20180120","토","여","40대","서울특별시","광진구","자양동","중국집","21"
"20180120","토","여","40대","서울특별시","광진구","중곡동","중국집","5"
"20180120","토","여","50대","서울특별시","광진구","능동","중국집","5"
"20180120","토","남","60대이상","서울특별시","광진구","능동","중국집","5"
"20180120","토","여","50대","서울특별시","광진구","자양동","중국집","8"
"20180120","토","여","50대","서울특별시","광진구","광장동","중국집","5"
"20180120","토","여","60대이상","서울특별시","광진구","자양동","중국집","5"
"20180120","토","여","20대","서울특별시","광진구","광장동","중국집","5"
"20180120","토","남","10대","서울특별시","구로구","궁동","중국집","5"
"20180120","토","남","20대","서울특별시","구로구","개봉동","중국집","10"
"20180120","토","남","20대","서울특별시","구로구","궁동","중국집","5"
"20180120","토","남","20대","서울특별시","구로구","신도림동","중국집","5"
"20180120","토","남","30대","서울특별시","구로구","신도림동","중국집","5"
"20180120","토","남","40대","서울특별시","구로구","개봉동","중국집","51"
"20180120","토","남","40대","서울특별시","구로구","구로동","중국집","6"
"20180120","토","남","40대","서울특별시","구로구","궁동","중국집","5"
"20180120","토","남","50대","서울특별시","구로구","개봉동","중국집","28"
"20180120","토","남","50대","서울특별시","구로구","구로동","중국집","5"
"20180120","토","남","60대이상","서울특별시","구로구","개봉동","중국집","17"
"20180120","토","남","30대","서울특별시","구로구","궁동","중국집","5"
"20180120","토","여","10대","서울특별시","구로구","궁동","중국집","5"
"20180120","토","여","20대","서울특별시","구로구","개봉동","중국집","16"
"20180120","토","여","10대","서울특별시","구로구","개봉동","중국집","5"
"20180120","토","남","30대","서울특별시","구로구","개봉동","중국집","47"
"20180120","토","여","30대","서울특별시","구로구","개봉동","중국집","47"
"20180120","토","남","20대","서울특별시","구로구","구로동","중국집","5"
"20180120","토","남","60대이상","서울특별시","구로구","궁동","중국집","5"
"20180120","토","여","20대","서울특별시","구로구","구로동","중국집","5"
"20180120","토","여","30대","서울특별시","구로구","구로동","중국집","5"
"20180120","토","여","30대","서울특별시","구로구","궁동","중국집","7"
"20180120","토","남","50대","서울특별시","구로구","궁동","중국집","5"
"20180120","토","여","40대","서울특별시","구로구","개봉동","중국집","51"
"20180120","토","여","40대","서울특별시","구로구","구로동","중국집","7"
"20180120","토","남","60대이상","서울특별시","구로구","신도림동","중국집","5"
"20180120","토","여","40대","서울특별시","구로구","궁동","중국집","5"
"20180120","토","여","10대","서울특별시","구로구","구로동","중국집","5"
"20180120","토","남","10대","서울특별시","구로구","개봉동","중국집","7"
"20180120","토","여","50대","서울특별시","구로구","개봉동","중국집","28"
"20180120","토","여","20대","서울특별시","구로구","신도림동","중국집","5"
"20180120","토","여","50대","서울특별시","구로구","구로동","중국집","5"
"20180120","토","여","60대이상","서울특별시","구로구","개봉동","중국집","16"
"20180120","토","여","60대이상","서울특별시","구로구","구로동","중국집","5"
"20180120","토","남","30대","서울특별시","구로구","구로동","중국집","6"
"20180120","토","여","60대이상","서울특별시","구로구","궁동","중국집","5"
"20180120","토","여","60대이상","서울특별시","구로구","신도림동","중국집","5"
"20180120","토","남","10대","서울특별시","금천구","가산동","중국집","5"
"20180120","토","남","20대","서울특별시","금천구","가산동","중국집","17"
"20180120","토","남","20대","서울특별시","금천구","시흥동","중국집","5"
"20180120","토","남","30대","서울특별시","금천구","독산동","중국집","5"
"20180120","토","남","30대","서울특별시","금천구","시흥동","중국집","5"
"20180120","토","남","40대","서울특별시","금천구","가산동","중국집","20"
"20180120","토","남","40대","서울특별시","금천구","독산동","중국집","5"
"20180120","토","남","50대","서울특별시","금천구","가산동","중국집","6"
"20180120","토","남","50대","서울특별시","금천구","시흥동","중국집","5"
"20180120","토","남","60대이상","서울특별시","금천구","가산동","중국집","5"
"20180120","토","남","60대이상","서울특별시","금천구","시흥동","중국집","5"
"20180120","토","여","20대","서울특별시","금천구","독산동","중국집","5"
"20180120","토","남","40대","서울특별시","금천구","시흥동","중국집","5"
"20180120","토","남","50대","서울특별시","금천구","독산동","중국집","5"
"20180120","토","여","20대","서울특별시","금천구","시흥동","중국집","5"
"20180120","토","남","60대이상","서울특별시","금천구","독산동","중국집","7"
"20180120","토","여","30대","서울특별시","금천구","가산동","중국집","16"
"20180120","토","남","20대","서울특별시","금천구","독산동","중국집","5"
"20180120","토","여","20대","서울특별시","금천구","가산동","중국집","5"
"20180120","토","여","30대","서울특별시","금천구","시흥동","중국집","5"
"20180120","토","남","30대","서울특별시","금천구","가산동","중국집","20"
"20180120","토","여","40대","서울특별시","금천구","가산동","중국집","11"
"20180120","토","여","40대","서울특별시","금천구","독산동","중국집","5"
"20180120","토","여","40대","서울특별시","금천구","시흥동","중국집","8"
"20180120","토","여","50대","서울특별시","금천구","가산동","중국집","8"
"20180120","토","여","50대","서울특별시","금천구","시흥동","중국집","5"
"20180120","토","여","60대이상","서울특별시","금천구","가산동","중국집","7"
"20180120","토","여","60대이상","서울특별시","금천구","독산동","중국집","5"
"20180120","토","여","60대이상","서울특별시","금천구","시흥동","중국집","5"
"20180120","토","남","10대","서울특별시","노원구","월계동","중국집","5"
"20180120","토","남","20대","서울특별시","노원구","공릉동","중국집","5"
"20180120","토","남","20대","서울특별시","노원구","중계동","중국집","5"
"20180120","토","남","30대","서울특별시","노원구","공릉동","중국집","6"
"20180120","토","남","30대","서울특별시","노원구","상계동","중국집","43"
"20180120","토","남","30대","서울특별시","노원구","월계동","중국집","5"
"20180120","토","남","40대","서울특별시","노원구","공릉동","중국집","9"
"20180120","토","남","50대","서울특별시","노원구","공릉동","중국집","5"
"20180120","토","남","50대","서울특별시","노원구","상계동","중국집","60"
"20180120","토","남","50대","서울특별시","노원구","월계동","중국집","5"
"20180120","토","남","50대","서울특별시","노원구","중계동","중국집","5"
"20180120","토","남","40대","서울특별시","노원구","상계동","중국집","85"
"20180120","토","남","10대","서울특별시","노원구","공릉동","중국집","5"
"20180120","토","남","60대이상","서울특별시","노원구","상계동","중국집","22"
"20180120","토","남","30대","서울특별시","노원구","중계동","중국집","5"
"20180120","토","남","10대","서울특별시","노원구","상계동","중국집","16"
"20180120","토","남","60대이상","서울특별시","노원구","중계동","중국집","5"
"20180120","토","여","20대","서울특별시","노원구","공릉동","중국집","5"
"20180120","토","남","20대","서울특별시","노원구","상계동","중국집","26"
"20180120","토","여","20대","서울특별시","노원구","월계동","중국집","5"
"20180120","토","여","10대","서울특별시","노원구","상계동","중국집","10"
"20180120","토","여","20대","서울특별시","노원구","중계동","중국집","5"
"20180120","토","여","30대","서울특별시","노원구","상계동","중국집","71"
"20180120","토","여","40대","서울특별시","노원구","상계동","중국집","99"
"20180120","토","여","40대","서울특별시","노원구","월계동","중국집","5"
"20180120","토","남","60대이상","서울특별시","노원구","공릉동","중국집","5"
"20180120","토","여","40대","서울특별시","노원구","중계동","중국집","5"
"20180120","토","여","30대","서울특별시","노원구","중계동","중국집","5"
"20180120","토","여","30대","서울특별시","노원구","공릉동","중국집","5"
"20180120","토","여","50대","서울특별시","노원구","공릉동","중국집","5"
"20180120","토","여","20대","서울특별시","노원구","상계동","중국집","25"
"20180120","토","여","50대","서울특별시","노원구","상계동","중국집","64"
"20180120","토","여","50대","서울특별시","노원구","중계동","중국집","8"
"20180120","토","여","60대이상","서울특별시","노원구","상계동","중국집","14"
"20180120","토","남","10대","서울특별시","노원구","중계동","중국집","5"
"20180120","토","여","60대이상","서울특별시","노원구","월계동","중국집","5"
"20180120","토","여","60대이상","서울특별시","노원구","공릉동","중국집","5"
"20180120","토","여","60대이상","서울특별시","노원구","중계동","중국집","5"
"20180120","토","여","50대","서울특별시","노원구","월계동","중국집","5"
"20180120","토","남","40대","서울특별시","노원구","중계동","중국집","5"
"20180120","토","여","30대","서울특별시","노원구","월계동","중국집","5"
"20180120","토","남","20대","서울특별시","도봉구","쌍문동","중국집","9"
"20180120","토","남","30대","서울특별시","도봉구","도봉동","중국집","5"
"20180120","토","남","30대","서울특별시","도봉구","방학동","중국집","5"
"20180120","토","남","30대","서울특별시","도봉구","쌍문동","중국집","5"
"20180120","토","남","40대","서울특별시","도봉구","도봉동","중국집","5"
"20180120","토","남","40대","서울특별시","도봉구","방학동","중국집","5"
"20180120","토","남","20대","서울특별시","도봉구","방학동","중국집","5"
"20180120","토","남","40대","서울특별시","도봉구","쌍문동","중국집","5"
"20180120","토","남","50대","서울특별시","도봉구","방학동","중국집","5"
"20180120","토","남","60대이상","서울특별시","도봉구","도봉동","중국집","5"
"20180120","토","여","10대","서울특별시","도봉구","쌍문동","중국집","5"
"20180120","토","여","20대","서울특별시","도봉구","도봉동","중국집","5"
"20180120","토","여","30대","서울특별시","도봉구","도봉동","중국집","5"
"20180120","토","여","30대","서울특별시","도봉구","방학동","중국집","5"
"20180120","토","여","40대","서울특별시","도봉구","도봉동","중국집","5"
"20180120","토","여","40대","서울특별시","도봉구","방학동","중국집","5"
"20180120","토","여","40대","서울특별시","도봉구","쌍문동","중국집","11"
"20180120","토","여","50대","서울특별시","도봉구","도봉동","중국집","5"
"20180120","토","여","30대","서울특별시","도봉구","쌍문동","중국집","7"
"20180120","토","여","50대","서울특별시","도봉구","방학동","중국집","5"
"20180120","토","남","60대이상","서울특별시","도봉구","쌍문동","중국집","5"
"20180120","토","여","50대","서울특별시","도봉구","쌍문동","중국집","5"
"20180120","토","여","60대이상","서울특별시","도봉구","방학동","중국집","5"
"20180120","토","남","10대","서울특별시","동대문구","장안동","중국집","13"
"20180120","토","남","10대","서울특별시","동대문구","전농동","중국집","5"
"20180120","토","남","10대","서울특별시","동대문구","제기동","중국집","8"
"20180120","토","남","20대","서울특별시","동대문구","장안동","중국집","42"
"20180120","토","남","20대","서울특별시","동대문구","전농동","중국집","5"
"20180120","토","남","30대","서울특별시","동대문구","답십리동","중국집","5"
"20180120","토","남","30대","서울특별시","동대문구","장안동","중국집","59"
"20180120","토","남","30대","서울특별시","동대문구","제기동","중국집","55"
"20180120","토","남","30대","서울특별시","동대문구","휘경동","중국집","5"
"20180120","토","남","40대","서울특별시","동대문구","답십리동","중국집","5"
"20180120","토","남","40대","서울특별시","동대문구","전농동","중국집","5"
"20180120","토","남","40대","서울특별시","동대문구","제기동","중국집","59"
"20180120","토","남","50대","서울특별시","동대문구","답십리동","중국집","5"
"20180120","토","남","50대","서울특별시","동대문구","장안동","중국집","37"
"20180120","토","남","40대","서울특별시","동대문구","장안동","중국집","57"
"20180120","토","남","50대","서울특별시","동대문구","제기동","중국집","43"
"20180120","토","남","60대이상","서울특별시","동대문구","전농동","중국집","5"
"20180120","토","남","60대이상","서울특별시","동대문구","제기동","중국집","34"
"20180120","토","여","10대","서울특별시","동대문구","장안동","중국집","6"
"20180120","토","남","60대이상","서울특별시","동대문구","장안동","중국집","20"
"20180120","토","여","10대","서울특별시","동대문구","전농동","중국집","5"
"20180120","토","여","10대","서울특별시","동대문구","제기동","중국집","5"
"20180120","토","여","20대","서울특별시","동대문구","제기동","중국집","19"
"20180120","토","여","30대","서울특별시","동대문구","답십리동","중국집","5"
"20180120","토","여","30대","서울특별시","동대문구","장안동","중국집","56"
"20180120","토","여","30대","서울특별시","동대문구","휘경동","중국집","5"
"20180120","토","여","40대","서울특별시","동대문구","답십리동","중국집","5"
"20180120","토","여","40대","서울특별시","동대문구","장안동","중국집","72"
"20180120","토","여","40대","서울특별시","동대문구","제기동","중국집","41"
"20180120","토","여","40대","서울특별시","동대문구","휘경동","중국집","5"
"20180120","토","여","20대","서울특별시","동대문구","전농동","중국집","5"
"20180120","토","여","50대","서울특별시","동대문구","답십리동","중국집","5"
"20180120","토","남","20대","서울특별시","동대문구","제기동","중국집","46"
"20180120","토","여","40대","서울특별시","동대문구","전농동","중국집","5"
"20180120","토","남","20대","서울특별시","동대문구","답십리동","중국집","5"
"20180120","토","여","50대","서울특별시","동대문구","장안동","중국집","34"
"20180120","토","여","30대","서울특별시","동대문구","전농동","중국집","5"
"20180120","토","여","50대","서울특별시","동대문구","전농동","중국집","5"
"20180120","토","여","20대","서울특별시","동대문구","장안동","중국집","11"
"20180120","토","여","50대","서울특별시","동대문구","제기동","중국집","37"
"20180120","토","남","30대","서울특별시","동대문구","전농동","중국집","5"
"20180120","토","여","50대","서울특별시","동대문구","휘경동","중국집","5"
"20180120","토","여","60대이상","서울특별시","동대문구","답십리동","중국집","5"
"20180120","토","여","60대이상","서울특별시","동대문구","장안동","중국집","19"
"20180120","토","남","50대","서울특별시","동대문구","전농동","중국집","5"
"20180120","토","여","60대이상","서울특별시","동대문구","전농동","중국집","5"
"20180120","토","여","60대이상","서울특별시","동대문구","제기동","중국집","30"
"20180120","토","여","60대이상","서울특별시","동대문구","휘경동","중국집","5"
"20180120","토","여","30대","서울특별시","동대문구","제기동","중국집","50"
"20180120","토","남","10대","서울특별시","동작구","상도동","중국집","5"
"20180120","토","남","10대","서울특별시","동작구","신대방동","중국집","15"
"20180120","토","남","20대","서울특별시","동작구","신대방동","중국집","96"
"20180120","토","남","20대","서울특별시","동작구","사당동","중국집","5"
"20180120","토","남","40대","서울특별시","동작구","본동","중국집","5"
"20180120","토","남","20대","서울특별시","동작구","본동","중국집","5"
"20180120","토","남","40대","서울특별시","동작구","상도동","중국집","6"
"20180120","토","남","40대","서울특별시","동작구","신대방동","중국집","140"
"20180120","토","남","30대","서울특별시","동작구","사당동","중국집","5"
"20180120","토","남","50대","서울특별시","동작구","사당동","중국집","5"
"20180120","토","남","40대","서울특별시","동작구","사당동","중국집","5"
"20180120","토","남","50대","서울특별시","동작구","신대방동","중국집","89"
"20180120","토","남","60대이상","서울특별시","동작구","노량진동","중국집","5"
"20180120","토","남","60대이상","서울특별시","동작구","본동","중국집","5"
"20180120","토","남","60대이상","서울특별시","동작구","사당동","중국집","5"
"20180120","토","남","60대이상","서울특별시","동작구","흑석동","중국집","5"
"20180120","토","여","10대","서울특별시","동작구","신대방동","중국집","6"
"20180120","토","여","20대","서울특별시","동작구","대방동","중국집","5"
"20180120","토","여","20대","서울특별시","동작구","본동","중국집","5"
"20180120","토","여","20대","서울특별시","동작구","상도동","중국집","5"
"20180120","토","남","60대이상","서울특별시","동작구","상도동","중국집","5"
"20180120","토","여","20대","서울특별시","동작구","신대방동","중국집","38"
"20180120","토","남","30대","서울특별시","동작구","상도동","중국집","7"
"20180120","토","남","50대","서울특별시","동작구","상도동","중국집","5"
"20180120","토","남","60대이상","서울특별시","동작구","신대방동","중국집","32"
"20180120","토","여","30대","서울특별시","동작구","노량진동","중국집","5"
"20180120","토","여","20대","서울특별시","동작구","노량진동","중국집","5"
"20180120","토","여","30대","서울특별시","동작구","본동","중국집","5"
"20180120","토","남","50대","서울특별시","동작구","흑석동","중국집","5"
"20180120","토","여","30대","서울특별시","동작구","상도동","중국집","8"
"20180120","토","남","30대","서울특별시","동작구","신대방동","중국집","135"
"20180120","토","남","30대","서울특별시","동작구","노량진동","중국집","5"
"20180120","토","여","30대","서울특별시","동작구","신대방동","중국집","113"
"20180120","토","여","30대","서울특별시","동작구","사당동","중국집","5"
"20180120","토","여","40대","서울특별시","동작구","노량진동","중국집","5"
"20180120","토","여","40대","서울특별시","동작구","대방동","중국집","5"
"20180120","토","여","40대","서울특별시","동작구","본동","중국집","5"
"20180120","토","여","40대","서울특별시","동작구","사당동","중국집","5"
"20180120","토","남","50대","서울특별시","동작구","본동","중국집","5"
"20180120","토","남","20대","서울특별시","동작구","노량진동","중국집","5"
"20180120","토","여","40대","서울특별시","동작구","상도동","중국집","11"
"20180120","토","여","40대","서울특별시","동작구","신대방동","중국집","156"
"20180120","토","여","50대","서울특별시","동작구","본동","중국집","5"
"20180120","토","여","50대","서울특별시","동작구","상도동","중국집","5"
"20180120","토","여","50대","서울특별시","동작구","신대방동","중국집","88"
"20180120","토","여","60대이상","서울특별시","동작구","본동","중국집","5"
"20180120","토","남","50대","서울특별시","동작구","노량진동","중국집","5"
"20180120","토","남","20대","서울특별시","동작구","상도동","중국집","5"
"20180120","토","여","60대이상","서울특별시","동작구","사당동","중국집","5"
"20180120","토","여","60대이상","서울특별시","동작구","상도동","중국집","5"
"20180120","토","여","60대이상","서울특별시","동작구","신대방동","중국집","45"
"20180120","토","여","20대","서울특별시","동작구","사당동","중국집","5"
"20180120","토","남","30대","서울특별시","동작구","본동","중국집","5"
"20180120","토","남","10대","서울특별시","마포구","합정동","중국집","5"
"20180120","토","남","20대","서울특별시","마포구","상수동","중국집","5"
"20180120","토","남","20대","서울특별시","마포구","합정동","중국집","17"
"20180120","토","남","30대","서울특별시","마포구","대흥동","중국집","5"
"20180120","토","남","20대","서울특별시","마포구","염리동","중국집","5"
"20180120","토","남","30대","서울특별시","마포구","상암동","중국집","29"
"20180120","토","남","30대","서울특별시","마포구","아현동","중국집","5"
"20180120","토","남","40대","서울특별시","마포구","마포동","중국집","5"
"20180120","토","남","40대","서울특별시","마포구","합정동","중국집","14"
"20180120","토","남","50대","서울특별시","마포구","대흥동","중국집","5"
"20180120","토","남","50대","서울특별시","마포구","마포동","중국집","5"
"20180120","토","남","20대","서울특별시","마포구","신공덕동","중국집","5"
"20180120","토","남","50대","서울특별시","마포구","신공덕동","중국집","5"
"20180120","토","남","30대","서울특별시","마포구","창전동","중국집","5"
"20180120","토","남","50대","서울특별시","마포구","신수동","중국집","5"
"20180120","토","남","40대","서울특별시","마포구","염리동","중국집","5"
"20180120","토","여","10대","서울특별시","마포구","서교동","중국집","5"
"20180120","토","남","50대","서울특별시","마포구","서교동","중국집","5"
"20180120","토","여","20대","서울특별시","마포구","대흥동","중국집","5"
"20180120","토","여","20대","서울특별시","마포구","마포동","중국집","5"
"20180120","토","여","20대","서울특별시","마포구","상암동","중국집","10"
"20180120","토","남","10대","서울특별시","마포구","서교동","중국집","5"
"20180120","토","남","20대","서울특별시","마포구","상암동","중국집","13"
"20180120","토","남","50대","서울특별시","마포구","염리동","중국집","5"
"20180120","토","여","20대","서울특별시","마포구","신수동","중국집","5"
"20180120","토","여","20대","서울특별시","마포구","염리동","중국집","5"
"20180120","토","여","10대","서울특별시","마포구","신공덕동","중국집","5"
"20180120","토","여","10대","서울특별시","마포구","상암동","중국집","5"
"20180120","토","여","20대","서울특별시","마포구","합정동","중국집","5"
"20180120","토","남","30대","서울특별시","마포구","염리동","중국집","5"
"20180120","토","여","30대","서울특별시","마포구","공덕동","중국집","5"
"20180120","토","여","30대","서울특별시","마포구","대흥동","중국집","5"
"20180120","토","여","30대","서울특별시","마포구","상암동","중국집","29"
"20180120","토","여","30대","서울특별시","마포구","창전동","중국집","5"
"20180120","토","남","50대","서울특별시","마포구","창전동","중국집","5"
"20180120","토","여","30대","서울특별시","마포구","합정동","중국집","10"
"20180120","토","남","30대","서울특별시","마포구","마포동","중국집","5"
"20180120","토","여","40대","서울특별시","마포구","마포동","중국집","5"
"20180120","토","여","40대","서울특별시","마포구","망원동","중국집","5"
"20180120","토","여","10대","서울특별시","마포구","대흥동","중국집","5"
"20180120","토","여","40대","서울특별시","마포구","신공덕동","중국집","5"
"20180120","토","여","40대","서울특별시","마포구","아현동","중국집","5"
"20180120","토","남","40대","서울특별시","마포구","신수동","중국집","5"
"20180120","토","여","40대","서울특별시","마포구","염리동","중국집","5"
"20180120","토","여","20대","서울특별시","마포구","공덕동","중국집","5"
"20180120","토","여","40대","서울특별시","마포구","합정동","중국집","14"
"20180120","토","여","50대","서울특별시","마포구","공덕동","중국집","5"
"20180120","토","여","30대","서울특별시","마포구","염리동","중국집","5"
"20180120","토","남","50대","서울특별시","마포구","상암동","중국집","12"
"20180120","토","여","50대","서울특별시","마포구","상암동","중국집","20"
"20180120","토","남","30대","서울특별시","마포구","합정동","중국집","19"
"20180120","토","여","50대","서울특별시","마포구","아현동","중국집","5"
"20180120","토","남","20대","서울특별시","마포구","마포동","중국집","5"
"20180120","토","남","10대","서울특별시","마포구","노고산동","중국집","5"
"20180120","토","여","50대","서울특별시","마포구","합정동","중국집","8"
"20180120","토","여","60대이상","서울특별시","마포구","공덕동","중국집","5"
"20180120","토","남","60대이상","서울특별시","마포구","상암동","중국집","9"
"20180120","토","남","50대","서울특별시","마포구","망원동","중국집","5"
"20180120","토","여","40대","서울특별시","마포구","대흥동","중국집","5"
"20180120","토","남","20대","서울특별시","마포구","창전동","중국집","5"
"20180120","토","남","10대","서울특별시","마포구","상암동","중국집","5"
"20180120","토","여","60대이상","서울특별시","마포구","마포동","중국집","5"
"20180120","토","여","60대이상","서울특별시","마포구","망원동","중국집","5"
"20180120","토","남","50대","서울특별시","마포구","합정동","중국집","9"
"20180120","토","여","30대","서울특별시","마포구","마포동","중국집","5"
"20180120","토","남","60대이상","서울특별시","마포구","합정동","중국집","5"
"20180120","토","남","40대","서울특별시","마포구","아현동","중국집","5"
"20180120","토","여","60대이상","서울특별시","마포구","상암동","중국집","7"
"20180120","토","여","60대이상","서울특별시","마포구","신공덕동","중국집","5"
"20180120","토","남","40대","서울특별시","마포구","상암동","중국집","36"
"20180120","토","남","40대","서울특별시","마포구","창전동","중국집","5"
"20180120","토","여","60대이상","서울특별시","마포구","신수동","중국집","5"
"20180120","토","남","30대","서울특별시","마포구","신공덕동","중국집","5"
"20180120","토","여","20대","서울특별시","마포구","신공덕동","중국집","5"
"20180120","토","남","40대","서울특별시","마포구","대흥동","중국집","5"
"20180120","토","남","40대","서울특별시","마포구","신공덕동","중국집","5"
"20180120","토","여","60대이상","서울특별시","마포구","합정동","중국집","7"
"20180120","토","여","40대","서울특별시","마포구","상암동","중국집","39"
"20180120","토","여","30대","서울특별시","마포구","신수동","중국집","5"
"20180120","토","여","30대","서울특별시","마포구","신공덕동","중국집","5"
"20180120","토","남","10대","서울특별시","서대문구","남가좌동","중국집","5"
"20180120","토","남","20대","서울특별시","서대문구","북가좌동","중국집","5"
"20180120","토","남","20대","서울특별시","서대문구","홍은동","중국집","5"
"20180120","토","남","30대","서울특별시","서대문구","연희동","중국집","60"
"20180120","토","남","30대","서울특별시","서대문구","홍제동","중국집","42"
"20180120","토","남","20대","서울특별시","서대문구","연희동","중국집","33"
"20180120","토","남","20대","서울특별시","서대문구","충정로3가","중국집","5"
"20180120","토","남","40대","서울특별시","서대문구","창천동","중국집","45"
"20180120","토","남","30대","서울특별시","서대문구","북아현동","중국집","5"
"20180120","토","남","10대","서울특별시","서대문구","창천동","중국집","5"
"20180120","토","남","50대","서울특별시","서대문구","창천동","중국집","23"
"20180120","토","남","60대이상","서울특별시","서대문구","남가좌동","중국집","5"
"20180120","토","남","20대","서울특별시","서대문구","남가좌동","중국집","5"
"20180120","토","남","60대이상","서울특별시","서대문구","창천동","중국집","17"
"20180120","토","남","60대이상","서울특별시","서대문구","홍은동","중국집","5"
"20180120","토","남","60대이상","서울특별시","서대문구","홍제동","중국집","19"
"20180120","토","여","10대","서울특별시","서대문구","남가좌동","중국집","5"
"20180120","토","여","10대","서울특별시","서대문구","북가좌동","중국집","5"
"20180120","토","남","40대","서울특별시","서대문구","남가좌동","중국집","5"
"20180120","토","남","60대이상","서울특별시","서대문구","연희동","중국집","33"
"20180120","토","여","10대","서울특별시","서대문구","연희동","중국집","5"
"20180120","토","여","10대","서울특별시","서대문구","홍제동","중국집","5"
"20180120","토","남","10대","서울특별시","서대문구","연희동","중국집","5"
"20180120","토","여","20대","서울특별시","서대문구","북가좌동","중국집","5"
"20180120","토","여","20대","서울특별시","서대문구","연희동","중국집","24"
"20180120","토","남","20대","서울특별시","서대문구","창천동","중국집","24"
"20180120","토","여","20대","서울특별시","서대문구","창천동","중국집","15"
"20180120","토","남","40대","서울특별시","서대문구","북가좌동","중국집","5"
"20180120","토","여","20대","서울특별시","서대문구","충정로2가","중국집","5"
"20180120","토","여","20대","서울특별시","서대문구","충정로3가","중국집","5"
"20180120","토","남","40대","서울특별시","서대문구","홍은동","중국집","5"
"20180120","토","여","20대","서울특별시","서대문구","홍은동","중국집","5"
"20180120","토","여","20대","서울특별시","서대문구","홍제동","중국집","12"
"20180120","토","남","20대","서울특별시","서대문구","홍제동","중국집","33"
"20180120","토","여","30대","서울특별시","서대문구","남가좌동","중국집","5"
"20180120","토","여","20대","서울특별시","서대문구","남가좌동","중국집","5"
"20180120","토","여","30대","서울특별시","서대문구","북가좌동","중국집","5"
"20180120","토","남","40대","서울특별시","서대문구","충정로3가","중국집","5"
"20180120","토","남","30대","서울특별시","서대문구","창천동","중국집","36"
"20180120","토","남","40대","서울특별시","서대문구","홍제동","중국집","37"
"20180120","토","여","40대","서울특별시","서대문구","남가좌동","중국집","5"
"20180120","토","여","10대","서울특별시","서대문구","창천동","중국집","5"
"20180120","토","남","50대","서울특별시","서대문구","충정로3가","중국집","5"
"20180120","토","남","50대","서울특별시","서대문구","연희동","중국집","36"
"20180120","토","여","40대","서울특별시","서대문구","북가좌동","중국집","5"
"20180120","토","여","30대","서울특별시","서대문구","충정로3가","중국집","5"
"20180120","토","여","40대","서울특별시","서대문구","북아현동","중국집","5"
"20180120","토","여","40대","서울특별시","서대문구","연희동","중국집","57"
"20180120","토","여","40대","서울특별시","서대문구","창천동","중국집","41"
"20180120","토","여","20대","서울특별시","서대문구","북아현동","중국집","5"
"20180120","토","남","50대","서울특별시","서대문구","홍제동","중국집","26"
"20180120","토","남","50대","서울특별시","서대문구","북가좌동","중국집","5"
"20180120","토","여","40대","서울특별시","서대문구","합동","중국집","5"
"20180120","토","여","40대","서울특별시","서대문구","홍제동","중국집","43"
"20180120","토","여","30대","서울특별시","서대문구","창천동","중국집","34"
"20180120","토","여","50대","서울특별시","서대문구","북가좌동","중국집","5"
"20180120","토","여","50대","서울특별시","서대문구","연희동","중국집","35"
"20180120","토","여","50대","서울특별시","서대문구","창천동","중국집","23"
"20180120","토","남","30대","서울특별시","서대문구","북가좌동","중국집","5"
"20180120","토","여","50대","서울특별시","서대문구","충정로3가","중국집","5"
"20180120","토","남","10대","서울특별시","서대문구","홍제동","중국집","5"
"20180120","토","여","50대","서울특별시","서대문구","홍제동","중국집","19"
"20180120","토","남","50대","서울특별시","서대문구","남가좌동","중국집","5"
"20180120","토","여","60대이상","서울특별시","서대문구","북가좌동","중국집","5"
"20180120","토","여","30대","서울특별시","서대문구","홍제동","중국집","40"
"20180120","토","여","60대이상","서울특별시","서대문구","연희동","중국집","24"
"20180120","토","남","30대","서울특별시","서대문구","충정로3가","중국집","5"
"20180120","토","여","60대이상","서울특별시","서대문구","창천동","중국집","14"
"20180120","토","남","50대","서울특별시","서대문구","홍은동","중국집","5"
"20180120","토","여","40대","서울특별시","서대문구","충정로3가","중국집","5"
"20180120","토","남","40대","서울특별시","서대문구","연희동","중국집","49"
"20180120","토","여","30대","서울특별시","서대문구","연희동","중국집","47"
"20180120","토","여","60대이상","서울특별시","서대문구","충정로3가","중국집","5"
"20180120","토","여","60대이상","서울특별시","서대문구","홍제동","중국집","11"
"20180120","토","남","10대","서울특별시","서초구","서초동","중국집","5"
"20180120","토","남","20대","서울특별시","서초구","내곡동","중국집","5"
"20180120","토","남","20대","서울특별시","서초구","반포동","중국집","5"
"20180120","토","남","20대","서울특별시","서초구","서초동","중국집","7"
"20180120","토","남","30대","서울특별시","서초구","반포동","중국집","14"
"20180120","토","남","40대","서울특별시","서초구","내곡동","중국집","5"
"20180120","토","남","40대","서울특별시","서초구","방배동","중국집","88"
"20180120","토","남","40대","서울특별시","서초구","서초동","중국집","16"
"20180120","토","남","30대","서울특별시","서초구","양재동","중국집","54"
"20180120","토","남","40대","서울특별시","서초구","양재동","중국집","51"
"20180120","토","남","20대","서울특별시","서초구","방배동","중국집","37"
"20180120","토","남","40대","서울특별시","서초구","잠원동","중국집","5"
"20180120","토","남","30대","서울특별시","서초구","방배동","중국집","98"
"20180120","토","남","50대","서울특별시","서초구","반포동","중국집","13"
"20180120","토","남","50대","서울특별시","서초구","서초동","중국집","5"
"20180120","토","남","50대","서울특별시","서초구","양재동","중국집","28"
"20180120","토","남","10대","서울특별시","서초구","방배동","중국집","6"
"20180120","토","남","60대이상","서울특별시","서초구","반포동","중국집","9"
"20180120","토","남","40대","서울특별시","서초구","반포동","중국집","22"
"20180120","토","남","60대이상","서울특별시","서초구","서초동","중국집","5"
"20180120","토","남","20대","서울특별시","서초구","잠원동","중국집","5"
"20180120","토","남","30대","서울특별시","서초구","내곡동","중국집","5"
"20180120","토","남","60대이상","서울특별시","서초구","양재동","중국집","17"
"20180120","토","여","10대","서울특별시","서초구","방배동","중국집","5"
"20180120","토","여","10대","서울특별시","서초구","서초동","중국집","5"
"20180120","토","여","10대","서울특별시","서초구","양재동","중국집","5"
"20180120","토","여","20대","서울특별시","서초구","반포동","중국집","6"
"20180120","토","여","20대","서울특별시","서초구","방배동","중국집","25"
"20180120","토","여","20대","서울특별시","서초구","서초동","중국집","5"
"20180120","토","여","20대","서울특별시","서초구","양재동","중국집","13"
"20180120","토","여","30대","서울특별시","서초구","방배동","중국집","58"
"20180120","토","여","30대","서울특별시","서초구","양재동","중국집","38"
"20180120","토","여","40대","서울특별시","서초구","반포동","중국집","49"
"20180120","토","여","30대","서울특별시","서초구","반포동","중국집","21"
"20180120","토","여","30대","서울특별시","서초구","서초동","중국집","5"
"20180120","토","여","40대","서울특별시","서초구","방배동","중국집","84"
"20180120","토","남","60대이상","서울특별시","서초구","방배동","중국집","30"
"20180120","토","여","40대","서울특별시","서초구","서초동","중국집","10"
"20180120","토","여","40대","서울특별시","서초구","양재동","중국집","54"
"20180120","토","남","10대","서울특별시","서초구","반포동","중국집","5"
"20180120","토","남","50대","서울특별시","서초구","방배동","중국집","56"
"20180120","토","남","30대","서울특별시","서초구","서초동","중국집","9"
"20180120","토","여","40대","서울특별시","서초구","잠원동","중국집","5"
"20180120","토","여","50대","서울특별시","서초구","반포동","중국집","7"
"20180120","토","여","50대","서울특별시","서초구","서초동","중국집","9"
"20180120","토","여","50대","서울특별시","서초구","양재동","중국집","26"
"20180120","토","여","50대","서울특별시","서초구","방배동","중국집","39"
"20180120","토","남","10대","서울특별시","서초구","양재동","중국집","5"
"20180120","토","여","60대이상","서울특별시","서초구","반포동","중국집","7"
"20180120","토","여","60대이상","서울특별시","서초구","방배동","중국집","40"
"20180120","토","여","60대이상","서울특별시","서초구","서초동","중국집","5"
"20180120","토","여","60대이상","서울특별시","서초구","양재동","중국집","12"
"20180120","토","남","20대","서울특별시","서초구","양재동","중국집","20"
"20180120","토","남","10대","서울특별시","성동구","성수동2가","중국집","10"
"20180120","토","남","20대","서울특별시","성동구","성수동2가","중국집","68"
"20180120","토","남","20대","서울특별시","성동구","옥수동","중국집","10"
"20180120","토","남","30대","서울특별시","성동구","옥수동","중국집","34"
"20180120","토","남","40대","서울특별시","성동구","옥수동","중국집","28"
"20180120","토","남","50대","서울특별시","성동구","성수동2가","중국집","66"
"20180120","토","남","50대","서울특별시","성동구","옥수동","중국집","19"
"20180120","토","남","60대이상","서울특별시","성동구","성수동2가","중국집","34"
"20180120","토","남","60대이상","서울특별시","성동구","옥수동","중국집","15"
"20180120","토","남","30대","서울특별시","성동구","성수동2가","중국집","130"
"20180120","토","여","10대","서울특별시","성동구","성수동2가","중국집","9"
"20180120","토","여","10대","서울특별시","성동구","옥수동","중국집","5"
"20180120","토","여","20대","서울특별시","성동구","성수동2가","중국집","31"
"20180120","토","여","20대","서울특별시","성동구","옥수동","중국집","5"
"20180120","토","여","30대","서울특별시","성동구","옥수동","중국집","12"
"20180120","토","여","40대","서울특별시","성동구","성수동2가","중국집","84"
"20180120","토","여","40대","서울특별시","성동구","옥수동","중국집","20"
"20180120","토","여","50대","서울특별시","성동구","성수동2가","중국집","44"
"20180120","토","남","40대","서울특별시","성동구","성수동2가","중국집","87"
"20180120","토","여","50대","서울특별시","성동구","옥수동","중국집","18"
"20180120","토","여","50대","서울특별시","성동구","행당동","중국집","5"
"20180120","토","여","30대","서울특별시","성동구","성수동2가","중국집","75"
"20180120","토","여","60대이상","서울특별시","성동구","성수동2가","중국집","30"
"20180120","토","여","60대이상","서울특별시","성동구","옥수동","중국집","10"
"20180120","토","남","10대","서울특별시","성북구","동선동2가","중국집","5"
"20180120","토","남","10대","서울특별시","성북구","종암동","중국집","5"
"20180120","토","남","10대","서울특별시","성북구","하월곡동","중국집","5"
"20180120","토","남","20대","서울특별시","성북구","정릉동","중국집","5"
"20180120","토","남","30대","서울특별시","성북구","동선동2가","중국집","63"
"20180120","토","남","30대","서울특별시","성북구","성북동","중국집","5"
"20180120","토","남","40대","서울특별시","성북구","삼선동5가","중국집","5"
"20180120","토","남","50대","서울특별시","성북구","동선동2가","중국집","48"
"20180120","토","남","50대","서울특별시","성북구","성북동","중국집","5"
"20180120","토","남","50대","서울특별시","성북구","하월곡동","중국집","5"
"20180120","토","남","20대","서울특별시","성북구","종암동","중국집","5"
"20180120","토","남","60대이상","서울특별시","성북구","동선동2가","중국집","20"
"20180120","토","남","20대","서울특별시","성북구","성북동","중국집","5"
"20180120","토","남","60대이상","서울특별시","성북구","삼선동5가","중국집","5"
"20180120","토","남","60대이상","서울특별시","성북구","상월곡동","중국집","5"
"20180120","토","남","40대","서울특별시","성북구","하월곡동","중국집","5"
"20180120","토","남","30대","서울특별시","성북구","하월곡동","중국집","5"
"20180120","토","여","10대","서울특별시","성북구","동선동2가","중국집","5"
"20180120","토","남","40대","서울특별시","성북구","성북동","중국집","5"
"20180120","토","여","20대","서울특별시","성북구","삼선동5가","중국집","5"
"20180120","토","여","20대","서울특별시","성북구","정릉동","중국집","5"
"20180120","토","여","20대","서울특별시","성북구","하월곡동","중국집","5"
"20180120","토","여","20대","서울특별시","성북구","동선동2가","중국집","14"
"20180120","토","남","30대","서울특별시","성북구","종암동","중국집","5"
"20180120","토","여","30대","서울특별시","성북구","길음동","중국집","5"
"20180120","토","여","30대","서울특별시","성북구","동선동2가","중국집","31"
"20180120","토","여","30대","서울특별시","성북구","동선동3가","중국집","5"
"20180120","토","남","40대","서울특별시","성북구","동선동2가","중국집","76"
"20180120","토","남","20대","서울특별시","성북구","삼선동5가","중국집","5"
"20180120","토","여","30대","서울특별시","성북구","상월곡동","중국집","5"
"20180120","토","남","30대","서울특별시","성북구","정릉동","중국집","6"
"20180120","토","여","30대","서울특별시","성북구","정릉동","중국집","5"
"20180120","토","여","30대","서울특별시","성북구","종암동","중국집","5"
"20180120","토","여","30대","서울특별시","성북구","하월곡동","중국집","5"
"20180120","토","여","40대","서울특별시","성북구","동선동3가","중국집","5"
"20180120","토","남","50대","서울특별시","성북구","삼선동5가","중국집","5"
"20180120","토","여","40대","서울특별시","성북구","동선동2가","중국집","77"
"20180120","토","여","40대","서울특별시","성북구","삼선동5가","중국집","5"
"20180120","토","여","40대","서울특별시","성북구","성북동","중국집","5"
"20180120","토","남","20대","서울특별시","성북구","동선동2가","중국집","37"
"20180120","토","여","40대","서울특별시","성북구","정릉동","중국집","5"
"20180120","토","여","40대","서울특별시","성북구","하월곡동","중국집","5"
"20180120","토","여","50대","서울특별시","성북구","삼선동5가","중국집","5"
"20180120","토","남","50대","서울특별시","성북구","길음동","중국집","5"
"20180120","토","여","50대","서울특별시","성북구","종암동","중국집","5"
"20180120","토","남","60대이상","서울특별시","성북구","정릉동","중국집","5"
"20180120","토","여","50대","서울특별시","성북구","하월곡동","중국집","5"
"20180120","토","여","50대","서울특별시","성북구","정릉동","중국집","6"
"20180120","토","여","60대이상","서울특별시","성북구","길음동","중국집","5"
"20180120","토","여","30대","서울특별시","성북구","삼선동5가","중국집","5"
"20180120","토","여","60대이상","서울특별시","성북구","동선동2가","중국집","25"
"20180120","토","여","40대","서울특별시","성북구","길음동","중국집","5"
"20180120","토","여","60대이상","서울특별시","성북구","삼선동5가","중국집","5"
"20180120","토","남","40대","서울특별시","성북구","종암동","중국집","5"
"20180120","토","여","60대이상","서울특별시","성북구","성북동","중국집","5"
"20180120","토","여","50대","서울특별시","성북구","동선동2가","중국집","37"
"20180120","토","여","40대","서울특별시","성북구","종암동","중국집","5"
"20180120","토","여","60대이상","서울특별시","성북구","정릉동","중국집","5"
"20180120","토","남","30대","서울특별시","성북구","삼선동5가","중국집","5"
"20180120","토","여","50대","서울특별시","성북구","성북동","중국집","5"
"20180120","토","여","60대이상","서울특별시","성북구","종암동","중국집","5"
"20180120","토","여","60대이상","서울특별시","성북구","하월곡동","중국집","5"
"20180120","토","남","10대","서울특별시","송파구","송파동","중국집","12"
"20180120","토","남","20대","서울특별시","송파구","풍납동","중국집","5"
"20180120","토","남","10대","서울특별시","송파구","가락동","중국집","5"
"20180120","토","남","30대","서울특별시","송파구","가락동","중국집","7"
"20180120","토","남","30대","서울특별시","송파구","송파동","중국집","121"
"20180120","토","남","30대","서울특별시","송파구","잠실동","중국집","5"
"20180120","토","남","30대","서울특별시","송파구","풍납동","중국집","5"
"20180120","토","남","40대","서울특별시","송파구","가락동","중국집","26"
"20180120","토","남","40대","서울특별시","송파구","송파동","중국집","102"
"20180120","토","남","40대","서울특별시","송파구","풍납동","중국집","5"
"20180120","토","남","50대","서울특별시","송파구","가락동","중국집","14"
"20180120","토","남","50대","서울특별시","송파구","송파동","중국집","51"
"20180120","토","남","60대이상","서울특별시","송파구","가락동","중국집","6"
"20180120","토","여","10대","서울특별시","송파구","송파동","중국집","6"
"20180120","토","여","20대","서울특별시","송파구","가락동","중국집","5"
"20180120","토","여","20대","서울특별시","송파구","송파동","중국집","32"
"20180120","토","남","20대","서울특별시","송파구","송파동","중국집","54"
"20180120","토","여","20대","서울특별시","송파구","풍납동","중국집","5"
"20180120","토","여","30대","서울특별시","송파구","가락동","중국집","11"
"20180120","토","여","30대","서울특별시","송파구","마천동","중국집","5"
"20180120","토","여","30대","서울특별시","송파구","송파동","중국집","73"
"20180120","토","여","30대","서울특별시","송파구","풍납동","중국집","5"
"20180120","토","여","40대","서울특별시","송파구","가락동","중국집","18"
"20180120","토","여","40대","서울특별시","송파구","마천동","중국집","5"
"20180120","토","여","40대","서울특별시","송파구","방이동","중국집","5"
"20180120","토","여","40대","서울특별시","송파구","송파동","중국집","123"
"20180120","토","여","40대","서울특별시","송파구","풍납동","중국집","5"
"20180120","토","남","20대","서울특별시","송파구","가락동","중국집","7"
"20180120","토","남","20대","서울특별시","송파구","마천동","중국집","5"
"20180120","토","여","50대","서울특별시","송파구","가락동","중국집","7"
"20180120","토","여","50대","서울특별시","송파구","방이동","중국집","5"
"20180120","토","여","50대","서울특별시","송파구","송파동","중국집","52"
"20180120","토","여","10대","서울특별시","송파구","가락동","중국집","5"
"20180120","토","여","60대이상","서울특별시","송파구","가락동","중국집","13"
"20180120","토","남","30대","서울특별시","송파구","방이동","중국집","5"
"20180120","토","여","60대이상","서울특별시","송파구","방이동","중국집","5"
"20180120","토","남","60대이상","서울특별시","송파구","송파동","중국집","33"
"20180120","토","남","40대","서울특별시","송파구","마천동","중국집","5"
"20180120","토","여","60대이상","서울특별시","송파구","송파동","중국집","33"
"20180120","토","여","60대이상","서울특별시","송파구","풍납동","중국집","5"
"20180120","토","남","10대","서울특별시","양천구","신정동","중국집","5"
"20180120","토","남","10대","서울특별시","양천구","신월동","중국집","5"
"20180120","토","남","20대","서울특별시","양천구","신월동","중국집","5"
"20180120","토","남","20대","서울특별시","양천구","신정동","중국집","15"
"20180120","토","남","30대","서울특별시","양천구","신월동","중국집","7"
"20180120","토","남","40대","서울특별시","양천구","신월동","중국집","5"
"20180120","토","남","40대","서울특별시","양천구","신정동","중국집","14"
"20180120","토","남","50대","서울특별시","양천구","신정동","중국집","5"
"20180120","토","남","50대","서울특별시","양천구","신월동","중국집","6"
"20180120","토","남","40대","서울특별시","양천구","목동","중국집","5"
"20180120","토","남","60대이상","서울특별시","양천구","신월동","중국집","5"
"20180120","토","남","60대이상","서울특별시","양천구","신정동","중국집","7"
"20180120","토","여","10대","서울특별시","양천구","신월동","중국집","5"
"20180120","토","여","10대","서울특별시","양천구","신정동","중국집","5"
"20180120","토","여","20대","서울특별시","양천구","신월동","중국집","5"
"20180120","토","여","20대","서울특별시","양천구","신정동","중국집","15"
"20180120","토","여","30대","서울특별시","양천구","신정동","중국집","12"
"20180120","토","여","10대","서울특별시","양천구","목동","중국집","5"
"20180120","토","여","40대","서울특별시","양천구","목동","중국집","5"
"20180120","토","여","40대","서울특별시","양천구","신월동","중국집","5"
"20180120","토","여","30대","서울특별시","양천구","신월동","중국집","5"
"20180120","토","여","40대","서울특별시","양천구","신정동","중국집","34"
"20180120","토","여","50대","서울특별시","양천구","목동","중국집","5"
"20180120","토","남","20대","서울특별시","양천구","목동","중국집","5"
"20180120","토","여","50대","서울특별시","양천구","신월동","중국집","5"
"20180120","토","여","50대","서울특별시","양천구","신정동","중국집","15"
"20180120","토","여","60대이상","서울특별시","양천구","신월동","중국집","5"
"20180120","토","남","30대","서울특별시","양천구","목동","중국집","5"
"20180120","토","여","60대이상","서울특별시","양천구","신정동","중국집","6"
"20180120","토","남","30대","서울특별시","양천구","신정동","중국집","15"
"20180120","토","남","10대","서울특별시","영등포구","여의도동","중국집","5"
"20180120","토","남","20대","서울특별시","영등포구","당산동6가","중국집","5"
"20180120","토","남","20대","서울특별시","영등포구","대림동","중국집","5"
"20180120","토","남","20대","서울특별시","영등포구","여의도동","중국집","9"
"20180120","토","남","30대","서울특별시","영등포구","문래동2가","중국집","28"
"20180120","토","남","30대","서울특별시","영등포구","신길동","중국집","5"
"20180120","토","남","30대","서울특별시","영등포구","영등포동8가","중국집","5"
"20180120","토","남","30대","서울특별시","영등포구","문래동3가","중국집","34"
"20180120","토","남","40대","서울특별시","영등포구","대림동","중국집","5"
"20180120","토","남","40대","서울특별시","영등포구","문래동2가","중국집","24"
"20180120","토","남","40대","서울특별시","영등포구","문래동3가","중국집","37"
"20180120","토","남","20대","서울특별시","영등포구","문래동3가","중국집","13"
"20180120","토","남","40대","서울특별시","영등포구","영등포동1가","중국집","5"
"20180120","토","남","40대","서울특별시","영등포구","영등포동8가","중국집","5"
"20180120","토","남","40대","서울특별시","영등포구","당산동6가","중국집","5"
"20180120","토","남","50대","서울특별시","영등포구","문래동2가","중국집","21"
"20180120","토","남","50대","서울특별시","영등포구","문래동3가","중국집","24"
"20180120","토","남","50대","서울특별시","영등포구","신길동","중국집","5"
"20180120","토","남","50대","서울특별시","영등포구","여의도동","중국집","20"
"20180120","토","남","50대","서울특별시","영등포구","영등포동1가","중국집","5"
"20180120","토","남","60대이상","서울특별시","영등포구","문래동2가","중국집","9"
"20180120","토","남","30대","서울특별시","영등포구","여의도동","중국집","35"
"20180120","토","남","60대이상","서울특별시","영등포구","문래동3가","중국집","16"
"20180120","토","남","10대","서울특별시","영등포구","문래동2가","중국집","5"
"20180120","토","남","10대","서울특별시","영등포구","문래동3가","중국집","5"
"20180120","토","남","60대이상","서울특별시","영등포구","여의도동","중국집","6"
"20180120","토","여","10대","서울특별시","영등포구","대림동","중국집","5"
"20180120","토","여","10대","서울특별시","영등포구","문래동2가","중국집","5"
"20180120","토","여","10대","서울특별시","영등포구","여의도동","중국집","5"
"20180120","토","여","20대","서울특별시","영등포구","문래동2가","중국집","5"
"20180120","토","여","20대","서울특별시","영등포구","문래동3가","중국집","14"
"20180120","토","여","20대","서울특별시","영등포구","영등포동1가","중국집","5"
"20180120","토","여","30대","서울특별시","영등포구","대림동","중국집","5"
"20180120","토","여","30대","서울특별시","영등포구","문래동3가","중국집","17"
"20180120","토","여","30대","서울특별시","영등포구","문래동2가","중국집","28"
"20180120","토","여","30대","서울특별시","영등포구","신길동","중국집","5"
"20180120","토","여","30대","서울특별시","영등포구","여의도동","중국집","11"
"20180120","토","여","30대","서울특별시","영등포구","영등포동1가","중국집","5"
"20180120","토","여","40대","서울특별시","영등포구","대림동","중국집","5"
"20180120","토","남","60대이상","서울특별시","영등포구","대림동","중국집","5"
"20180120","토","남","30대","서울특별시","영등포구","대림동","중국집","5"
"20180120","토","남","20대","서울특별시","영등포구","신길동","중국집","5"
"20180120","토","남","20대","서울특별시","영등포구","영등포동1가","중국집","5"
"20180120","토","여","40대","서울특별시","영등포구","문래동2가","중국집","33"
"20180120","토","여","40대","서울특별시","영등포구","신길동","중국집","5"
"20180120","토","여","40대","서울특별시","영등포구","영등포동1가","중국집","5"
"20180120","토","여","20대","서울특별시","영등포구","여의도동","중국집","5"
"20180120","토","여","50대","서울특별시","영등포구","문래동2가","중국집","14"
"20180120","토","여","50대","서울특별시","영등포구","문래동3가","중국집","15"
"20180120","토","남","30대","서울특별시","영등포구","영등포동1가","중국집","5"
"20180120","토","남","10대","서울특별시","영등포구","신길동","중국집","5"
"20180120","토","여","50대","서울특별시","영등포구","신길동","중국집","5"
"20180120","토","여","50대","서울특별시","영등포구","여의도동","중국집","5"
"20180120","토","여","50대","서울특별시","영등포구","영등포동1가","중국집","5"
"20180120","토","남","20대","서울특별시","영등포구","문래동2가","중국집","19"
"20180120","토","여","60대이상","서울특별시","영등포구","대림동","중국집","5"
"20180120","토","여","40대","서울특별시","영등포구","문래동3가","중국집","30"
"20180120","토","여","60대이상","서울특별시","영등포구","문래동2가","중국집","7"
"20180120","토","여","10대","서울특별시","영등포구","문래동3가","중국집","5"
"20180120","토","여","60대이상","서울특별시","영등포구","문래동3가","중국집","8"
"20180120","토","남","40대","서울특별시","영등포구","여의도동","중국집","16"
"20180120","토","여","60대이상","서울특별시","영등포구","신길동","중국집","5"
"20180120","토","여","60대이상","서울특별시","영등포구","여의도동","중국집","5"
"20180120","토","남","40대","서울특별시","영등포구","신길동","중국집","5"
"20180120","토","여","40대","서울특별시","영등포구","여의도동","중국집","18"
"20180120","토","여","60대이상","서울특별시","영등포구","영등포동1가","중국집","5"
"20180120","토","남","10대","서울특별시","용산구","한강로3가","중국집","5"
"20180120","토","남","20대","서울특별시","용산구","도원동","중국집","5"
"20180120","토","남","20대","서울특별시","용산구","한강로3가","중국집","10"
"20180120","토","남","20대","서울특별시","용산구","후암동","중국집","9"
"20180120","토","남","10대","서울특별시","용산구","후암동","중국집","5"
"20180120","토","남","30대","서울특별시","용산구","도원동","중국집","5"
"20180120","토","남","30대","서울특별시","용산구","효창동","중국집","5"
"20180120","토","남","20대","서울특별시","용산구","한남동","중국집","5"
"20180120","토","남","40대","서울특별시","용산구","동자동","중국집","5"
"20180120","토","남","40대","서울특별시","용산구","보광동","중국집","5"
"20180120","토","남","30대","서울특별시","용산구","원효로4가","중국집","5"
"20180120","토","남","40대","서울특별시","용산구","이촌동","중국집","5"
"20180120","토","남","40대","서울특별시","용산구","이태원동","중국집","5"
"20180120","토","남","40대","서울특별시","용산구","한강로3가","중국집","48"
"20180120","토","남","40대","서울특별시","용산구","후암동","중국집","47"
"20180120","토","남","50대","서울특별시","용산구","보광동","중국집","5"
"20180120","토","남","50대","서울특별시","용산구","이촌동","중국집","5"
"20180120","토","남","50대","서울특별시","용산구","이태원동","중국집","5"
"20180120","토","남","50대","서울특별시","용산구","후암동","중국집","31"
"20180120","토","남","20대","서울특별시","용산구","이촌동","중국집","5"
"20180120","토","남","10대","서울특별시","용산구","동자동","중국집","5"
"20180120","토","남","60대이상","서울특별시","용산구","보광동","중국집","5"
"20180120","토","남","60대이상","서울특별시","용산구","이태원동","중국집","5"
"20180120","토","남","60대이상","서울특별시","용산구","한강로3가","중국집","6"
"20180120","토","여","10대","서울특별시","용산구","한강로3가","중국집","5"
"20180120","토","여","20대","서울특별시","용산구","보광동","중국집","5"
"20180120","토","여","20대","서울특별시","용산구","원효로4가","중국집","5"
"20180120","토","남","30대","서울특별시","용산구","이촌동","중국집","5"
"20180120","토","여","20대","서울특별시","용산구","이촌동","중국집","5"
"20180120","토","여","20대","서울특별시","용산구","한강로3가","중국집","5"
"20180120","토","남","30대","서울특별시","용산구","한강로3가","중국집","35"
"20180120","토","여","20대","서울특별시","용산구","효창동","중국집","5"
"20180120","토","여","20대","서울특별시","용산구","후암동","중국집","5"
"20180120","토","여","30대","서울특별시","용산구","보광동","중국집","5"
"20180120","토","남","30대","서울특별시","용산구","이태원동","중국집","7"
"20180120","토","여","30대","서울특별시","용산구","원효로4가","중국집","5"
"20180120","토","남","50대","서울특별시","용산구","도원동","중국집","5"
"20180120","토","남","30대","서울특별시","용산구","보광동","중국집","5"
"20180120","토","여","30대","서울특별시","용산구","이촌동","중국집","5"
"20180120","토","여","30대","서울특별시","용산구","이태원동","중국집","5"
"20180120","토","남","30대","서울특별시","용산구","후암동","중국집","29"
"20180120","토","여","30대","서울특별시","용산구","한강로3가","중국집","24"
"20180120","토","남","40대","서울특별시","용산구","한남동","중국집","5"
"20180120","토","여","40대","서울특별시","용산구","도원동","중국집","5"
"20180120","토","남","30대","서울특별시","용산구","한남동","중국집","5"
"20180120","토","남","20대","서울특별시","용산구","보광동","중국집","5"
"20180120","토","여","40대","서울특별시","용산구","보광동","중국집","5"
"20180120","토","남","30대","서울특별시","용산구","동자동","중국집","5"
"20180120","토","남","50대","서울특별시","용산구","신계동","중국집","5"
"20180120","토","여","20대","서울특별시","용산구","도원동","중국집","5"
"20180120","토","여","40대","서울특별시","용산구","신계동","중국집","5"
"20180120","토","여","40대","서울특별시","용산구","이촌동","중국집","5"
"20180120","토","여","20대","서울특별시","용산구","동자동","중국집","5"
"20180120","토","여","40대","서울특별시","용산구","이태원동","중국집","5"
"20180120","토","여","40대","서울특별시","용산구","한강로3가","중국집","52"
"20180120","토","여","40대","서울특별시","용산구","한남동","중국집","5"
"20180120","토","남","50대","서울특별시","용산구","한강로3가","중국집","31"
"20180120","토","여","40대","서울특별시","용산구","후암동","중국집","26"
"20180120","토","여","50대","서울특별시","용산구","보광동","중국집","5"
"20180120","토","여","50대","서울특별시","용산구","이촌동","중국집","5"
"20180120","토","남","60대이상","서울특별시","용산구","후암동","중국집","25"
"20180120","토","여","50대","서울특별시","용산구","한강로3가","중국집","24"
"20180120","토","여","50대","서울특별시","용산구","한남동","중국집","5"
"20180120","토","여","50대","서울특별시","용산구","후암동","중국집","14"
"20180120","토","여","60대이상","서울특별시","용산구","동자동","중국집","5"
"20180120","토","여","30대","서울특별시","용산구","후암동","중국집","16"
"20180120","토","남","40대","서울특별시","용산구","신계동","중국집","5"
"20180120","토","여","10대","서울특별시","용산구","후암동","중국집","5"
"20180120","토","여","60대이상","서울특별시","용산구","보광동","중국집","5"
"20180120","토","남","30대","서울특별시","용산구","갈월동","중국집","5"
"20180120","토","여","60대이상","서울특별시","용산구","신계동","중국집","5"
"20180120","토","여","60대이상","서울특별시","용산구","한강로3가","중국집","19"
"20180120","토","남","50대","서울특별시","용산구","동자동","중국집","5"
"20180120","토","여","60대이상","서울특별시","용산구","후암동","중국집","18"
"20180120","토","남","20대","서울특별시","은평구","구산동","중국집","5"
"20180120","토","남","20대","서울특별시","은평구","증산동","중국집","5"
"20180120","토","남","10대","서울특별시","은평구","구산동","중국집","5"
"20180120","토","남","30대","서울특별시","은평구","구산동","중국집","5"
"20180120","토","남","30대","서울특별시","은평구","불광동","중국집","54"
"20180120","토","남","30대","서울특별시","은평구","증산동","중국집","5"
"20180120","토","남","30대","서울특별시","은평구","수색동","중국집","5"
"20180120","토","남","40대","서울특별시","은평구","구산동","중국집","5"
"20180120","토","남","40대","서울특별시","은평구","불광동","중국집","54"
"20180120","토","남","50대","서울특별시","은평구","구산동","중국집","5"
"20180120","토","남","50대","서울특별시","은평구","불광동","중국집","29"
"20180120","토","남","60대이상","서울특별시","은평구","구산동","중국집","5"
"20180120","토","남","20대","서울특별시","은평구","불광동","중국집","25"
"20180120","토","남","60대이상","서울특별시","은평구","불광동","중국집","27"
"20180120","토","남","60대이상","서울특별시","은평구","수색동","중국집","5"
"20180120","토","여","20대","서울특별시","은평구","불광동","중국집","14"
"20180120","토","여","20대","서울특별시","은평구","증산동","중국집","6"
"20180120","토","여","30대","서울특별시","은평구","구산동","중국집","5"
"20180120","토","여","30대","서울특별시","은평구","불광동","중국집","47"
"20180120","토","여","30대","서울특별시","은평구","증산동","중국집","5"
"20180120","토","여","40대","서울특별시","은평구","구산동","중국집","5"
"20180120","토","남","40대","서울특별시","은평구","증산동","중국집","5"
"20180120","토","여","40대","서울특별시","은평구","수색동","중국집","5"
"20180120","토","여","40대","서울특별시","은평구","증산동","중국집","5"
"20180120","토","남","10대","서울특별시","은평구","불광동","중국집","6"
"20180120","토","여","10대","서울특별시","은평구","불광동","중국집","5"
"20180120","토","남","30대","서울특별시","은평구","대조동","중국집","5"
"20180120","토","여","50대","서울특별시","은평구","구산동","중국집","5"
"20180120","토","여","40대","서울특별시","은평구","불광동","중국집","66"
"20180120","토","여","50대","서울특별시","은평구","불광동","중국집","39"
"20180120","토","여","60대이상","서울특별시","은평구","구산동","중국집","5"
"20180120","토","여","60대이상","서울특별시","은평구","불광동","중국집","23"
"20180120","토","여","60대이상","서울특별시","은평구","수색동","중국집","5"
"20180120","토","여","60대이상","서울특별시","은평구","증산동","중국집","5"
"20180120","토","여","50대","서울특별시","은평구","증산동","중국집","5"
"20180120","토","여","20대","서울특별시","은평구","구산동","중국집","5"
"20180120","토","남","40대","서울특별시","은평구","갈현동","중국집","5"
"20180120","토","남","20대","서울특별시","종로구","창신동","중국집","5"
"20180120","토","남","30대","서울특별시","종로구","서린동","중국집","5"
"20180120","토","남","30대","서울특별시","종로구","관수동","중국집","5"
"20180120","토","남","30대","서울특별시","종로구","창성동","중국집","5"
"20180120","토","남","20대","서울특별시","종로구","평창동","중국집","5"
"20180120","토","남","30대","서울특별시","종로구","평창동","중국집","5"
"20180120","토","남","40대","서울특별시","종로구","관수동","중국집","5"
"20180120","토","남","10대","서울특별시","종로구","교남동","중국집","5"
"20180120","토","남","50대","서울특별시","종로구","경운동","중국집","5"
"20180120","토","남","50대","서울특별시","종로구","관수동","중국집","5"
"20180120","토","남","20대","서울특별시","종로구","종로6가","중국집","6"
"20180120","토","남","50대","서울특별시","종로구","낙원동","중국집","5"
"20180120","토","남","50대","서울특별시","종로구","동숭동","중국집","5"
"20180120","토","남","50대","서울특별시","종로구","숭인동","중국집","5"
"20180120","토","남","60대이상","서울특별시","종로구","종로6가","중국집","5"
"20180120","토","남","20대","서울특별시","종로구","원서동","중국집","5"
"20180120","토","남","60대이상","서울특별시","종로구","평창동","중국집","5"
"20180120","토","남","60대이상","서울특별시","종로구","동숭동","중국집","5"
"20180120","토","여","10대","서울특별시","종로구","명륜1가","중국집","5"
"20180120","토","여","10대","서울특별시","종로구","서린동","중국집","5"
"20180120","토","여","20대","서울특별시","종로구","교남동","중국집","5"
"20180120","토","여","20대","서울특별시","종로구","낙원동","중국집","5"
"20180120","토","여","20대","서울특별시","종로구","동숭동","중국집","5"
"20180120","토","여","20대","서울특별시","종로구","명륜1가","중국집","5"
"20180120","토","남","30대","서울특별시","종로구","낙원동","중국집","5"
"20180120","토","여","20대","서울특별시","종로구","숭인동","중국집","5"
"20180120","토","남","20대","서울특별시","종로구","명륜1가","중국집","5"
"20180120","토","여","20대","서울특별시","종로구","신문로2가","중국집","5"
"20180120","토","남","20대","서울특별시","종로구","낙원동","중국집","5"
"20180120","토","여","20대","서울특별시","종로구","원서동","중국집","5"
"20180120","토","여","30대","서울특별시","종로구","교남동","중국집","5"
"20180120","토","남","60대이상","서울특별시","종로구","낙원동","중국집","5"
"20180120","토","남","20대","서울특별시","종로구","관수동","중국집","5"
"20180120","토","여","30대","서울특별시","종로구","숭인동","중국집","5"
"20180120","토","여","30대","서울특별시","종로구","신문로2가","중국집","5"
"20180120","토","여","30대","서울특별시","종로구","동숭동","중국집","5"
"20180120","토","여","30대","서울특별시","종로구","종로3가","중국집","5"
"20180120","토","여","30대","서울특별시","종로구","명륜1가","중국집","5"
"20180120","토","여","30대","서울특별시","종로구","청진동","중국집","5"
"20180120","토","남","60대이상","서울특별시","종로구","신문로2가","중국집","5"
"20180120","토","남","60대이상","서울특별시","종로구","옥인동","중국집","5"
"20180120","토","여","30대","서울특별시","종로구","평창동","중국집","5"
"20180120","토","여","40대","서울특별시","종로구","명륜1가","중국집","5"
"20180120","토","남","40대","서울특별시","종로구","동숭동","중국집","5"
"20180120","토","여","40대","서울특별시","종로구","숭인동","중국집","5"
"20180120","토","여","40대","서울특별시","종로구","종로6가","중국집","5"
"20180120","토","남","40대","서울특별시","종로구","평창동","중국집","5"
"20180120","토","여","30대","서울특별시","종로구","경운동","중국집","5"
"20180120","토","여","40대","서울특별시","종로구","창성동","중국집","5"
"20180120","토","여","20대","서울특별시","종로구","창성동","중국집","5"
"20180120","토","남","20대","서울특별시","종로구","동숭동","중국집","5"
"20180120","토","여","50대","서울특별시","종로구","종로5가","중국집","5"
"20180120","토","남","40대","서울특별시","종로구","창성동","중국집","5"
"20180120","토","남","40대","서울특별시","종로구","종로6가","중국집","5"
"20180120","토","여","50대","서울특별시","종로구","창성동","중국집","5"
"20180120","토","남","30대","서울특별시","종로구","숭인동","중국집","5"
"20180120","토","여","50대","서울특별시","종로구","평창동","중국집","5"
"20180120","토","여","60대이상","서울특별시","종로구","관수동","중국집","5"
"20180120","토","여","50대","서울특별시","종로구","숭인동","중국집","5"
"20180120","토","여","50대","서울특별시","종로구","종로6가","중국집","5"
"20180120","토","남","40대","서울특별시","종로구","원서동","중국집","5"
"20180120","토","남","60대이상","서울특별시","종로구","경운동","중국집","5"
"20180120","토","여","60대이상","서울특별시","종로구","낙원동","중국집","5"
"20180120","토","남","30대","서울특별시","종로구","신문로2가","중국집","5"
"20180120","토","여","50대","서울특별시","종로구","교남동","중국집","5"
"20180120","토","여","30대","서울특별시","종로구","원서동","중국집","5"
"20180120","토","남","40대","서울특별시","종로구","낙원동","중국집","5"
"20180120","토","남","20대","서울특별시","종로구","서린동","중국집","5"
"20180120","토","남","60대이상","서울특별시","종로구","종로3가","중국집","5"
"20180120","토","남","50대","서울특별시","종로구","원서동","중국집","5"
"20180120","토","여","60대이상","서울특별시","종로구","숭인동","중국집","5"
"20180120","토","남","40대","서울특별시","종로구","숭인동","중국집","5"
"20180120","토","여","60대이상","서울특별시","종로구","종로5가","중국집","5"
"20180120","토","여","20대","서울특별시","종로구","평창동","중국집","5"
"20180120","토","여","40대","서울특별시","종로구","원서동","중국집","5"
"20180120","토","남","30대","서울특별시","종로구","동숭동","중국집","6"
"20180120","토","여","60대이상","서울특별시","종로구","평창동","중국집","5"
"20180120","토","남","20대","서울특별시","중구","수하동","중국집","15"
"20180120","토","남","20대","서울특별시","중구","신당동","중국집","47"
"20180120","토","남","20대","서울특별시","중구","을지로6가","중국집","5"
"20180120","토","남","20대","서울특별시","중구","장충동2가","중국집","5"
"20180120","토","남","30대","서울특별시","중구","수하동","중국집","46"
"20180120","토","남","30대","서울특별시","중구","주교동","중국집","5"
"20180120","토","남","40대","서울특별시","중구","신당동","중국집","82"
"20180120","토","남","30대","서울특별시","중구","태평로1가","중국집","5"
"20180120","토","남","40대","서울특별시","중구","회현동1가","중국집","5"
"20180120","토","남","50대","서울특별시","중구","필동2가","중국집","5"
"20180120","토","남","60대이상","서울특별시","중구","수표동","중국집","5"
"20180120","토","남","20대","서울특별시","중구","필동2가","중국집","5"
"20180120","토","남","30대","서울특별시","중구","을지로3가","중국집","5"
"20180120","토","남","60대이상","서울특별시","중구","수하동","중국집","19"
"20180120","토","남","60대이상","서울특별시","중구","신당동","중국집","35"
"20180120","토","남","50대","서울특별시","중구","신당동","중국집","77"
"20180120","토","남","10대","서울특별시","중구","신당동","중국집","8"
"20180120","토","남","60대이상","서울특별시","중구","을지로1가","중국집","5"
"20180120","토","남","50대","서울특별시","중구","주교동","중국집","5"
"20180120","토","남","30대","서울특별시","중구","을지로6가","중국집","5"
"20180120","토","남","60대이상","서울특별시","중구","을지로3가","중국집","5"
"20180120","토","남","60대이상","서울특별시","중구","충무로1가","중국집","5"
"20180120","토","여","10대","서울특별시","중구","신당동","중국집","6"
"20180120","토","남","50대","서울특별시","중구","정동","중국집","5"
"20180120","토","남","10대","서울특별시","중구","수표동","중국집","5"
"20180120","토","여","20대","서울특별시","중구","수하동","중국집","9"
"20180120","토","여","20대","서울특별시","중구","신당동","중국집","23"
"20180120","토","여","20대","서울특별시","중구","을지로6가","중국집","5"
"20180120","토","여","20대","서울특별시","중구","충무로1가","중국집","5"
"20180120","토","여","30대","서울특별시","중구","신당동","중국집","63"
"20180120","토","여","40대","서울특별시","중구","수표동","중국집","5"
"20180120","토","남","50대","서울특별시","중구","을지로3가","중국집","5"
"20180120","토","남","40대","서울특별시","중구","을지로6가","중국집","5"
"20180120","토","여","40대","서울특별시","중구","수하동","중국집","19"
"20180120","토","여","40대","서울특별시","중구","신당동","중국집","78"
"20180120","토","여","40대","서울특별시","중구","충무로1가","중국집","5"
"20180120","토","여","50대","서울특별시","중구","명동1가","중국집","5"
"20180120","토","여","20대","서울특별시","중구","을지로3가","중국집","5"
"20180120","토","여","50대","서울특별시","중구","수하동","중국집","20"
"20180120","토","여","40대","서울특별시","중구","을지로3가","중국집","5"
"20180120","토","남","40대","서울특별시","중구","주교동","중국집","5"
"20180120","토","여","50대","서울특별시","중구","신당동","중국집","50"
"20180120","토","남","40대","서울특별시","중구","정동","중국집","5"
"20180120","토","여","20대","서울특별시","중구","정동","중국집","5"
"20180120","토","남","10대","서울특별시","중구","수하동","중국집","8"
"20180120","토","남","50대","서울특별시","중구","을지로6가","중국집","5"
"20180120","토","여","50대","서울특별시","중구","을지로6가","중국집","5"
"20180120","토","남","40대","서울특별시","중구","명동1가","중국집","5"
"20180120","토","여","60대이상","서울특별시","중구","명동1가","중국집","5"
"20180120","토","남","30대","서울특별시","중구","신당동","중국집","108"
"20180120","토","여","60대이상","서울특별시","중구","수하동","중국집","24"
"20180120","토","남","50대","서울특별시","중구","수하동","중국집","56"
"20180120","토","여","30대","서울특별시","중구","수하동","중국집","19"
"20180120","토","여","60대이상","서울특별시","중구","신당동","중국집","31"
"20180120","토","남","40대","서울특별시","중구","수하동","중국집","59"
"20180120","토","여","60대이상","서울특별시","중구","정동","중국집","5"
"20180120","토","남","40대","서울특별시","중구","필동2가","중국집","5"
"20180120","토","여","10대","서울특별시","중구","수하동","중국집","5"
"20180120","토","여","60대이상","서울특별시","중구","충무로1가","중국집","5"
"20180120","토","여","60대이상","서울특별시","중구","필동2가","중국집","5"
"20180120","토","남","10대","서울특별시","중랑구","망우동","중국집","5"
"20180120","토","남","20대","서울특별시","중랑구","면목동","중국집","33"
"20180120","토","남","30대","서울특별시","중랑구","면목동","중국집","68"
"20180120","토","남","30대","서울특별시","중랑구","묵동","중국집","5"
"20180120","토","남","30대","서울특별시","중랑구","신내동","중국집","5"
"20180120","토","남","30대","서울특별시","중랑구","망우동","중국집","5"
"20180120","토","남","40대","서울특별시","중랑구","망우동","중국집","7"
"20180120","토","남","40대","서울특별시","중랑구","묵동","중국집","5"
"20180120","토","남","40대","서울특별시","중랑구","면목동","중국집","67"
"20180120","토","남","50대","서울특별시","중랑구","면목동","중국집","46"
"20180120","토","남","20대","서울특별시","중랑구","망우동","중국집","6"
"20180120","토","남","60대이상","서울특별시","중랑구","면목동","중국집","28"
"20180120","토","남","60대이상","서울특별시","중랑구","신내동","중국집","5"
"20180120","토","여","10대","서울특별시","중랑구","면목동","중국집","5"
"20180120","토","여","10대","서울특별시","중랑구","신내동","중국집","5"
"20180120","토","여","20대","서울특별시","중랑구","망우동","중국집","5"
"20180120","토","남","10대","서울특별시","중랑구","면목동","중국집","5"
"20180120","토","여","20대","서울특별시","중랑구","면목동","중국집","14"
"20180120","토","여","20대","서울특별시","중랑구","묵동","중국집","5"
"20180120","토","여","20대","서울특별시","중랑구","상봉동","중국집","5"
"20180120","토","남","20대","서울특별시","중랑구","신내동","중국집","5"
"20180120","토","여","30대","서울특별시","중랑구","면목동","중국집","51"
"20180120","토","여","30대","서울특별시","중랑구","묵동","중국집","5"
"20180120","토","남","60대이상","서울특별시","중랑구","묵동","중국집","5"
"20180120","토","여","30대","서울특별시","중랑구","신내동","중국집","5"
"20180120","토","여","10대","서울특별시","중랑구","망우동","중국집","5"
"20180120","토","여","30대","서울특별시","중랑구","중화동","중국집","5"
"20180120","토","여","40대","서울특별시","중랑구","망우동","중국집","5"
"20180120","토","여","40대","서울특별시","중랑구","면목동","중국집","61"
"20180120","토","여","40대","서울특별시","중랑구","묵동","중국집","5"
"20180120","토","여","40대","서울특별시","중랑구","신내동","중국집","5"
"20180120","토","여","50대","서울특별시","중랑구","망우동","중국집","5"
"20180120","토","여","50대","서울특별시","중랑구","면목동","중국집","40"
"20180120","토","여","50대","서울특별시","중랑구","묵동","중국집","5"
"20180120","토","여","30대","서울특별시","중랑구","망우동","중국집","5"
"20180120","토","여","50대","서울특별시","중랑구","신내동","중국집","5"
"20180120","토","여","60대이상","서울특별시","중랑구","면목동","중국집","17"
"20180120","토","여","60대이상","서울특별시","중랑구","신내동","중국집","5"
"20180120","토","여","60대이상","서울특별시","중랑구","망우동","중국집","5"
"20180120","토","남","50대","서울특별시","중랑구","망우동","중국집","5"
"20180120","토","여","60대이상","서울특별시","중랑구","중화동","중국집","5"
"20180120","토","남","40대","서울특별시","중랑구","신내동","중국집","5"
"20180121","일","남","10대","서울특별시","강남구","세곡동","중국집","5"
"20180121","일","남","10대","서울특별시","강남구","압구정동","중국집","5"
"20180121","일","남","20대","서울특별시","강남구","논현동","중국집","28"
"20180121","일","남","20대","서울특별시","강남구","도곡동","중국집","5"
"20180121","일","남","20대","서울특별시","강남구","세곡동","중국집","5"
"20180121","일","남","10대","서울특별시","강남구","논현동","중국집","5"
"20180121","일","남","30대","서울특별시","강남구","논현동","중국집","45"
"20180121","일","남","30대","서울특별시","강남구","역삼동","중국집","57"
"20180121","일","남","20대","서울특별시","강남구","수서동","중국집","5"
"20180121","일","남","40대","서울특별시","강남구","개포동","중국집","5"
"20180121","일","남","40대","서울특별시","강남구","대치동","중국집","5"
"20180121","일","남","40대","서울특별시","강남구","삼성동","중국집","81"
"20180121","일","남","40대","서울특별시","강남구","역삼동","중국집","52"
"20180121","일","남","50대","서울특별시","강남구","논현동","중국집","26"
"20180121","일","남","50대","서울특별시","강남구","삼성동","중국집","38"
"20180121","일","남","50대","서울특별시","강남구","역삼동","중국집","26"
"20180121","일","남","60대이상","서울특별시","강남구","도곡동","중국집","5"
"20180121","일","남","60대이상","서울특별시","강남구","세곡동","중국집","7"
"20180121","일","남","40대","서울특별시","강남구","세곡동","중국집","22"
"20180121","일","남","60대이상","서울특별시","강남구","수서동","중국집","5"
"20180121","일","남","60대이상","서울특별시","강남구","역삼동","중국집","21"
"20180121","일","남","40대","서울특별시","강남구","일원동","중국집","5"
"20180121","일","여","10대","서울특별시","강남구","대치동","중국집","5"
"20180121","일","남","30대","서울특별시","강남구","수서동","중국집","5"
"20180121","일","여","10대","서울특별시","강남구","삼성동","중국집","7"
"20180121","일","여","20대","서울특별시","강남구","논현동","중국집","22"
"20180121","일","남","50대","서울특별시","강남구","수서동","중국집","5"
"20180121","일","남","20대","서울특별시","강남구","일원동","중국집","5"
"20180121","일","남","20대","서울특별시","강남구","역삼동","중국집","33"
"20180121","일","여","20대","서울특별시","강남구","도곡동","중국집","5"
"20180121","일","여","20대","서울특별시","강남구","삼성동","중국집","19"
"20180121","일","남","60대이상","서울특별시","강남구","논현동","중국집","8"
"20180121","일","여","20대","서울특별시","강남구","세곡동","중국집","5"
"20180121","일","남","30대","서울특별시","강남구","도곡동","중국집","5"
"20180121","일","여","20대","서울특별시","강남구","압구정동","중국집","5"
"20180121","일","여","20대","서울특별시","강남구","역삼동","중국집","15"
"20180121","일","여","10대","서울특별시","강남구","역삼동","중국집","5"
"20180121","일","여","30대","서울특별시","강남구","개포동","중국집","5"
"20180121","일","여","30대","서울특별시","강남구","논현동","중국집","27"
"20180121","일","남","60대이상","서울특별시","강남구","삼성동","중국집","17"
"20180121","일","여","30대","서울특별시","강남구","삼성동","중국집","74"
"20180121","일","남","30대","서울특별시","강남구","삼성동","중국집","70"
"20180121","일","여","30대","서울특별시","강남구","세곡동","중국집","17"
"20180121","일","여","30대","서울특별시","강남구","수서동","중국집","5"
"20180121","일","여","20대","서울특별시","강남구","개포동","중국집","5"
"20180121","일","여","30대","서울특별시","강남구","대치동","중국집","5"
"20180121","일","여","40대","서울특별시","강남구","논현동","중국집","71"
"20180121","일","남","20대","서울특별시","강남구","대치동","중국집","5"
"20180121","일","남","10대","서울특별시","강남구","삼성동","중국집","11"
"20180121","일","여","40대","서울특별시","강남구","대치동","중국집","6"
"20180121","일","여","30대","서울특별시","강남구","도곡동","중국집","8"
"20180121","일","여","40대","서울특별시","강남구","도곡동","중국집","15"
"20180121","일","남","20대","서울특별시","강남구","삼성동","중국집","44"
"20180121","일","남","40대","서울특별시","강남구","논현동","중국집","41"
"20180121","일","남","10대","서울특별시","강남구","역삼동","중국집","5"
"20180121","일","여","40대","서울특별시","강남구","삼성동","중국집","115"
"20180121","일","여","40대","서울특별시","강남구","세곡동","중국집","15"
"20180121","일","여","40대","서울특별시","강남구","수서동","중국집","5"
"20180121","일","여","40대","서울특별시","강남구","압구정동","중국집","5"
"20180121","일","남","30대","서울특별시","강남구","대치동","중국집","5"
"20180121","일","여","40대","서울특별시","강남구","일원동","중국집","5"
"20180121","일","남","60대이상","서울특별시","강남구","개포동","중국집","5"
"20180121","일","여","50대","서울특별시","강남구","도곡동","중국집","11"
"20180121","일","여","10대","서울특별시","강남구","개포동","중국집","5"
"20180121","일","여","50대","서울특별시","강남구","삼성동","중국집","52"
"20180121","일","여","50대","서울특별시","강남구","압구정동","중국집","5"
"20180121","일","남","30대","서울특별시","강남구","일원동","중국집","6"
"20180121","일","여","20대","서울특별시","강남구","대치동","중국집","5"
"20180121","일","여","10대","서울특별시","강남구","논현동","중국집","5"
"20180121","일","여","30대","서울특별시","강남구","일원동","중국집","5"
"20180121","일","여","50대","서울특별시","강남구","역삼동","중국집","30"
"20180121","일","남","40대","서울특별시","강남구","도곡동","중국집","5"
"20180121","일","남","30대","서울특별시","강남구","세곡동","중국집","8"
"20180121","일","여","50대","서울특별시","강남구","일원동","중국집","5"
"20180121","일","여","60대이상","서울특별시","강남구","논현동","중국집","19"
"20180121","일","여","60대이상","서울특별시","강남구","도곡동","중국집","6"
"20180121","일","여","40대","서울특별시","강남구","역삼동","중국집","59"
"20180121","일","여","60대이상","서울특별시","강남구","삼성동","중국집","24"
"20180121","일","여","50대","서울특별시","강남구","논현동","중국집","19"
"20180121","일","여","30대","서울특별시","강남구","역삼동","중국집","55"
"20180121","일","여","60대이상","서울특별시","강남구","세곡동","중국집","5"
"20180121","일","남","40대","서울특별시","강남구","수서동","중국집","5"
"20180121","일","남","50대","서울특별시","강남구","도곡동","중국집","5"
"20180121","일","여","20대","서울특별시","강남구","수서동","중국집","5"
"20180121","일","남","50대","서울특별시","강남구","일원동","중국집","5"
"20180121","일","여","60대이상","서울특별시","강남구","수서동","중국집","5"
"20180121","일","남","50대","서울특별시","강남구","세곡동","중국집","5"
"20180121","일","여","50대","서울특별시","강남구","세곡동","중국집","10"
"20180121","일","여","60대이상","서울특별시","강남구","역삼동","중국집","15"
"20180121","일","여","40대","서울특별시","강남구","개포동","중국집","5"
"20180121","일","남","10대","서울특별시","강동구","성내동","중국집","5"
"20180121","일","남","20대","서울특별시","강동구","성내동","중국집","7"
"20180121","일","남","10대","서울특별시","강동구","명일동","중국집","5"
"20180121","일","남","20대","서울특별시","강동구","암사동","중국집","5"
"20180121","일","남","20대","서울특별시","강동구","천호동","중국집","5"
"20180121","일","남","30대","서울특별시","강동구","길동","중국집","112"
"20180121","일","남","30대","서울특별시","강동구","명일동","중국집","5"
"20180121","일","남","30대","서울특별시","강동구","상일동","중국집","5"
"20180121","일","남","30대","서울특별시","강동구","성내동","중국집","13"
"20180121","일","남","30대","서울특별시","강동구","암사동","중국집","5"
"20180121","일","남","40대","서울특별시","강동구","명일동","중국집","6"
"20180121","일","남","40대","서울특별시","강동구","상일동","중국집","5"
"20180121","일","남","40대","서울특별시","강동구","성내동","중국집","8"
"20180121","일","남","40대","서울특별시","강동구","암사동","중국집","5"
"20180121","일","남","10대","서울특별시","강동구","상일동","중국집","5"
"20180121","일","남","50대","서울특별시","강동구","길동","중국집","69"
"20180121","일","남","50대","서울특별시","강동구","명일동","중국집","5"
"20180121","일","남","50대","서울특별시","강동구","암사동","중국집","5"
"20180121","일","남","20대","서울특별시","강동구","길동","중국집","43"
"20180121","일","남","60대이상","서울특별시","강동구","길동","중국집","45"
"20180121","일","남","60대이상","서울특별시","강동구","암사동","중국집","5"
"20180121","일","남","60대이상","서울특별시","강동구","명일동","중국집","5"
"20180121","일","남","60대이상","서울특별시","강동구","천호동","중국집","5"
"20180121","일","여","10대","서울특별시","강동구","천호동","중국집","5"
"20180121","일","여","20대","서울특별시","강동구","길동","중국집","23"
"20180121","일","남","30대","서울특별시","강동구","둔촌동","중국집","5"
"20180121","일","남","10대","서울특별시","강동구","길동","중국집","11"
"20180121","일","여","20대","서울특별시","강동구","명일동","중국집","5"
"20180121","일","여","20대","서울특별시","강동구","성내동","중국집","5"
"20180121","일","여","20대","서울특별시","강동구","천호동","중국집","5"
"20180121","일","남","60대이상","서울특별시","강동구","성내동","중국집","5"
"20180121","일","여","30대","서울특별시","강동구","길동","중국집","70"
"20180121","일","여","30대","서울특별시","강동구","명일동","중국집","5"
"20180121","일","여","30대","서울특별시","강동구","상일동","중국집","5"
"20180121","일","여","30대","서울특별시","강동구","성내동","중국집","6"
"20180121","일","여","30대","서울특별시","강동구","암사동","중국집","5"
"20180121","일","여","40대","서울특별시","강동구","길동","중국집","113"
"20180121","일","여","40대","서울특별시","강동구","둔촌동","중국집","5"
"20180121","일","여","40대","서울특별시","강동구","상일동","중국집","5"
"20180121","일","여","40대","서울특별시","강동구","성내동","중국집","11"
"20180121","일","여","40대","서울특별시","강동구","암사동","중국집","5"
"20180121","일","여","40대","서울특별시","강동구","천호동","중국집","5"
"20180121","일","여","50대","서울특별시","강동구","길동","중국집","54"
"20180121","일","남","50대","서울특별시","강동구","성내동","중국집","5"
"20180121","일","여","40대","서울특별시","강동구","명일동","중국집","6"
"20180121","일","여","30대","서울특별시","강동구","천호동","중국집","5"
"20180121","일","여","50대","서울특별시","강동구","둔촌동","중국집","5"
"20180121","일","여","50대","서울특별시","강동구","성내동","중국집","5"
"20180121","일","남","10대","서울특별시","강동구","암사동","중국집","5"
"20180121","일","여","60대이상","서울특별시","강동구","길동","중국집","34"
"20180121","일","남","40대","서울특별시","강동구","길동","중국집","97"
"20180121","일","여","60대이상","서울특별시","강동구","명일동","중국집","5"
"20180121","일","여","60대이상","서울특별시","강동구","상일동","중국집","5"
"20180121","일","여","60대이상","서울특별시","강동구","성내동","중국집","6"
"20180121","일","남","40대","서울특별시","강동구","천호동","중국집","5"
"20180121","일","여","60대이상","서울특별시","강동구","암사동","중국집","5"
"20180121","일","남","20대","서울특별시","강동구","명일동","중국집","5"
"20180121","일","여","10대","서울특별시","강동구","길동","중국집","5"
"20180121","일","여","60대이상","서울특별시","강동구","천호동","중국집","5"
"20180121","일","남","10대","서울특별시","강북구","미아동","중국집","10"
"20180121","일","남","10대","서울특별시","강북구","번동","중국집","5"
"20180121","일","남","20대","서울특별시","강북구","미아동","중국집","38"
"20180121","일","남","20대","서울특별시","강북구","번동","중국집","12"
"20180121","일","남","20대","서울특별시","강북구","우이동","중국집","5"
"20180121","일","남","30대","서울특별시","강북구","번동","중국집","40"
"20180121","일","남","30대","서울특별시","강북구","우이동","중국집","5"
"20180121","일","남","40대","서울특별시","강북구","미아동","중국집","124"
"20180121","일","남","30대","서울특별시","강북구","미아동","중국집","106"
"20180121","일","남","50대","서울특별시","강북구","번동","중국집","21"
"20180121","일","남","60대이상","서울특별시","강북구","미아동","중국집","38"
"20180121","일","남","40대","서울특별시","강북구","번동","중국집","28"
"20180121","일","남","60대이상","서울특별시","강북구","번동","중국집","11"
"20180121","일","남","60대이상","서울특별시","강북구","우이동","중국집","5"
"20180121","일","여","10대","서울특별시","강북구","미아동","중국집","5"
"20180121","일","여","10대","서울특별시","강북구","번동","중국집","5"
"20180121","일","여","20대","서울특별시","강북구","미아동","중국집","30"
"20180121","일","남","50대","서울특별시","강북구","미아동","중국집","59"
"20180121","일","여","20대","서울특별시","강북구","번동","중국집","6"
"20180121","일","여","20대","서울특별시","강북구","우이동","중국집","5"
"20180121","일","여","30대","서울특별시","강북구","미아동","중국집","74"
"20180121","일","여","30대","서울특별시","강북구","수유동","중국집","5"
"20180121","일","여","30대","서울특별시","강북구","우이동","중국집","5"
"20180121","일","여","30대","서울특별시","강북구","번동","중국집","22"
"20180121","일","여","40대","서울특별시","강북구","미아동","중국집","133"
"20180121","일","여","40대","서울특별시","강북구","번동","중국집","25"
"20180121","일","여","40대","서울특별시","강북구","수유동","중국집","5"
"20180121","일","남","40대","서울특별시","강북구","우이동","중국집","5"
"20180121","일","여","40대","서울특별시","강북구","우이동","중국집","5"
"20180121","일","여","50대","서울특별시","강북구","미아동","중국집","81"
"20180121","일","여","50대","서울특별시","강북구","번동","중국집","17"
"20180121","일","여","50대","서울특별시","강북구","우이동","중국집","5"
"20180121","일","여","60대이상","서울특별시","강북구","미아동","중국집","38"
"20180121","일","여","60대이상","서울특별시","강북구","번동","중국집","10"
"20180121","일","남","10대","서울특별시","강서구","가양동","중국집","5"
"20180121","일","남","10대","서울특별시","강서구","등촌동","중국집","7"
"20180121","일","남","10대","서울특별시","강서구","화곡동","중국집","12"
"20180121","일","남","20대","서울특별시","강서구","등촌동","중국집","12"
"20180121","일","남","20대","서울특별시","강서구","화곡동","중국집","25"
"20180121","일","남","30대","서울특별시","강서구","가양동","중국집","66"
"20180121","일","남","30대","서울특별시","강서구","마곡동","중국집","6"
"20180121","일","남","30대","서울특별시","강서구","화곡동","중국집","70"
"20180121","일","남","40대","서울특별시","강서구","가양동","중국집","39"
"20180121","일","남","40대","서울특별시","강서구","마곡동","중국집","5"
"20180121","일","남","40대","서울특별시","강서구","외발산동","중국집","5"
"20180121","일","남","50대","서울특별시","강서구","가양동","중국집","28"
"20180121","일","남","50대","서울특별시","강서구","등촌동","중국집","8"
"20180121","일","남","50대","서울특별시","강서구","내발산동","중국집","50"
"20180121","일","남","50대","서울특별시","강서구","마곡동","중국집","5"
"20180121","일","남","60대이상","서울특별시","강서구","내발산동","중국집","21"
"20180121","일","남","40대","서울특별시","강서구","내발산동","중국집","67"
"20180121","일","남","60대이상","서울특별시","강서구","마곡동","중국집","5"
"20180121","일","남","10대","서울특별시","강서구","외발산동","중국집","5"
"20180121","일","남","60대이상","서울특별시","강서구","방화동","중국집","5"
"20180121","일","남","60대이상","서울특별시","강서구","화곡동","중국집","20"
"20180121","일","여","10대","서울특별시","강서구","내발산동","중국집","5"
"20180121","일","여","10대","서울특별시","강서구","방화동","중국집","5"
"20180121","일","여","10대","서울특별시","강서구","화곡동","중국집","5"
"20180121","일","여","20대","서울특별시","강서구","가양동","중국집","9"
"20180121","일","여","20대","서울특별시","강서구","내발산동","중국집","18"
"20180121","일","남","40대","서울특별시","강서구","등촌동","중국집","37"
"20180121","일","남","60대이상","서울특별시","강서구","등촌동","중국집","5"
"20180121","일","남","30대","서울특별시","강서구","방화동","중국집","5"
"20180121","일","여","20대","서울특별시","강서구","등촌동","중국집","11"
"20180121","일","여","20대","서울특별시","강서구","방화동","중국집","5"
"20180121","일","남","40대","서울특별시","강서구","방화동","중국집","5"
"20180121","일","여","20대","서울특별시","강서구","화곡동","중국집","30"
"20180121","일","남","20대","서울특별시","강서구","가양동","중국집","20"
"20180121","일","여","30대","서울특별시","강서구","가양동","중국집","26"
"20180121","일","여","30대","서울특별시","강서구","내발산동","중국집","63"
"20180121","일","남","50대","서울특별시","강서구","화곡동","중국집","61"
"20180121","일","여","30대","서울특별시","강서구","마곡동","중국집","5"
"20180121","일","여","30대","서울특별시","강서구","외발산동","중국집","5"
"20180121","일","여","10대","서울특별시","강서구","등촌동","중국집","5"
"20180121","일","여","30대","서울특별시","강서구","방화동","중국집","5"
"20180121","일","여","30대","서울특별시","강서구","화곡동","중국집","57"
"20180121","일","여","20대","서울특별시","강서구","외발산동","중국집","5"
"20180121","일","여","40대","서울특별시","강서구","가양동","중국집","49"
"20180121","일","남","20대","서울특별시","강서구","방화동","중국집","5"
"20180121","일","여","40대","서울특별시","강서구","내발산동","중국집","104"
"20180121","일","남","20대","서울특별시","강서구","내발산동","중국집","49"
"20180121","일","여","40대","서울특별시","강서구","등촌동","중국집","54"
"20180121","일","여","30대","서울특별시","강서구","등촌동","중국집","26"
"20180121","일","여","40대","서울특별시","강서구","마곡동","중국집","5"
"20180121","일","여","40대","서울특별시","강서구","화곡동","중국집","127"
"20180121","일","남","30대","서울특별시","강서구","등촌동","중국집","42"
"20180121","일","남","30대","서울특별시","강서구","내발산동","중국집","69"
"20180121","일","여","50대","서울특별시","강서구","가양동","중국집","17"
"20180121","일","여","50대","서울특별시","강서구","내발산동","중국집","44"
"20180121","일","여","50대","서울특별시","강서구","화곡동","중국집","41"
"20180121","일","여","60대이상","서울특별시","강서구","가양동","중국집","15"
"20180121","일","여","10대","서울특별시","강서구","가양동","중국집","5"
"20180121","일","여","60대이상","서울특별시","강서구","내발산동","중국집","18"
"20180121","일","여","60대이상","서울특별시","강서구","마곡동","중국집","5"
"20180121","일","남","60대이상","서울특별시","강서구","가양동","중국집","15"
"20180121","일","남","40대","서울특별시","강서구","화곡동","중국집","65"
"20180121","일","여","50대","서울특별시","강서구","등촌동","중국집","12"
"20180121","일","여","60대이상","서울특별시","강서구","방화동","중국집","5"
"20180121","일","남","30대","서울특별시","강서구","외발산동","중국집","5"
"20180121","일","남","50대","서울특별시","강서구","방화동","중국집","5"
"20180121","일","남","10대","서울특별시","강서구","내발산동","중국집","13"
"20180121","일","여","60대이상","서울특별시","강서구","화곡동","중국집","34"
"20180121","일","여","60대이상","서울특별시","강서구","등촌동","중국집","17"
"20180121","일","여","50대","서울특별시","강서구","방화동","중국집","5"
"20180121","일","여","40대","서울특별시","강서구","방화동","중국집","5"
"20180121","일","남","10대","서울특별시","관악구","봉천동","중국집","5"
"20180121","일","남","10대","서울특별시","관악구","신림동","중국집","5"
"20180121","일","남","20대","서울특별시","관악구","신림동","중국집","22"
"20180121","일","남","30대","서울특별시","관악구","봉천동","중국집","12"
"20180121","일","남","30대","서울특별시","관악구","신림동","중국집","21"
"20180121","일","남","50대","서울특별시","관악구","봉천동","중국집","6"
"20180121","일","남","50대","서울특별시","관악구","신림동","중국집","5"
"20180121","일","남","60대이상","서울특별시","관악구","봉천동","중국집","8"
"20180121","일","남","60대이상","서울특별시","관악구","신림동","중국집","5"
"20180121","일","남","40대","서울특별시","관악구","신림동","중국집","5"
"20180121","일","여","10대","서울특별시","관악구","봉천동","중국집","5"
"20180121","일","여","10대","서울특별시","관악구","신림동","중국집","5"
"20180121","일","여","20대","서울특별시","관악구","봉천동","중국집","5"
"20180121","일","여","20대","서울특별시","관악구","신림동","중국집","19"
"20180121","일","남","20대","서울특별시","관악구","봉천동","중국집","7"
"20180121","일","여","30대","서울특별시","관악구","봉천동","중국집","16"
"20180121","일","남","40대","서울특별시","관악구","봉천동","중국집","12"
"20180121","일","여","30대","서울특별시","관악구","신림동","중국집","16"
"20180121","일","여","40대","서울특별시","관악구","봉천동","중국집","18"
"20180121","일","여","40대","서울특별시","관악구","신림동","중국집","7"
"20180121","일","여","50대","서울특별시","관악구","봉천동","중국집","5"
"20180121","일","여","50대","서울특별시","관악구","신림동","중국집","6"
"20180121","일","여","60대이상","서울특별시","관악구","봉천동","중국집","7"
"20180121","일","여","60대이상","서울특별시","관악구","신림동","중국집","5"
"20180121","일","남","10대","서울특별시","광진구","자양동","중국집","5"
"20180121","일","남","20대","서울특별시","광진구","광장동","중국집","5"
"20180121","일","남","20대","서울특별시","광진구","자양동","중국집","15"
"20180121","일","남","20대","서울특별시","광진구","화양동","중국집","5"
"20180121","일","남","30대","서울특별시","광진구","광장동","중국집","5"
"20180121","일","남","30대","서울특별시","광진구","자양동","중국집","14"
"20180121","일","남","30대","서울특별시","광진구","중곡동","중국집","5"
"20180121","일","남","40대","서울특별시","광진구","광장동","중국집","5"
"20180121","일","남","40대","서울특별시","광진구","능동","중국집","5"
"20180121","일","남","40대","서울특별시","광진구","자양동","중국집","7"
"20180121","일","남","50대","서울특별시","광진구","자양동","중국집","5"
"20180121","일","남","60대이상","서울특별시","광진구","광장동","중국집","5"
"20180121","일","남","60대이상","서울특별시","광진구","중곡동","중국집","5"
"20180121","일","여","20대","서울특별시","광진구","광장동","중국집","5"
"20180121","일","여","20대","서울특별시","광진구","자양동","중국집","9"
"20180121","일","여","20대","서울특별시","광진구","중곡동","중국집","5"
"20180121","일","남","40대","서울특별시","광진구","화양동","중국집","5"
"20180121","일","여","30대","서울특별시","광진구","광장동","중국집","5"
"20180121","일","남","10대","서울특별시","광진구","능동","중국집","5"
"20180121","일","여","30대","서울특별시","광진구","능동","중국집","5"
"20180121","일","여","30대","서울특별시","광진구","자양동","중국집","5"
"20180121","일","여","40대","서울특별시","광진구","자양동","중국집","12"
"20180121","일","여","40대","서울특별시","광진구","광장동","중국집","5"
"20180121","일","여","40대","서울특별시","광진구","중곡동","중국집","5"
"20180121","일","남","60대이상","서울특별시","광진구","자양동","중국집","5"
"20180121","일","여","40대","서울특별시","광진구","화양동","중국집","5"
"20180121","일","여","50대","서울특별시","광진구","광장동","중국집","5"
"20180121","일","여","50대","서울특별시","광진구","구의동","중국집","5"
"20180121","일","남","30대","서울특별시","광진구","화양동","중국집","5"
"20180121","일","여","50대","서울특별시","광진구","능동","중국집","5"
"20180121","일","여","50대","서울특별시","광진구","자양동","중국집","6"
"20180121","일","남","20대","서울특별시","구로구","개봉동","중국집","22"
"20180121","일","남","20대","서울특별시","구로구","신도림동","중국집","5"
"20180121","일","남","30대","서울특별시","구로구","구로동","중국집","5"
"20180121","일","남","30대","서울특별시","구로구","신도림동","중국집","5"
"20180121","일","남","40대","서울특별시","구로구","개봉동","중국집","51"
"20180121","일","남","40대","서울특별시","구로구","구로동","중국집","5"
"20180121","일","남","50대","서울특별시","구로구","구로동","중국집","5"
"20180121","일","남","50대","서울특별시","구로구","궁동","중국집","5"
"20180121","일","남","10대","서울특별시","구로구","궁동","중국집","5"
"20180121","일","남","60대이상","서울특별시","구로구","개봉동","중국집","20"
"20180121","일","여","10대","서울특별시","구로구","개봉동","중국집","5"
"20180121","일","여","20대","서울특별시","구로구","개봉동","중국집","18"
"20180121","일","남","10대","서울특별시","구로구","구로동","중국집","5"
"20180121","일","여","20대","서울특별시","구로구","구로동","중국집","5"
"20180121","일","남","60대이상","서울특별시","구로구","구로동","중국집","5"
"20180121","일","여","30대","서울특별시","구로구","개봉동","중국집","39"
"20180121","일","남","60대이상","서울특별시","구로구","궁동","중국집","5"
"20180121","일","여","30대","서울특별시","구로구","구로동","중국집","5"
"20180121","일","여","30대","서울특별시","구로구","궁동","중국집","5"
"20180121","일","남","50대","서울특별시","구로구","개봉동","중국집","55"
"20180121","일","남","10대","서울특별시","구로구","개봉동","중국집","7"
"20180121","일","여","40대","서울특별시","구로구","구로동","중국집","5"
"20180121","일","남","30대","서울특별시","구로구","개봉동","중국집","61"
"20180121","일","여","40대","서울특별시","구로구","궁동","중국집","6"
"20180121","일","여","50대","서울특별시","구로구","개봉동","중국집","34"
"20180121","일","여","50대","서울특별시","구로구","구로동","중국집","5"
"20180121","일","여","50대","서울특별시","구로구","궁동","중국집","5"
"20180121","일","여","50대","서울특별시","구로구","신도림동","중국집","5"
"20180121","일","여","60대이상","서울특별시","구로구","개봉동","중국집","20"
"20180121","일","여","60대이상","서울특별시","구로구","구로동","중국집","5"
"20180121","일","여","60대이상","서울특별시","구로구","궁동","중국집","5"
"20180121","일","남","40대","서울특별시","구로구","궁동","중국집","5"
"20180121","일","여","40대","서울특별시","구로구","개봉동","중국집","71"
"20180121","일","남","10대","서울특별시","금천구","가산동","중국집","5"
"20180121","일","남","30대","서울특별시","금천구","가산동","중국집","21"
"20180121","일","남","30대","서울특별시","금천구","시흥동","중국집","7"
"20180121","일","남","40대","서울특별시","금천구","가산동","중국집","22"
"20180121","일","남","40대","서울특별시","금천구","시흥동","중국집","5"
"20180121","일","남","50대","서울특별시","금천구","가산동","중국집","18"
"20180121","일","남","50대","서울특별시","금천구","독산동","중국집","5"
"20180121","일","남","50대","서울특별시","금천구","시흥동","중국집","5"
"20180121","일","남","60대이상","서울특별시","금천구","독산동","중국집","6"
"20180121","일","남","20대","서울특별시","금천구","독산동","중국집","5"
"20180121","일","여","10대","서울특별시","금천구","가산동","중국집","5"
"20180121","일","여","20대","서울특별시","금천구","가산동","중국집","7"
"20180121","일","여","20대","서울특별시","금천구","독산동","중국집","5"
"20180121","일","여","20대","서울특별시","금천구","시흥동","중국집","5"
"20180121","일","남","60대이상","서울특별시","금천구","가산동","중국집","8"
"20180121","일","여","30대","서울특별시","금천구","가산동","중국집","19"
"20180121","일","여","30대","서울특별시","금천구","독산동","중국집","5"
"20180121","일","여","30대","서울특별시","금천구","시흥동","중국집","5"
"20180121","일","여","40대","서울특별시","금천구","가산동","중국집","14"
"20180121","일","여","40대","서울특별시","금천구","독산동","중국집","5"
"20180121","일","여","40대","서울특별시","금천구","시흥동","중국집","12"
"20180121","일","여","50대","서울특별시","금천구","가산동","중국집","5"
"20180121","일","남","20대","서울특별시","금천구","가산동","중국집","8"
"20180121","일","남","20대","서울특별시","금천구","시흥동","중국집","5"
"20180121","일","여","50대","서울특별시","금천구","시흥동","중국집","5"
"20180121","일","남","60대이상","서울특별시","금천구","시흥동","중국집","5"
"20180121","일","여","60대이상","서울특별시","금천구","가산동","중국집","5"
"20180121","일","여","60대이상","서울특별시","금천구","독산동","중국집","5"
"20180121","일","남","40대","서울특별시","금천구","독산동","중국집","5"
"20180121","일","여","60대이상","서울특별시","금천구","시흥동","중국집","7"
"20180121","일","남","10대","서울특별시","금천구","시흥동","중국집","5"
"20180121","일","남","10대","서울특별시","노원구","상계동","중국집","12"
"20180121","일","남","10대","서울특별시","노원구","월계동","중국집","5"
"20180121","일","남","20대","서울특별시","노원구","월계동","중국집","5"
"20180121","일","남","30대","서울특별시","노원구","상계동","중국집","66"
"20180121","일","남","40대","서울특별시","노원구","월계동","중국집","7"
"20180121","일","남","20대","서울특별시","노원구","상계동","중국집","29"
"20180121","일","남","40대","서울특별시","노원구","중계동","중국집","5"
"20180121","일","남","50대","서울특별시","노원구","상계동","중국집","48"
"20180121","일","남","50대","서울특별시","노원구","월계동","중국집","5"
"20180121","일","남","20대","서울특별시","노원구","공릉동","중국집","5"
"20180121","일","남","50대","서울특별시","노원구","중계동","중국집","5"
"20180121","일","남","60대이상","서울특별시","노원구","공릉동","중국집","5"
"20180121","일","남","30대","서울특별시","노원구","월계동","중국집","5"
"20180121","일","남","60대이상","서울특별시","노원구","상계동","중국집","39"
"20180121","일","여","10대","서울특별시","노원구","공릉동","중국집","5"
"20180121","일","여","10대","서울특별시","노원구","상계동","중국집","5"
"20180121","일","여","20대","서울특별시","노원구","공릉동","중국집","5"
"20180121","일","여","20대","서울특별시","노원구","중계동","중국집","5"
"20180121","일","여","30대","서울특별시","노원구","공릉동","중국집","5"
"20180121","일","여","30대","서울특별시","노원구","상계동","중국집","68"
"20180121","일","여","40대","서울특별시","노원구","상계동","중국집","128"
"20180121","일","여","40대","서울특별시","노원구","월계동","중국집","5"
"20180121","일","여","30대","서울특별시","노원구","월계동","중국집","5"
"20180121","일","여","40대","서울특별시","노원구","중계동","중국집","11"
"20180121","일","여","50대","서울특별시","노원구","공릉동","중국집","5"
"20180121","일","남","40대","서울특별시","노원구","공릉동","중국집","5"
"20180121","일","여","50대","서울특별시","노원구","상계동","중국집","63"
"20180121","일","남","40대","서울특별시","노원구","상계동","중국집","99"
"20180121","일","여","40대","서울특별시","노원구","공릉동","중국집","6"
"20180121","일","남","30대","서울특별시","노원구","중계동","중국집","5"
"20180121","일","여","50대","서울특별시","노원구","월계동","중국집","5"
"20180121","일","여","50대","서울특별시","노원구","중계동","중국집","5"
"20180121","일","남","30대","서울특별시","노원구","공릉동","중국집","5"
"20180121","일","여","60대이상","서울특별시","노원구","공릉동","중국집","5"
"20180121","일","여","60대이상","서울특별시","노원구","상계동","중국집","23"
"20180121","일","여","60대이상","서울특별시","노원구","월계동","중국집","5"
"20180121","일","여","20대","서울특별시","노원구","상계동","중국집","10"
"20180121","일","여","60대이상","서울특별시","노원구","중계동","중국집","5"
"20180121","일","여","30대","서울특별시","노원구","중계동","중국집","5"
"20180121","일","남","10대","서울특별시","도봉구","쌍문동","중국집","5"
"20180121","일","남","30대","서울특별시","도봉구","방학동","중국집","5"
"20180121","일","남","30대","서울특별시","도봉구","쌍문동","중국집","5"
"20180121","일","남","40대","서울특별시","도봉구","방학동","중국집","5"
"20180121","일","남","40대","서울특별시","도봉구","쌍문동","중국집","5"
"20180121","일","남","50대","서울특별시","도봉구","방학동","중국집","5"
"20180121","일","남","60대이상","서울특별시","도봉구","방학동","중국집","5"
"20180121","일","남","60대이상","서울특별시","도봉구","쌍문동","중국집","5"
"20180121","일","남","30대","서울특별시","도봉구","도봉동","중국집","5"
"20180121","일","여","10대","서울특별시","도봉구","방학동","중국집","5"
"20180121","일","여","10대","서울특별시","도봉구","쌍문동","중국집","5"
"20180121","일","여","20대","서울특별시","도봉구","방학동","중국집","5"
"20180121","일","남","20대","서울특별시","도봉구","쌍문동","중국집","5"
"20180121","일","여","20대","서울특별시","도봉구","쌍문동","중국집","5"
"20180121","일","여","30대","서울특별시","도봉구","쌍문동","중국집","5"
"20180121","일","여","40대","서울특별시","도봉구","방학동","중국집","5"
"20180121","일","여","40대","서울특별시","도봉구","도봉동","중국집","5"
"20180121","일","여","40대","서울특별시","도봉구","쌍문동","중국집","6"
"20180121","일","남","50대","서울특별시","도봉구","쌍문동","중국집","5"
"20180121","일","여","50대","서울특별시","도봉구","방학동","중국집","5"
"20180121","일","여","50대","서울특별시","도봉구","쌍문동","중국집","5"
"20180121","일","여","30대","서울특별시","도봉구","도봉동","중국집","5"
"20180121","일","여","30대","서울특별시","도봉구","방학동","중국집","5"
"20180121","일","여","60대이상","서울특별시","도봉구","쌍문동","중국집","5"
"20180121","일","남","10대","서울특별시","동대문구","장안동","중국집","9"
"20180121","일","남","10대","서울특별시","동대문구","제기동","중국집","7"
"20180121","일","남","20대","서울특별시","동대문구","장안동","중국집","29"
"20180121","일","남","30대","서울특별시","동대문구","장안동","중국집","78"
"20180121","일","남","30대","서울특별시","동대문구","전농동","중국집","5"
"20180121","일","남","30대","서울특별시","동대문구","제기동","중국집","41"
"20180121","일","남","40대","서울특별시","동대문구","제기동","중국집","63"
"20180121","일","남","40대","서울특별시","동대문구","휘경동","중국집","5"
"20180121","일","남","20대","서울특별시","동대문구","답십리동","중국집","5"
"20180121","일","남","50대","서울특별시","동대문구","전농동","중국집","5"
"20180121","일","남","60대이상","서울특별시","동대문구","전농동","중국집","5"
"20180121","일","남","60대이상","서울특별시","동대문구","제기동","중국집","31"
"20180121","일","여","10대","서울특별시","동대문구","전농동","중국집","5"
"20180121","일","여","10대","서울특별시","동대문구","제기동","중국집","6"
"20180121","일","여","20대","서울특별시","동대문구","답십리동","중국집","5"
"20180121","일","남","30대","서울특별시","동대문구","답십리동","중국집","6"
"20180121","일","여","20대","서울특별시","동대문구","장안동","중국집","11"
"20180121","일","여","20대","서울특별시","동대문구","전농동","중국집","5"
"20180121","일","여","30대","서울특별시","동대문구","장안동","중국집","57"
"20180121","일","남","50대","서울특별시","동대문구","제기동","중국집","41"
"20180121","일","여","30대","서울특별시","동대문구","전농동","중국집","8"
"20180121","일","여","20대","서울특별시","동대문구","제기동","중국집","23"
"20180121","일","남","20대","서울특별시","동대문구","전농동","중국집","8"
"20180121","일","여","30대","서울특별시","동대문구","제기동","중국집","32"
"20180121","일","여","40대","서울특별시","동대문구","답십리동","중국집","5"
"20180121","일","여","40대","서울특별시","동대문구","전농동","중국집","5"
"20180121","일","남","40대","서울특별시","동대문구","전농동","중국집","5"
"20180121","일","여","40대","서울특별시","동대문구","제기동","중국집","44"
"20180121","일","여","50대","서울특별시","동대문구","답십리동","중국집","5"
"20180121","일","여","50대","서울특별시","동대문구","장안동","중국집","41"
"20180121","일","남","40대","서울특별시","동대문구","답십리동","중국집","5"
"20180121","일","여","50대","서울특별시","동대문구","전농동","중국집","5"
"20180121","일","여","40대","서울특별시","동대문구","장안동","중국집","77"
"20180121","일","남","60대이상","서울특별시","동대문구","장안동","중국집","19"
"20180121","일","여","50대","서울특별시","동대문구","제기동","중국집","32"
"20180121","일","여","50대","서울특별시","동대문구","휘경동","중국집","5"
"20180121","일","남","40대","서울특별시","동대문구","장안동","중국집","56"
"20180121","일","남","50대","서울특별시","동대문구","답십리동","중국집","5"
"20180121","일","남","50대","서울특별시","동대문구","장안동","중국집","32"
"20180121","일","남","60대이상","서울특별시","동대문구","답십리동","중국집","5"
"20180121","일","여","60대이상","서울특별시","동대문구","답십리동","중국집","6"
"20180121","일","여","60대이상","서울특별시","동대문구","장안동","중국집","18"
"20180121","일","여","30대","서울특별시","동대문구","답십리동","중국집","5"
"20180121","일","남","20대","서울특별시","동대문구","제기동","중국집","39"
"20180121","일","여","10대","서울특별시","동대문구","장안동","중국집","5"
"20180121","일","여","60대이상","서울특별시","동대문구","전농동","중국집","5"
"20180121","일","여","60대이상","서울특별시","동대문구","제기동","중국집","14"
"20180121","일","남","10대","서울특별시","동작구","본동","중국집","5"
"20180121","일","남","10대","서울특별시","동작구","사당동","중국집","5"
"20180121","일","남","10대","서울특별시","동작구","상도동","중국집","5"
"20180121","일","남","20대","서울특별시","동작구","사당동","중국집","5"
"20180121","일","남","30대","서울특별시","동작구","본동","중국집","5"
"20180121","일","남","30대","서울특별시","동작구","사당동","중국집","5"
"20180121","일","남","20대","서울특별시","동작구","본동","중국집","6"
"20180121","일","남","30대","서울특별시","동작구","흑석동","중국집","5"
"20180121","일","남","40대","서울특별시","동작구","노량진동","중국집","5"
"20180121","일","남","40대","서울특별시","동작구","사당동","중국집","5"
"20180121","일","남","40대","서울특별시","동작구","흑석동","중국집","5"
"20180121","일","남","20대","서울특별시","동작구","신대방동","중국집","99"
"20180121","일","남","50대","서울특별시","동작구","노량진동","중국집","6"
"20180121","일","남","50대","서울특별시","동작구","대방동","중국집","5"
"20180121","일","남","60대이상","서울특별시","동작구","대방동","중국집","5"
"20180121","일","남","60대이상","서울특별시","동작구","신대방동","중국집","50"
"20180121","일","남","50대","서울특별시","동작구","신대방동","중국집","93"
"20180121","일","여","10대","서울특별시","동작구","노량진동","중국집","5"
"20180121","일","남","40대","서울특별시","동작구","신대방동","중국집","156"
"20180121","일","남","10대","서울특별시","동작구","신대방동","중국집","16"
"20180121","일","여","20대","서울특별시","동작구","노량진동","중국집","5"
"20180121","일","여","20대","서울특별시","동작구","본동","중국집","5"
"20180121","일","여","20대","서울특별시","동작구","사당동","중국집","5"
"20180121","일","여","20대","서울특별시","동작구","신대방동","중국집","46"
"20180121","일","남","20대","서울특별시","동작구","상도동","중국집","11"
"20180121","일","여","30대","서울특별시","동작구","본동","중국집","5"
"20180121","일","남","30대","서울특별시","동작구","상도동","중국집","12"
"20180121","일","여","30대","서울특별시","동작구","상도동","중국집","10"
"20180121","일","여","40대","서울특별시","동작구","사당동","중국집","5"
"20180121","일","여","40대","서울특별시","동작구","상도동","중국집","9"
"20180121","일","여","30대","서울특별시","동작구","노량진동","중국집","5"
"20180121","일","남","50대","서울특별시","동작구","본동","중국집","5"
"20180121","일","여","40대","서울특별시","동작구","흑석동","중국집","5"
"20180121","일","여","10대","서울특별시","동작구","신대방동","중국집","9"
"20180121","일","여","50대","서울특별시","동작구","본동","중국집","5"
"20180121","일","여","30대","서울특별시","동작구","사당동","중국집","5"
"20180121","일","여","40대","서울특별시","동작구","노량진동","중국집","5"
"20180121","일","여","50대","서울특별시","동작구","상도동","중국집","5"
"20180121","일","남","60대이상","서울특별시","동작구","본동","중국집","5"
"20180121","일","여","50대","서울특별시","동작구","신대방동","중국집","91"
"20180121","일","여","40대","서울특별시","동작구","신대방동","중국집","154"
"20180121","일","여","60대이상","서울특별시","동작구","노량진동","중국집","5"
"20180121","일","남","30대","서울특별시","동작구","신대방동","중국집","190"
"20180121","일","여","50대","서울특별시","동작구","사당동","중국집","5"
"20180121","일","여","60대이상","서울특별시","동작구","본동","중국집","5"
"20180121","일","여","60대이상","서울특별시","동작구","사당동","중국집","5"
"20180121","일","여","30대","서울특별시","동작구","신대방동","중국집","150"
"20180121","일","여","60대이상","서울특별시","동작구","상도동","중국집","5"
"20180121","일","여","40대","서울특별시","동작구","본동","중국집","5"
"20180121","일","남","50대","서울특별시","동작구","사당동","중국집","5"
"20180121","일","여","60대이상","서울특별시","동작구","신대방동","중국집","58"
"20180121","일","남","60대이상","서울특별시","동작구","사당동","중국집","5"
"20180121","일","여","20대","서울특별시","동작구","상도동","중국집","5"
"20180121","일","여","60대이상","서울특별시","동작구","흑석동","중국집","5"
"20180121","일","남","10대","서울특별시","마포구","대흥동","중국집","5"
"20180121","일","남","20대","서울특별시","마포구","마포동","중국집","5"
"20180121","일","남","20대","서울특별시","마포구","신수동","중국집","5"
"20180121","일","남","20대","서울특별시","마포구","아현동","중국집","5"
"20180121","일","남","30대","서울특별시","마포구","대흥동","중국집","5"
"20180121","일","남","30대","서울특별시","마포구","상암동","중국집","18"
"20180121","일","남","30대","서울특별시","마포구","신수동","중국집","5"
"20180121","일","남","30대","서울특별시","마포구","창전동","중국집","5"
"20180121","일","남","40대","서울특별시","마포구","마포동","중국집","5"
"20180121","일","남","40대","서울특별시","마포구","신공덕동","중국집","5"
"20180121","일","남","40대","서울특별시","마포구","창전동","중국집","5"
"20180121","일","남","10대","서울특별시","마포구","마포동","중국집","5"
"20180121","일","남","40대","서울특별시","마포구","합정동","중국집","18"
"20180121","일","남","50대","서울특별시","마포구","공덕동","중국집","5"
"20180121","일","남","50대","서울특별시","마포구","대흥동","중국집","5"
"20180121","일","남","50대","서울특별시","마포구","망원동","중국집","5"
"20180121","일","남","20대","서울특별시","마포구","염리동","중국집","6"
"20180121","일","남","50대","서울특별시","마포구","상암동","중국집","22"
"20180121","일","남","50대","서울특별시","마포구","신공덕동","중국집","5"
"20180121","일","남","30대","서울특별시","마포구","신공덕동","중국집","5"
"20180121","일","남","50대","서울특별시","마포구","합정동","중국집","5"
"20180121","일","남","60대이상","서울특별시","마포구","합정동","중국집","5"
"20180121","일","여","10대","서울특별시","마포구","서교동","중국집","5"
"20180121","일","남","20대","서울특별시","마포구","상수동","중국집","5"
"20180121","일","여","10대","서울특별시","마포구","합정동","중국집","5"
"20180121","일","남","40대","서울특별시","마포구","염리동","중국집","5"
"20180121","일","여","20대","서울특별시","마포구","대흥동","중국집","5"
"20180121","일","여","20대","서울특별시","마포구","마포동","중국집","5"
"20180121","일","남","10대","서울특별시","마포구","상암동","중국집","10"
"20180121","일","남","60대이상","서울특별시","마포구","신공덕동","중국집","5"
"20180121","일","여","20대","서울특별시","마포구","망원동","중국집","5"
"20180121","일","여","20대","서울특별시","마포구","상암동","중국집","7"
"20180121","일","여","20대","서울특별시","마포구","신수동","중국집","5"
"20180121","일","남","60대이상","서울특별시","마포구","상암동","중국집","7"
"20180121","일","여","20대","서울특별시","마포구","염리동","중국집","5"
"20180121","일","여","20대","서울특별시","마포구","합정동","중국집","5"
"20180121","일","남","50대","서울특별시","마포구","염리동","중국집","5"
"20180121","일","여","30대","서울특별시","마포구","공덕동","중국집","5"
"20180121","일","여","30대","서울특별시","마포구","마포동","중국집","5"
"20180121","일","남","30대","서울특별시","마포구","아현동","중국집","5"
"20180121","일","여","30대","서울특별시","마포구","염리동","중국집","5"
"20180121","일","여","40대","서울특별시","마포구","대흥동","중국집","5"
"20180121","일","남","50대","서울특별시","마포구","마포동","중국집","5"
"20180121","일","여","40대","서울특별시","마포구","마포동","중국집","5"
"20180121","일","남","40대","서울특별시","마포구","아현동","중국집","5"
"20180121","일","여","40대","서울특별시","마포구","망원동","중국집","5"
"20180121","일","여","40대","서울특별시","마포구","상암동","중국집","55"
"20180121","일","여","30대","서울특별시","마포구","신공덕동","중국집","5"
"20180121","일","남","20대","서울특별시","마포구","신공덕동","중국집","5"
"20180121","일","여","30대","서울특별시","마포구","합정동","중국집","14"
"20180121","일","여","40대","서울특별시","마포구","신공덕동","중국집","5"
"20180121","일","여","30대","서울특별시","마포구","상암동","중국집","27"
"20180121","일","여","10대","서울특별시","마포구","대흥동","중국집","5"
"20180121","일","여","40대","서울특별시","마포구","신수동","중국집","5"
"20180121","일","여","20대","서울특별시","마포구","공덕동","중국집","5"
"20180121","일","남","20대","서울특별시","마포구","합정동","중국집","14"
"20180121","일","여","50대","서울특별시","마포구","망원동","중국집","5"
"20180121","일","여","50대","서울특별시","마포구","상암동","중국집","31"
"20180121","일","여","50대","서울특별시","마포구","신수동","중국집","5"
"20180121","일","여","30대","서울특별시","마포구","대흥동","중국집","5"
"20180121","일","남","20대","서울특별시","마포구","상암동","중국집","5"
"20180121","일","남","60대이상","서울특별시","마포구","창전동","중국집","5"
"20180121","일","여","50대","서울특별시","마포구","아현동","중국집","5"
"20180121","일","여","50대","서울특별시","마포구","창전동","중국집","5"
"20180121","일","여","50대","서울특별시","마포구","합정동","중국집","9"
"20180121","일","여","50대","서울특별시","마포구","염리동","중국집","5"
"20180121","일","남","40대","서울특별시","마포구","상암동","중국집","37"
"20180121","일","여","60대이상","서울특별시","마포구","대흥동","중국집","5"
"20180121","일","여","30대","서울특별시","마포구","창전동","중국집","5"
"20180121","일","여","60대이상","서울특별시","마포구","망원동","중국집","5"
"20180121","일","여","20대","서울특별시","마포구","신공덕동","중국집","5"
"20180121","일","여","50대","서울특별시","마포구","서교동","중국집","5"
"20180121","일","여","60대이상","서울특별시","마포구","신공덕동","중국집","5"
"20180121","일","남","30대","서울특별시","마포구","염리동","중국집","5"
"20180121","일","여","60대이상","서울특별시","마포구","상암동","중국집","13"
"20180121","일","남","30대","서울특별시","마포구","마포동","중국집","5"
"20180121","일","남","30대","서울특별시","마포구","합정동","중국집","17"
"20180121","일","여","50대","서울특별시","마포구","대흥동","중국집","5"
"20180121","일","여","60대이상","서울특별시","마포구","아현동","중국집","5"
"20180121","일","여","10대","서울특별시","마포구","상암동","중국집","5"
"20180121","일","여","40대","서울특별시","마포구","합정동","중국집","14"
"20180121","일","여","60대이상","서울특별시","마포구","합정동","중국집","5"
"20180121","일","남","10대","서울특별시","서대문구","남가좌동","중국집","5"
"20180121","일","남","20대","서울특별시","서대문구","남가좌동","중국집","5"
"20180121","일","남","20대","서울특별시","서대문구","홍은동","중국집","5"
"20180121","일","남","20대","서울특별시","서대문구","홍제동","중국집","18"
"20180121","일","남","30대","서울특별시","서대문구","북가좌동","중국집","5"
"20180121","일","남","30대","서울특별시","서대문구","북아현동","중국집","5"
"20180121","일","남","30대","서울특별시","서대문구","연희동","중국집","81"
"20180121","일","남","30대","서울특별시","서대문구","창천동","중국집","49"
"20180121","일","남","10대","서울특별시","서대문구","홍제동","중국집","5"
"20180121","일","남","20대","서울특별시","서대문구","북가좌동","중국집","5"
"20180121","일","남","30대","서울특별시","서대문구","충정로3가","중국집","5"
"20180121","일","남","30대","서울특별시","서대문구","홍은동","중국집","5"
"20180121","일","남","30대","서울특별시","서대문구","홍제동","중국집","42"
"20180121","일","남","40대","서울특별시","서대문구","북가좌동","중국집","5"
"20180121","일","남","40대","서울특별시","서대문구","연희동","중국집","74"
"20180121","일","남","40대","서울특별시","서대문구","충정로3가","중국집","5"
"20180121","일","남","50대","서울특별시","서대문구","연희동","중국집","33"
"20180121","일","남","50대","서울특별시","서대문구","창천동","중국집","21"
"20180121","일","남","50대","서울특별시","서대문구","충정로3가","중국집","5"
"20180121","일","남","50대","서울특별시","서대문구","홍제동","중국집","27"
"20180121","일","남","60대이상","서울특별시","서대문구","북가좌동","중국집","5"
"20180121","일","남","60대이상","서울특별시","서대문구","연희동","중국집","24"
"20180121","일","남","40대","서울특별시","서대문구","홍은동","중국집","5"
"20180121","일","남","60대이상","서울특별시","서대문구","충정로3가","중국집","5"
"20180121","일","남","60대이상","서울특별시","서대문구","홍제동","중국집","7"
"20180121","일","여","10대","서울특별시","서대문구","연희동","중국집","5"
"20180121","일","여","10대","서울특별시","서대문구","창천동","중국집","5"
"20180121","일","여","10대","서울특별시","서대문구","홍은동","중국집","5"
"20180121","일","남","10대","서울특별시","서대문구","홍은동","중국집","5"
"20180121","일","여","20대","서울특별시","서대문구","충정로3가","중국집","5"
"20180121","일","남","20대","서울특별시","서대문구","창천동","중국집","19"
"20180121","일","여","20대","서울특별시","서대문구","홍제동","중국집","12"
"20180121","일","여","30대","서울특별시","서대문구","북가좌동","중국집","5"
"20180121","일","남","10대","서울특별시","서대문구","창천동","중국집","7"
"20180121","일","여","20대","서울특별시","서대문구","북아현동","중국집","5"
"20180121","일","여","30대","서울특별시","서대문구","창천동","중국집","37"
"20180121","일","여","30대","서울특별시","서대문구","충정로3가","중국집","5"
"20180121","일","여","30대","서울특별시","서대문구","홍제동","중국집","33"
"20180121","일","남","50대","서울특별시","서대문구","홍은동","중국집","5"
"20180121","일","여","40대","서울특별시","서대문구","북아현동","중국집","5"
"20180121","일","여","40대","서울특별시","서대문구","창천동","중국집","38"
"20180121","일","남","60대이상","서울특별시","서대문구","창천동","중국집","12"
"20180121","일","남","20대","서울특별시","서대문구","연희동","중국집","51"
"20180121","일","남","40대","서울특별시","서대문구","창천동","중국집","41"
"20180121","일","여","40대","서울특별시","서대문구","충정로3가","중국집","5"
"20180121","일","여","40대","서울특별시","서대문구","홍은동","중국집","5"
"20180121","일","여","40대","서울특별시","서대문구","연희동","중국집","57"
"20180121","일","여","40대","서울특별시","서대문구","홍제동","중국집","44"
"20180121","일","여","30대","서울특별시","서대문구","연희동","중국집","44"
"20180121","일","여","50대","서울특별시","서대문구","남가좌동","중국집","5"
"20180121","일","여","50대","서울특별시","서대문구","연희동","중국집","27"
"20180121","일","남","20대","서울특별시","서대문구","충정로3가","중국집","5"
"20180121","일","여","50대","서울특별시","서대문구","창천동","중국집","21"
"20180121","일","여","30대","서울특별시","서대문구","북아현동","중국집","5"
"20180121","일","여","50대","서울특별시","서대문구","충정로3가","중국집","5"
"20180121","일","여","50대","서울특별시","서대문구","홍은동","중국집","5"
"20180121","일","남","60대이상","서울특별시","서대문구","남가좌동","중국집","5"
"20180121","일","여","20대","서울특별시","서대문구","홍은동","중국집","5"
"20180121","일","여","50대","서울특별시","서대문구","홍제동","중국집","20"
"20180121","일","남","40대","서울특별시","서대문구","홍제동","중국집","46"
"20180121","일","여","20대","서울특별시","서대문구","연희동","중국집","35"
"20180121","일","여","60대이상","서울특별시","서대문구","북가좌동","중국집","5"
"20180121","일","여","30대","서울특별시","서대문구","남가좌동","중국집","5"
"20180121","일","남","10대","서울특별시","서대문구","연희동","중국집","11"
"20180121","일","여","20대","서울특별시","서대문구","창천동","중국집","13"
"20180121","일","여","60대이상","서울특별시","서대문구","연희동","중국집","18"
"20180121","일","여","60대이상","서울특별시","서대문구","창천동","중국집","15"
"20180121","일","여","60대이상","서울특별시","서대문구","홍은동","중국집","5"
"20180121","일","여","50대","서울특별시","서대문구","북가좌동","중국집","5"
"20180121","일","여","60대이상","서울특별시","서대문구","홍제동","중국집","12"
"20180121","일","남","10대","서울특별시","서초구","반포동","중국집","5"
"20180121","일","남","10대","서울특별시","서초구","서초동","중국집","5"
"20180121","일","남","10대","서울특별시","서초구","양재동","중국집","5"
"20180121","일","남","20대","서울특별시","서초구","반포동","중국집","5"
"20180121","일","남","30대","서울특별시","서초구","반포동","중국집","18"
"20180121","일","남","30대","서울특별시","서초구","양재동","중국집","51"
"20180121","일","남","40대","서울특별시","서초구","내곡동","중국집","5"
"20180121","일","남","40대","서울특별시","서초구","방배동","중국집","77"
"20180121","일","남","40대","서울특별시","서초구","서초동","중국집","14"
"20180121","일","남","50대","서울특별시","서초구","내곡동","중국집","5"
"20180121","일","남","50대","서울특별시","서초구","반포동","중국집","12"
"20180121","일","남","50대","서울특별시","서초구","방배동","중국집","37"
"20180121","일","남","10대","서울특별시","서초구","방배동","중국집","6"
"20180121","일","남","50대","서울특별시","서초구","양재동","중국집","26"
"20180121","일","남","60대이상","서울특별시","서초구","반포동","중국집","10"
"20180121","일","남","30대","서울특별시","서초구","내곡동","중국집","5"
"20180121","일","남","60대이상","서울특별시","서초구","양재동","중국집","11"
"20180121","일","남","60대이상","서울특별시","서초구","방배동","중국집","38"
"20180121","일","여","10대","서울특별시","서초구","방배동","중국집","5"
"20180121","일","남","20대","서울특별시","서초구","방배동","중국집","28"
"20180121","일","남","50대","서울특별시","서초구","서초동","중국집","5"
"20180121","일","여","10대","서울특별시","서초구","양재동","중국집","5"
"20180121","일","남","20대","서울특별시","서초구","양재동","중국집","25"
"20180121","일","여","20대","서울특별시","서초구","방배동","중국집","24"
"20180121","일","여","20대","서울특별시","서초구","양재동","중국집","14"
"20180121","일","남","20대","서울특별시","서초구","서초동","중국집","6"
"20180121","일","여","30대","서울특별시","서초구","반포동","중국집","12"
"20180121","일","여","30대","서울특별시","서초구","방배동","중국집","74"
"20180121","일","여","30대","서울특별시","서초구","서초동","중국집","10"
"20180121","일","여","30대","서울특별시","서초구","양재동","중국집","48"
"20180121","일","여","40대","서울특별시","서초구","반포동","중국집","26"
"20180121","일","여","40대","서울특별시","서초구","방배동","중국집","89"
"20180121","일","여","40대","서울특별시","서초구","서초동","중국집","11"
"20180121","일","여","20대","서울특별시","서초구","서초동","중국집","5"
"20180121","일","여","40대","서울특별시","서초구","양재동","중국집","40"
"20180121","일","여","40대","서울특별시","서초구","잠원동","중국집","5"
"20180121","일","남","30대","서울특별시","서초구","서초동","중국집","8"
"20180121","일","여","50대","서울특별시","서초구","내곡동","중국집","5"
"20180121","일","남","30대","서울특별시","서초구","방배동","중국집","79"
"20180121","일","여","50대","서울특별시","서초구","반포동","중국집","13"
"20180121","일","여","50대","서울특별시","서초구","서초동","중국집","10"
"20180121","일","남","40대","서울특별시","서초구","반포동","중국집","31"
"20180121","일","여","50대","서울특별시","서초구","양재동","중국집","26"
"20180121","일","남","30대","서울특별시","서초구","신원동","중국집","5"
"20180121","일","여","60대이상","서울특별시","서초구","반포동","중국집","5"
"20180121","일","여","60대이상","서울특별시","서초구","방배동","중국집","23"
"20180121","일","남","40대","서울특별시","서초구","양재동","중국집","40"
"20180121","일","여","60대이상","서울특별시","서초구","서초동","중국집","5"
"20180121","일","여","20대","서울특별시","서초구","반포동","중국집","5"
"20180121","일","여","60대이상","서울특별시","서초구","양재동","중국집","6"
"20180121","일","여","50대","서울특별시","서초구","방배동","중국집","34"
"20180121","일","남","60대이상","서울특별시","서초구","서초동","중국집","5"
"20180121","일","남","10대","서울특별시","성동구","성수동2가","중국집","9"
"20180121","일","남","10대","서울특별시","성동구","옥수동","중국집","5"
"20180121","일","남","20대","서울특별시","성동구","성수동2가","중국집","73"
"20180121","일","남","20대","서울특별시","성동구","옥수동","중국집","14"
"20180121","일","남","30대","서울특별시","성동구","성수동2가","중국집","128"
"20180121","일","남","30대","서울특별시","성동구","옥수동","중국집","29"
"20180121","일","남","40대","서울특별시","성동구","성수동2가","중국집","115"
"20180121","일","남","40대","서울특별시","성동구","옥수동","중국집","29"
"20180121","일","남","50대","서울특별시","성동구","성수동2가","중국집","72"
"20180121","일","남","50대","서울특별시","성동구","옥수동","중국집","27"
"20180121","일","남","60대이상","서울특별시","성동구","성수동2가","중국집","35"
"20180121","일","남","60대이상","서울특별시","성동구","옥수동","중국집","10"
"20180121","일","여","10대","서울특별시","성동구","성수동2가","중국집","7"
"20180121","일","여","10대","서울특별시","성동구","옥수동","중국집","5"
"20180121","일","여","20대","서울특별시","성동구","성수동2가","중국집","51"
"20180121","일","여","20대","서울특별시","성동구","옥수동","중국집","5"
"20180121","일","여","20대","서울특별시","성동구","행당동","중국집","5"
"20180121","일","여","30대","서울특별시","성동구","성수동1가","중국집","5"
"20180121","일","여","40대","서울특별시","성동구","성수동2가","중국집","116"
"20180121","일","여","40대","서울특별시","성동구","옥수동","중국집","22"
"20180121","일","여","30대","서울특별시","성동구","옥수동","중국집","13"
"20180121","일","여","50대","서울특별시","성동구","성수동2가","중국집","49"
"20180121","일","여","50대","서울특별시","성동구","옥수동","중국집","12"
"20180121","일","여","60대이상","서울특별시","성동구","성수동2가","중국집","34"
"20180121","일","여","30대","서울특별시","성동구","성수동2가","중국집","94"
"20180121","일","여","60대이상","서울특별시","성동구","옥수동","중국집","16"
"20180121","일","남","10대","서울특별시","성북구","동선동2가","중국집","5"
"20180121","일","남","10대","서울특별시","성북구","하월곡동","중국집","5"
"20180121","일","남","20대","서울특별시","성북구","길음동","중국집","5"
"20180121","일","남","20대","서울특별시","성북구","동선동2가","중국집","44"
"20180121","일","남","20대","서울특별시","성북구","삼선동5가","중국집","5"
"20180121","일","남","30대","서울특별시","성북구","삼선동5가","중국집","11"
"20180121","일","남","30대","서울특별시","성북구","정릉동","중국집","6"
"20180121","일","남","30대","서울특별시","성북구","종암동","중국집","5"
"20180121","일","남","30대","서울특별시","성북구","하월곡동","중국집","5"
"20180121","일","남","40대","서울특별시","성북구","동선동3가","중국집","5"
"20180121","일","남","40대","서울특별시","성북구","삼선동5가","중국집","5"
"20180121","일","남","40대","서울특별시","성북구","성북동","중국집","5"
"20180121","일","남","50대","서울특별시","성북구","성북동","중국집","5"
"20180121","일","남","60대이상","서울특별시","성북구","동선동2가","중국집","26"
"20180121","일","남","60대이상","서울특별시","성북구","삼선동5가","중국집","5"
"20180121","일","남","60대이상","서울특별시","성북구","상월곡동","중국집","5"
"20180121","일","남","60대이상","서울특별시","성북구","정릉동","중국집","5"
"20180121","일","남","30대","서울특별시","성북구","동선동2가","중국집","62"
"20180121","일","남","50대","서울특별시","성북구","동선동2가","중국집","58"
"20180121","일","남","60대이상","서울특별시","성북구","하월곡동","중국집","5"
"20180121","일","여","10대","서울특별시","성북구","동선동2가","중국집","5"
"20180121","일","남","10대","서울특별시","성북구","정릉동","중국집","5"
"20180121","일","여","20대","서울특별시","성북구","동선동2가","중국집","20"
"20180121","일","여","20대","서울특별시","성북구","동선동3가","중국집","5"
"20180121","일","여","20대","서울특별시","성북구","종암동","중국집","5"
"20180121","일","여","10대","서울특별시","성북구","길음동","중국집","5"
"20180121","일","여","30대","서울특별시","성북구","길음동","중국집","5"
"20180121","일","여","30대","서울특별시","성북구","성북동","중국집","5"
"20180121","일","남","40대","서울특별시","성북구","종암동","중국집","5"
"20180121","일","여","30대","서울특별시","성북구","하월곡동","중국집","5"
"20180121","일","여","40대","서울특별시","성북구","길음동","중국집","5"
"20180121","일","여","30대","서울특별시","성북구","삼선동5가","중국집","5"
"20180121","일","남","50대","서울특별시","성북구","정릉동","중국집","5"
"20180121","일","여","40대","서울특별시","성북구","동선동2가","중국집","67"
"20180121","일","여","20대","서울특별시","성북구","삼선동5가","중국집","6"
"20180121","일","여","40대","서울특별시","성북구","동선동3가","중국집","5"
"20180121","일","여","40대","서울특별시","성북구","삼선동5가","중국집","5"
"20180121","일","여","40대","서울특별시","성북구","성북동","중국집","5"
"20180121","일","여","40대","서울특별시","성북구","정릉동","중국집","5"
"20180121","일","남","60대이상","서울특별시","성북구","성북동","중국집","5"
"20180121","일","남","60대이상","서울특별시","성북구","길음동","중국집","5"
"20180121","일","남","10대","서울특별시","성북구","종암동","중국집","5"
"20180121","일","여","40대","서울특별시","성북구","하월곡동","중국집","5"
"20180121","일","여","40대","서울특별시","성북구","종암동","중국집","5"
"20180121","일","여","30대","서울특별시","성북구","동선동2가","중국집","42"
"20180121","일","여","50대","서울특별시","성북구","동선동2가","중국집","38"
"20180121","일","여","30대","서울특별시","성북구","정릉동","중국집","5"
"20180121","일","여","20대","서울특별시","성북구","정릉동","중국집","7"
"20180121","일","여","50대","서울특별시","성북구","삼선동5가","중국집","5"
"20180121","일","여","50대","서울특별시","성북구","정릉동","중국집","5"
"20180121","일","남","50대","서울특별시","성북구","삼선동5가","중국집","5"
"20180121","일","여","50대","서울특별시","성북구","종암동","중국집","5"
"20180121","일","여","60대이상","서울특별시","성북구","동선동2가","중국집","27"
"20180121","일","남","40대","서울특별시","성북구","동선동2가","중국집","70"
"20180121","일","남","20대","서울특별시","성북구","정릉동","중국집","5"
"20180121","일","남","30대","서울특별시","성북구","성북동","중국집","5"
"20180121","일","여","60대이상","서울특별시","성북구","정릉동","중국집","5"
"20180121","일","남","40대","서울특별시","성북구","정릉동","중국집","5"
"20180121","일","남","40대","서울특별시","성북구","길음동","중국집","5"
"20180121","일","남","10대","서울특별시","송파구","마천동","중국집","5"
"20180121","일","남","10대","서울특별시","송파구","송파동","중국집","9"
"20180121","일","남","20대","서울특별시","송파구","송파동","중국집","67"
"20180121","일","남","20대","서울특별시","송파구","풍납동","중국집","5"
"20180121","일","남","30대","서울특별시","송파구","가락동","중국집","14"
"20180121","일","남","30대","서울특별시","송파구","마천동","중국집","5"
"20180121","일","남","40대","서울특별시","송파구","마천동","중국집","5"
"20180121","일","남","40대","서울특별시","송파구","송파동","중국집","106"
"20180121","일","남","40대","서울특별시","송파구","풍납동","중국집","5"
"20180121","일","남","30대","서울특별시","송파구","풍납동","중국집","5"
"20180121","일","남","30대","서울특별시","송파구","잠실동","중국집","5"
"20180121","일","남","50대","서울특별시","송파구","가락동","중국집","13"
"20180121","일","남","50대","서울특별시","송파구","풍납동","중국집","5"
"20180121","일","남","40대","서울특별시","송파구","가락동","중국집","16"
"20180121","일","남","60대이상","서울특별시","송파구","가락동","중국집","5"
"20180121","일","남","60대이상","서울특별시","송파구","송파동","중국집","47"
"20180121","일","남","50대","서울특별시","송파구","송파동","중국집","68"
"20180121","일","여","20대","서울특별시","송파구","가락동","중국집","5"
"20180121","일","여","20대","서울특별시","송파구","송파동","중국집","27"
"20180121","일","여","30대","서울특별시","송파구","마천동","중국집","5"
"20180121","일","여","30대","서울특별시","송파구","송파동","중국집","83"
"20180121","일","여","30대","서울특별시","송파구","풍납동","중국집","5"
"20180121","일","남","60대이상","서울특별시","송파구","마천동","중국집","5"
"20180121","일","여","10대","서울특별시","송파구","송파동","중국집","5"
"20180121","일","여","30대","서울특별시","송파구","가락동","중국집","11"
"20180121","일","여","40대","서울특별시","송파구","가락동","중국집","16"
"20180121","일","여","40대","서울특별시","송파구","방이동","중국집","5"
"20180121","일","여","40대","서울특별시","송파구","송파동","중국집","129"
"20180121","일","여","50대","서울특별시","송파구","가락동","중국집","6"
"20180121","일","여","20대","서울특별시","송파구","잠실동","중국집","5"
"20180121","일","남","30대","서울특별시","송파구","송파동","중국집","134"
"20180121","일","여","50대","서울특별시","송파구","마천동","중국집","5"
"20180121","일","남","20대","서울특별시","송파구","가락동","중국집","11"
"20180121","일","여","50대","서울특별시","송파구","방이동","중국집","5"
"20180121","일","여","50대","서울특별시","송파구","송파동","중국집","71"
"20180121","일","남","40대","서울특별시","송파구","방이동","중국집","5"
"20180121","일","여","60대이상","서울특별시","송파구","가락동","중국집","5"
"20180121","일","여","60대이상","서울특별시","송파구","송파동","중국집","25"
"20180121","일","남","10대","서울특별시","송파구","가락동","중국집","5"
"20180121","일","남","10대","서울특별시","양천구","신월동","중국집","5"
"20180121","일","남","20대","서울특별시","양천구","목동","중국집","5"
"20180121","일","남","20대","서울특별시","양천구","신월동","중국집","5"
"20180121","일","남","20대","서울특별시","양천구","신정동","중국집","9"
"20180121","일","남","30대","서울특별시","양천구","목동","중국집","5"
"20180121","일","남","30대","서울특별시","양천구","신월동","중국집","5"
"20180121","일","남","30대","서울특별시","양천구","신정동","중국집","14"
"20180121","일","남","40대","서울특별시","양천구","목동","중국집","5"
"20180121","일","남","40대","서울특별시","양천구","신월동","중국집","5"
"20180121","일","남","40대","서울특별시","양천구","신정동","중국집","9"
"20180121","일","남","50대","서울특별시","양천구","신월동","중국집","5"
"20180121","일","남","50대","서울특별시","양천구","신정동","중국집","10"
"20180121","일","남","10대","서울특별시","양천구","신정동","중국집","5"
"20180121","일","남","60대이상","서울특별시","양천구","목동","중국집","5"
"20180121","일","남","60대이상","서울특별시","양천구","신월동","중국집","5"
"20180121","일","여","10대","서울특별시","양천구","신정동","중국집","5"
"20180121","일","남","50대","서울특별시","양천구","목동","중국집","5"
"20180121","일","여","20대","서울특별시","양천구","목동","중국집","5"
"20180121","일","여","20대","서울특별시","양천구","신정동","중국집","17"
"20180121","일","여","30대","서울특별시","양천구","신월동","중국집","5"
"20180121","일","여","30대","서울특별시","양천구","신정동","중국집","14"
"20180121","일","여","20대","서울특별시","양천구","신월동","중국집","5"
"20180121","일","여","40대","서울특별시","양천구","목동","중국집","6"
"20180121","일","여","40대","서울특별시","양천구","신월동","중국집","6"
"20180121","일","여","40대","서울특별시","양천구","신정동","중국집","32"
"20180121","일","여","50대","서울특별시","양천구","목동","중국집","5"
"20180121","일","여","30대","서울특별시","양천구","목동","중국집","5"
"20180121","일","여","50대","서울특별시","양천구","신월동","중국집","5"
"20180121","일","남","60대이상","서울특별시","양천구","신정동","중국집","5"
"20180121","일","여","50대","서울특별시","양천구","신정동","중국집","13"
"20180121","일","여","60대이상","서울특별시","양천구","목동","중국집","5"
"20180121","일","여","60대이상","서울특별시","양천구","신월동","중국집","5"
"20180121","일","여","60대이상","서울특별시","양천구","신정동","중국집","5"
"20180121","일","남","10대","서울특별시","영등포구","문래동2가","중국집","5"
"20180121","일","남","10대","서울특별시","영등포구","여의도동","중국집","5"
"20180121","일","남","20대","서울특별시","영등포구","문래동2가","중국집","7"
"20180121","일","남","20대","서울특별시","영등포구","문래동3가","중국집","10"
"20180121","일","남","20대","서울특별시","영등포구","여의도동","중국집","9"
"20180121","일","남","20대","서울특별시","영등포구","영등포동1가","중국집","5"
"20180121","일","남","30대","서울특별시","영등포구","대림동","중국집","5"
"20180121","일","남","40대","서울특별시","영등포구","문래동3가","중국집","30"
"20180121","일","남","40대","서울특별시","영등포구","여의도동","중국집","19"
"20180121","일","남","50대","서울특별시","영등포구","대림동","중국집","5"
"20180121","일","남","50대","서울특별시","영등포구","문래동3가","중국집","14"
"20180121","일","남","50대","서울특별시","영등포구","신길동","중국집","5"
"20180121","일","남","20대","서울특별시","영등포구","대림동","중국집","5"
"20180121","일","남","20대","서울특별시","영등포구","영등포동8가","중국집","5"
"20180121","일","남","50대","서울특별시","영등포구","영등포동1가","중국집","5"
"20180121","일","남","60대이상","서울특별시","영등포구","문래동2가","중국집","11"
"20180121","일","남","60대이상","서울특별시","영등포구","문래동3가","중국집","13"
"20180121","일","남","60대이상","서울특별시","영등포구","여의도동","중국집","6"
"20180121","일","여","20대","서울특별시","영등포구","문래동3가","중국집","9"
"20180121","일","여","20대","서울특별시","영등포구","신길동","중국집","5"
"20180121","일","남","60대이상","서울특별시","영등포구","영등포동1가","중국집","5"
"20180121","일","여","20대","서울특별시","영등포구","여의도동","중국집","9"
"20180121","일","여","20대","서울특별시","영등포구","영등포동8가","중국집","5"
"20180121","일","여","30대","서울특별시","영등포구","문래동2가","중국집","24"
"20180121","일","여","30대","서울특별시","영등포구","신길동","중국집","5"
"20180121","일","여","30대","서울특별시","영등포구","여의도동","중국집","8"
"20180121","일","여","20대","서울특별시","영등포구","문래동2가","중국집","5"
"20180121","일","여","20대","서울특별시","영등포구","대림동","중국집","5"
"20180121","일","남","40대","서울특별시","영등포구","당산동6가","중국집","5"
"20180121","일","여","30대","서울특별시","영등포구","영등포동1가","중국집","6"
"20180121","일","남","50대","서울특별시","영등포구","여의도동","중국집","14"
"20180121","일","여","30대","서울특별시","영등포구","영등포동8가","중국집","5"
"20180121","일","남","40대","서울특별시","영등포구","영등포동1가","중국집","5"
"20180121","일","남","40대","서울특별시","영등포구","대림동","중국집","5"
"20180121","일","남","30대","서울특별시","영등포구","영등포동1가","중국집","7"
"20180121","일","여","40대","서울특별시","영등포구","당산동6가","중국집","5"
"20180121","일","여","20대","서울특별시","영등포구","영등포동1가","중국집","5"
"20180121","일","여","40대","서울특별시","영등포구","대림동","중국집","5"
"20180121","일","여","40대","서울특별시","영등포구","문래동2가","중국집","33"
"20180121","일","여","40대","서울특별시","영등포구","문래동3가","중국집","39"
"20180121","일","남","30대","서울특별시","영등포구","문래동3가","중국집","25"
"20180121","일","남","10대","서울특별시","영등포구","문래동3가","중국집","5"
"20180121","일","여","40대","서울특별시","영등포구","신길동","중국집","5"
"20180121","일","여","40대","서울특별시","영등포구","여의도동","중국집","5"
"20180121","일","여","40대","서울특별시","영등포구","영등포동1가","중국집","7"
"20180121","일","여","50대","서울특별시","영등포구","문래동2가","중국집","13"
"20180121","일","남","30대","서울특별시","영등포구","문래동2가","중국집","26"
"20180121","일","여","30대","서울특별시","영등포구","대림동","중국집","5"
"20180121","일","여","50대","서울특별시","영등포구","여의도동","중국집","12"
"20180121","일","남","50대","서울특별시","영등포구","문래동2가","중국집","29"
"20180121","일","여","50대","서울특별시","영등포구","영등포동1가","중국집","5"
"20180121","일","여","60대이상","서울특별시","영등포구","대림동","중국집","5"
"20180121","일","남","30대","서울특별시","영등포구","여의도동","중국집","21"
"20180121","일","여","60대이상","서울특별시","영등포구","문래동2가","중국집","8"
"20180121","일","남","20대","서울특별시","영등포구","영등포동7가","중국집","5"
"20180121","일","여","50대","서울특별시","영등포구","문래동3가","중국집","16"
"20180121","일","여","60대이상","서울특별시","영등포구","문래동3가","중국집","6"
"20180121","일","여","60대이상","서울특별시","영등포구","신길동","중국집","5"
"20180121","일","여","60대이상","서울특별시","영등포구","여의도동","중국집","6"
"20180121","일","남","40대","서울특별시","영등포구","문래동2가","중국집","28"
"20180121","일","여","30대","서울특별시","영등포구","문래동3가","중국집","29"
"20180121","일","남","10대","서울특별시","용산구","후암동","중국집","5"
"20180121","일","남","20대","서울특별시","용산구","동자동","중국집","5"
"20180121","일","남","20대","서울특별시","용산구","이촌동","중국집","5"
"20180121","일","남","30대","서울특별시","용산구","한남동","중국집","7"
"20180121","일","남","40대","서울특별시","용산구","이촌동","중국집","5"
"20180121","일","남","40대","서울특별시","용산구","보광동","중국집","5"
"20180121","일","남","30대","서울특별시","용산구","한강로3가","중국집","26"
"20180121","일","남","40대","서울특별시","용산구","한강로3가","중국집","52"
"20180121","일","남","20대","서울특별시","용산구","한강로3가","중국집","13"
"20180121","일","남","40대","서울특별시","용산구","한남동","중국집","5"
"20180121","일","남","50대","서울특별시","용산구","동자동","중국집","5"
"20180121","일","남","50대","서울특별시","용산구","이태원동","중국집","5"
"20180121","일","남","60대이상","서울특별시","용산구","보광동","중국집","5"
"20180121","일","남","60대이상","서울특별시","용산구","이촌동","중국집","5"
"20180121","일","남","60대이상","서울특별시","용산구","한강로3가","중국집","16"
"20180121","일","남","30대","서울특별시","용산구","원효로4가","중국집","5"
"20180121","일","남","60대이상","서울특별시","용산구","한남동","중국집","5"
"20180121","일","여","10대","서울특별시","용산구","이태원동","중국집","5"
"20180121","일","남","30대","서울특별시","용산구","후암동","중국집","37"
"20180121","일","여","10대","서울특별시","용산구","후암동","중국집","5"
"20180121","일","남","10대","서울특별시","용산구","이촌동","중국집","5"
"20180121","일","여","20대","서울특별시","용산구","갈월동","중국집","5"
"20180121","일","여","20대","서울특별시","용산구","이태원동","중국집","5"
"20180121","일","남","20대","서울특별시","용산구","신계동","중국집","5"
"20180121","일","남","10대","서울특별시","용산구","한강로3가","중국집","5"
"20180121","일","여","30대","서울특별시","용산구","도원동","중국집","5"
"20180121","일","남","20대","서울특별시","용산구","이태원동","중국집","7"
"20180121","일","남","20대","서울특별시","용산구","보광동","중국집","5"
"20180121","일","여","30대","서울특별시","용산구","동자동","중국집","5"
"20180121","일","여","20대","서울특별시","용산구","한남동","중국집","5"
"20180121","일","여","30대","서울특별시","용산구","보광동","중국집","5"
"20180121","일","여","30대","서울특별시","용산구","원효로4가","중국집","5"
"20180121","일","남","40대","서울특별시","용산구","동자동","중국집","5"
"20180121","일","여","30대","서울특별시","용산구","이태원동","중국집","5"
"20180121","일","여","30대","서울특별시","용산구","후암동","중국집","22"
"20180121","일","여","40대","서울특별시","용산구","도원동","중국집","5"
"20180121","일","남","30대","서울특별시","용산구","신계동","중국집","5"
"20180121","일","여","20대","서울특별시","용산구","후암동","중국집","8"
"20180121","일","남","60대이상","서울특별시","용산구","후암동","중국집","16"
"20180121","일","여","40대","서울특별시","용산구","보광동","중국집","5"
"20180121","일","여","40대","서울특별시","용산구","원효로4가","중국집","5"
"20180121","일","여","40대","서울특별시","용산구","이촌동","중국집","8"
"20180121","일","여","20대","서울특별시","용산구","보광동","중국집","7"
"20180121","일","여","40대","서울특별시","용산구","이태원동","중국집","5"
"20180121","일","여","30대","서울특별시","용산구","한남동","중국집","5"
"20180121","일","여","40대","서울특별시","용산구","한강로3가","중국집","42"
"20180121","일","여","40대","서울특별시","용산구","한남동","중국집","5"
"20180121","일","여","20대","서울특별시","용산구","동자동","중국집","5"
"20180121","일","남","50대","서울특별시","용산구","보광동","중국집","5"
"20180121","일","남","50대","서울특별시","용산구","후암동","중국집","24"
"20180121","일","여","40대","서울특별시","용산구","후암동","중국집","40"
"20180121","일","남","50대","서울특별시","용산구","한강로3가","중국집","32"
"20180121","일","남","20대","서울특별시","용산구","후암동","중국집","14"
"20180121","일","여","50대","서울특별시","용산구","보광동","중국집","5"
"20180121","일","여","40대","서울특별시","용산구","신계동","중국집","5"
"20180121","일","남","50대","서울특별시","용산구","한남동","중국집","5"
"20180121","일","남","40대","서울특별시","용산구","후암동","중국집","45"
"20180121","일","남","30대","서울특별시","용산구","보광동","중국집","8"
"20180121","일","여","50대","서울특별시","용산구","신계동","중국집","5"
"20180121","일","여","50대","서울특별시","용산구","이촌동","중국집","5"
"20180121","일","여","50대","서울특별시","용산구","이태원동","중국집","5"
"20180121","일","여","50대","서울특별시","용산구","한강로3가","중국집","31"
"20180121","일","여","30대","서울특별시","용산구","이촌동","중국집","5"
"20180121","일","남","50대","서울특별시","용산구","원효로4가","중국집","5"
"20180121","일","남","40대","서울특별시","용산구","신계동","중국집","5"
"20180121","일","여","50대","서울특별시","용산구","한남동","중국집","5"
"20180121","일","여","50대","서울특별시","용산구","후암동","중국집","15"
"20180121","일","남","30대","서울특별시","용산구","도원동","중국집","5"
"20180121","일","여","60대이상","서울특별시","용산구","동자동","중국집","5"
"20180121","일","여","30대","서울특별시","용산구","한강로3가","중국집","26"
"20180121","일","여","20대","서울특별시","용산구","이촌동","중국집","10"
"20180121","일","여","60대이상","서울특별시","용산구","보광동","중국집","5"
"20180121","일","여","60대이상","서울특별시","용산구","신계동","중국집","5"
"20180121","일","여","40대","서울특별시","용산구","동자동","중국집","5"
"20180121","일","여","60대이상","서울특별시","용산구","이촌동","중국집","5"
"20180121","일","여","60대이상","서울특별시","용산구","도원동","중국집","5"
"20180121","일","여","20대","서울특별시","용산구","한강로3가","중국집","8"
"20180121","일","여","60대이상","서울특별시","용산구","이태원동","중국집","5"
"20180121","일","여","20대","서울특별시","용산구","도원동","중국집","5"
"20180121","일","남","30대","서울특별시","용산구","이촌동","중국집","5"
"20180121","일","여","60대이상","서울특별시","용산구","한강로3가","중국집","28"
"20180121","일","남","30대","서울특별시","용산구","이태원동","중국집","5"
"20180121","일","여","60대이상","서울특별시","용산구","후암동","중국집","11"
"20180121","일","남","20대","서울특별시","용산구","원효로4가","중국집","5"
"20180121","일","남","60대이상","서울특별시","용산구","이태원동","중국집","5"
"20180121","일","여","10대","서울특별시","용산구","도원동","중국집","5"
"20180121","일","남","10대","서울특별시","은평구","불광동","중국집","5"
"20180121","일","남","10대","서울특별시","은평구","증산동","중국집","5"
"20180121","일","남","20대","서울특별시","은평구","수색동","중국집","5"
"20180121","일","남","30대","서울특별시","은평구","구산동","중국집","5"
"20180121","일","남","40대","서울특별시","은평구","불광동","중국집","61"
"20180121","일","남","40대","서울특별시","은평구","증산동","중국집","5"
"20180121","일","남","30대","서울특별시","은평구","진관동","중국집","5"
"20180121","일","남","50대","서울특별시","은평구","구산동","중국집","5"
"20180121","일","남","20대","서울특별시","은평구","증산동","중국집","5"
"20180121","일","남","50대","서울특별시","은평구","불광동","중국집","50"
"20180121","일","남","10대","서울특별시","은평구","구산동","중국집","5"
"20180121","일","남","60대이상","서울특별시","은평구","구산동","중국집","5"
"20180121","일","여","10대","서울특별시","은평구","불광동","중국집","5"
"20180121","일","여","20대","서울특별시","은평구","구산동","중국집","5"
"20180121","일","여","20대","서울특별시","은평구","불광동","중국집","20"
"20180121","일","남","30대","서울특별시","은평구","증산동","중국집","5"
"20180121","일","여","20대","서울특별시","은평구","수색동","중국집","5"
"20180121","일","남","60대이상","서울특별시","은평구","불광동","중국집","29"
"20180121","일","여","30대","서울특별시","은평구","구산동","중국집","5"
"20180121","일","여","30대","서울특별시","은평구","불광동","중국집","61"
"20180121","일","여","20대","서울특별시","은평구","증산동","중국집","5"
"20180121","일","여","30대","서울특별시","은평구","증산동","중국집","5"
"20180121","일","여","40대","서울특별시","은평구","구산동","중국집","5"
"20180121","일","여","40대","서울특별시","은평구","불광동","중국집","70"
"20180121","일","남","30대","서울특별시","은평구","불광동","중국집","80"
"20180121","일","여","40대","서울특별시","은평구","증산동","중국집","5"
"20180121","일","여","50대","서울특별시","은평구","구산동","중국집","5"
"20180121","일","여","50대","서울특별시","은평구","불광동","중국집","48"
"20180121","일","여","50대","서울특별시","은평구","수색동","중국집","5"
"20180121","일","여","60대이상","서울특별시","은평구","구산동","중국집","5"
"20180121","일","남","20대","서울특별시","은평구","불광동","중국집","30"
"20180121","일","여","60대이상","서울특별시","은평구","불광동","중국집","34"
"20180121","일","여","10대","서울특별시","은평구","증산동","중국집","5"
"20180121","일","여","60대이상","서울특별시","은평구","수색동","중국집","5"
"20180121","일","남","20대","서울특별시","종로구","교남동","중국집","5"
"20180121","일","남","20대","서울특별시","종로구","숭인동","중국집","5"
"20180121","일","남","20대","서울특별시","종로구","종로3가","중국집","5"
"20180121","일","남","20대","서울특별시","종로구","창성동","중국집","5"
"20180121","일","남","20대","서울특별시","종로구","평창동","중국집","5"
"20180121","일","남","30대","서울특별시","종로구","낙원동","중국집","5"
"20180121","일","남","30대","서울특별시","종로구","명륜1가","중국집","5"
"20180121","일","남","30대","서울특별시","종로구","옥인동","중국집","5"
"20180121","일","남","40대","서울특별시","종로구","명륜1가","중국집","5"
"20180121","일","남","40대","서울특별시","종로구","신문로2가","중국집","5"
"20180121","일","남","40대","서울특별시","종로구","안국동","중국집","5"
"20180121","일","남","40대","서울특별시","종로구","종로5가","중국집","5"
"20180121","일","남","40대","서울특별시","종로구","창성동","중국집","5"
"20180121","일","남","50대","서울특별시","종로구","낙원동","중국집","5"
"20180121","일","남","50대","서울특별시","종로구","동숭동","중국집","5"
"20180121","일","남","20대","서울특별시","종로구","동숭동","중국집","6"
"20180121","일","남","30대","서울특별시","종로구","원서동","중국집","5"
"20180121","일","남","50대","서울특별시","종로구","신문로2가","중국집","5"
"20180121","일","남","50대","서울특별시","종로구","원서동","중국집","5"
"20180121","일","남","30대","서울특별시","종로구","동숭동","중국집","5"
"20180121","일","남","50대","서울특별시","종로구","평창동","중국집","5"
"20180121","일","남","60대이상","서울특별시","종로구","관수동","중국집","5"
"20180121","일","남","60대이상","서울특별시","종로구","동숭동","중국집","5"
"20180121","일","남","60대이상","서울특별시","종로구","숭인동","중국집","5"
"20180121","일","남","60대이상","서울특별시","종로구","평창동","중국집","5"
"20180121","일","여","20대","서울특별시","종로구","관수동","중국집","5"
"20180121","일","남","30대","서울특별시","종로구","종로6가","중국집","5"
"20180121","일","여","20대","서울특별시","종로구","동숭동","중국집","5"
"20180121","일","남","40대","서울특별시","종로구","종로6가","중국집","5"
"20180121","일","여","20대","서울특별시","종로구","숭인동","중국집","5"
"20180121","일","여","20대","서울특별시","종로구","원서동","중국집","5"
"20180121","일","여","20대","서울특별시","종로구","종로6가","중국집","5"
"20180121","일","여","20대","서울특별시","종로구","창성동","중국집","5"
"20180121","일","남","20대","서울특별시","종로구","낙원동","중국집","6"
"20180121","일","여","20대","서울특별시","종로구","신문로2가","중국집","5"
"20180121","일","여","20대","서울특별시","종로구","평창동","중국집","5"
"20180121","일","여","10대","서울특별시","종로구","창성동","중국집","5"
"20180121","일","여","30대","서울특별시","종로구","교남동","중국집","5"
"20180121","일","남","40대","서울특별시","종로구","교남동","중국집","5"
"20180121","일","남","40대","서울특별시","종로구","원서동","중국집","5"
"20180121","일","남","60대이상","서울특별시","종로구","낙원동","중국집","5"
"20180121","일","여","30대","서울특별시","종로구","숭인동","중국집","5"
"20180121","일","남","30대","서울특별시","종로구","관수동","중국집","5"
"20180121","일","여","30대","서울특별시","종로구","창성동","중국집","5"
"20180121","일","남","50대","서울특별시","종로구","숭인동","중국집","5"
"20180121","일","남","20대","서울특별시","종로구","종로5가","중국집","5"
"20180121","일","여","30대","서울특별시","종로구","평창동","중국집","5"
"20180121","일","남","30대","서울특별시","종로구","종로5가","중국집","5"
"20180121","일","여","40대","서울특별시","종로구","관수동","중국집","5"
"20180121","일","여","40대","서울특별시","종로구","낙원동","중국집","5"
"20180121","일","여","40대","서울특별시","종로구","숭인동","중국집","5"
"20180121","일","여","30대","서울특별시","종로구","경운동","중국집","5"
"20180121","일","남","20대","서울특별시","종로구","명륜1가","중국집","5"
"20180121","일","남","20대","서울특별시","종로구","종로6가","중국집","5"
"20180121","일","남","30대","서울특별시","종로구","신문로2가","중국집","5"
"20180121","일","여","40대","서울특별시","종로구","종로6가","중국집","5"
"20180121","일","여","40대","서울특별시","종로구","교남동","중국집","9"
"20180121","일","남","30대","서울특별시","종로구","창성동","중국집","5"
"20180121","일","여","40대","서울특별시","종로구","창성동","중국집","5"
"20180121","일","여","50대","서울특별시","종로구","교남동","중국집","5"
"20180121","일","여","40대","서울특별시","종로구","신문로2가","중국집","5"
"20180121","일","여","50대","서울특별시","종로구","명륜1가","중국집","5"
"20180121","일","여","60대이상","서울특별시","종로구","교남동","중국집","5"
"20180121","일","여","60대이상","서울특별시","종로구","낙원동","중국집","5"
"20180121","일","남","10대","서울특별시","종로구","낙원동","중국집","5"
"20180121","일","남","40대","서울특별시","종로구","숭인동","중국집","5"
"20180121","일","여","60대이상","서울특별시","종로구","동숭동","중국집","5"
"20180121","일","남","50대","서울특별시","종로구","창성동","중국집","5"
"20180121","일","남","30대","서울특별시","종로구","숭인동","중국집","5"
"20180121","일","여","60대이상","서울특별시","종로구","숭인동","중국집","5"
"20180121","일","여","30대","서울특별시","종로구","원서동","중국집","5"
"20180121","일","여","20대","서울특별시","종로구","교남동","중국집","5"
"20180121","일","남","30대","서울특별시","종로구","교남동","중국집","5"
"20180121","일","여","60대이상","서울특별시","종로구","원서동","중국집","5"
"20180121","일","여","60대이상","서울특별시","종로구","창성동","중국집","5"
"20180121","일","여","60대이상","서울특별시","종로구","평창동","중국집","5"
"20180121","일","남","20대","서울특별시","중구","신당동","중국집","40"
"20180121","일","남","10대","서울특별시","중구","수하동","중국집","6"
"20180121","일","남","20대","서울특별시","중구","충무로1가","중국집","5"
"20180121","일","남","30대","서울특별시","중구","장충동2가","중국집","5"
"20180121","일","남","40대","서울특별시","중구","신당동","중국집","92"
"20180121","일","남","20대","서울특별시","중구","을지로6가","중국집","5"
"20180121","일","남","30대","서울특별시","중구","수하동","중국집","39"
"20180121","일","남","40대","서울특별시","중구","을지로3가","중국집","5"
"20180121","일","남","40대","서울특별시","중구","을지로6가","중국집","5"
"20180121","일","남","40대","서울특별시","중구","충무로1가","중국집","5"
"20180121","일","남","50대","서울특별시","중구","신당동","중국집","61"
"20180121","일","남","50대","서울특별시","중구","을지로6가","중국집","5"
"20180121","일","남","50대","서울특별시","중구","회현동1가","중국집","5"
"20180121","일","남","60대이상","서울특별시","중구","명동1가","중국집","5"
"20180121","일","남","60대이상","서울특별시","중구","수하동","중국집","9"
"20180121","일","남","60대이상","서울특별시","중구","을지로3가","중국집","5"
"20180121","일","남","60대이상","서울특별시","중구","주교동","중국집","5"
"20180121","일","남","60대이상","서울특별시","중구","충무로1가","중국집","5"
"20180121","일","남","30대","서울특별시","중구","을지로6가","중국집","5"
"20180121","일","남","60대이상","서울특별시","중구","필동2가","중국집","5"
"20180121","일","여","10대","서울특별시","중구","신당동","중국집","5"
"20180121","일","여","20대","서울특별시","중구","충무로1가","중국집","5"
"20180121","일","여","30대","서울특별시","중구","신당동","중국집","94"
"20180121","일","여","30대","서울특별시","중구","을지로6가","중국집","5"
"20180121","일","남","60대이상","서울특별시","중구","신당동","중국집","52"
"20180121","일","남","10대","서울특별시","중구","신당동","중국집","8"
"20180121","일","여","40대","서울특별시","중구","명동1가","중국집","5"
"20180121","일","여","40대","서울특별시","중구","수하동","중국집","22"
"20180121","일","남","30대","서울특별시","중구","신당동","중국집","98"
"20180121","일","여","30대","서울특별시","중구","명동1가","중국집","5"
"20180121","일","여","40대","서울특별시","중구","신당동","중국집","106"
"20180121","일","여","20대","서울특별시","중구","수하동","중국집","12"
"20180121","일","여","50대","서울특별시","중구","수하동","중국집","10"
"20180121","일","여","30대","서울특별시","중구","수하동","중국집","20"
"20180121","일","여","50대","서울특별시","중구","신당동","중국집","59"
"20180121","일","여","50대","서울특별시","중구","필동2가","중국집","5"
"20180121","일","여","20대","서울특별시","중구","신당동","중국집","22"
"20180121","일","남","20대","서울특별시","중구","수하동","중국집","24"
"20180121","일","여","60대이상","서울특별시","중구","수하동","중국집","12"
"20180121","일","남","40대","서울특별시","중구","수하동","중국집","37"
"20180121","일","여","60대이상","서울특별시","중구","신당동","중국집","35"
"20180121","일","여","60대이상","서울특별시","중구","을지로3가","중국집","5"
"20180121","일","남","30대","서울특별시","중구","을지로3가","중국집","5"
"20180121","일","여","10대","서울특별시","중구","수하동","중국집","5"
"20180121","일","여","60대이상","서울특별시","중구","정동","중국집","5"
"20180121","일","남","50대","서울특별시","중구","수하동","중국집","16"
"20180121","일","남","30대","서울특별시","중구","필동2가","중국집","5"
"20180121","일","남","10대","서울특별시","중랑구","망우동","중국집","5"
"20180121","일","남","20대","서울특별시","중랑구","망우동","중국집","5"
"20180121","일","남","20대","서울특별시","중랑구","신내동","중국집","5"
"20180121","일","남","30대","서울특별시","중랑구","망우동","중국집","5"
"20180121","일","남","30대","서울특별시","중랑구","면목동","중국집","76"
"20180121","일","남","30대","서울특별시","중랑구","묵동","중국집","5"
"20180121","일","남","20대","서울특별시","중랑구","묵동","중국집","5"
"20180121","일","남","30대","서울특별시","중랑구","신내동","중국집","5"
"20180121","일","남","40대","서울특별시","중랑구","면목동","중국집","96"
"20180121","일","남","50대","서울특별시","중랑구","망우동","중국집","6"
"20180121","일","남","50대","서울특별시","중랑구","상봉동","중국집","5"
"20180121","일","남","50대","서울특별시","중랑구","신내동","중국집","5"
"20180121","일","남","60대이상","서울특별시","중랑구","망우동","중국집","5"
"20180121","일","남","50대","서울특별시","중랑구","면목동","중국집","68"
"20180121","일","남","60대이상","서울특별시","중랑구","묵동","중국집","5"
"20180121","일","남","60대이상","서울특별시","중랑구","신내동","중국집","5"
"20180121","일","남","40대","서울특별시","중랑구","신내동","중국집","5"
"20180121","일","남","40대","서울특별시","중랑구","망우동","중국집","5"
"20180121","일","남","20대","서울특별시","중랑구","상봉동","중국집","5"
"20180121","일","여","10대","서울특별시","중랑구","면목동","중국집","6"
"20180121","일","여","20대","서울특별시","중랑구","면목동","중국집","18"
"20180121","일","남","20대","서울특별시","중랑구","면목동","중국집","36"
"20180121","일","여","20대","서울특별시","중랑구","신내동","중국집","5"
"20180121","일","남","60대이상","서울특별시","중랑구","면목동","중국집","31"
"20180121","일","여","30대","서울특별시","중랑구","망우동","중국집","5"
"20180121","일","여","30대","서울특별시","중랑구","면목동","중국집","75"
"20180121","일","남","50대","서울특별시","중랑구","묵동","중국집","5"
"20180121","일","여","30대","서울특별시","중랑구","신내동","중국집","5"
"20180121","일","남","10대","서울특별시","중랑구","면목동","중국집","5"
"20180121","일","여","30대","서울특별시","중랑구","중화동","중국집","5"
"20180121","일","여","40대","서울특별시","중랑구","망우동","중국집","5"
"20180121","일","여","40대","서울특별시","중랑구","면목동","중국집","60"
"20180121","일","여","20대","서울특별시","중랑구","망우동","중국집","5"
"20180121","일","여","40대","서울특별시","중랑구","묵동","중국집","5"
"20180121","일","여","40대","서울특별시","중랑구","신내동","중국집","5"
"20180121","일","여","10대","서울특별시","중랑구","망우동","중국집","5"
"20180121","일","여","50대","서울특별시","중랑구","망우동","중국집","5"
"20180121","일","여","50대","서울특별시","중랑구","면목동","중국집","43"
"20180121","일","여","50대","서울특별시","중랑구","묵동","중국집","5"
"20180121","일","여","30대","서울특별시","중랑구","묵동","중국집","5"
"20180121","일","여","50대","서울특별시","중랑구","신내동","중국집","5"
"20180121","일","여","60대이상","서울특별시","중랑구","망우동","중국집","5"
"20180121","일","남","40대","서울특별시","중랑구","상봉동","중국집","5"
"20180121","일","여","60대이상","서울특별시","중랑구","면목동","중국집","21"
"20180121","일","남","40대","서울특별시","중랑구","묵동","중국집","5"
"20180121","일","여","60대이상","서울특별시","중랑구","묵동","중국집","5"
"20180121","일","여","60대이상","서울특별시","중랑구","신내동","중국집","5"
"20180122","월","남","10대","서울특별시","강남구","도곡동","중국집","5"
"20180122","월","남","10대","서울특별시","강남구","삼성동","중국집","5"
"20180122","월","남","10대","서울특별시","강남구","세곡동","중국집","5"
"20180122","월","남","30대","서울특별시","강남구","대치동","중국집","5"
"20180122","월","남","20대","서울특별시","강남구","세곡동","중국집","5"
"20180122","월","남","20대","서울특별시","강남구","삼성동","중국집","35"
"20180122","월","남","30대","서울특별시","강남구","수서동","중국집","7"
"20180122","월","남","30대","서울특별시","강남구","역삼동","중국집","90"
"20180122","월","남","40대","서울특별시","강남구","논현동","중국집","40"
"20180122","월","남","40대","서울특별시","강남구","삼성동","중국집","80"
"20180122","월","남","10대","서울특별시","강남구","역삼동","중국집","7"
"20180122","월","남","40대","서울특별시","강남구","세곡동","중국집","13"
"20180122","월","남","50대","서울특별시","강남구","도곡동","중국집","5"
"20180122","월","남","60대이상","서울특별시","강남구","수서동","중국집","5"
"20180122","월","남","60대이상","서울특별시","강남구","압구정동","중국집","5"
"20180122","월","남","50대","서울특별시","강남구","역삼동","중국집","32"
"20180122","월","남","40대","서울특별시","강남구","도곡동","중국집","5"
"20180122","월","남","60대이상","서울특별시","강남구","역삼동","중국집","39"
"20180122","월","여","10대","서울특별시","강남구","수서동","중국집","5"
"20180122","월","여","10대","서울특별시","강남구","역삼동","중국집","5"
"20180122","월","여","20대","서울특별시","강남구","개포동","중국집","5"
"20180122","월","여","20대","서울특별시","강남구","도곡동","중국집","5"
"20180122","월","여","20대","서울특별시","강남구","세곡동","중국집","5"
"20180122","월","남","30대","서울특별시","강남구","세곡동","중국집","8"
"20180122","월","여","20대","서울특별시","강남구","역삼동","중국집","19"
"20180122","월","여","30대","서울특별시","강남구","개포동","중국집","5"
"20180122","월","남","20대","서울특별시","강남구","일원동","중국집","5"
"20180122","월","여","30대","서울특별시","강남구","논현동","중국집","31"
"20180122","월","여","30대","서울특별시","강남구","도곡동","중국집","5"
"20180122","월","남","30대","서울특별시","강남구","도곡동","중국집","5"
"20180122","월","남","20대","서울특별시","강남구","대치동","중국집","5"
"20180122","월","여","30대","서울특별시","강남구","삼성동","중국집","63"
"20180122","월","남","40대","서울특별시","강남구","수서동","중국집","5"
"20180122","월","남","20대","서울특별시","강남구","논현동","중국집","31"
"20180122","월","남","30대","서울특별시","강남구","삼성동","중국집","84"
"20180122","월","여","30대","서울특별시","강남구","세곡동","중국집","6"
"20180122","월","여","30대","서울특별시","강남구","수서동","중국집","5"
"20180122","월","남","50대","서울특별시","강남구","세곡동","중국집","6"
"20180122","월","여","30대","서울특별시","강남구","신사동","중국집","5"
"20180122","월","남","30대","서울특별시","강남구","논현동","중국집","40"
"20180122","월","여","20대","서울특별시","강남구","일원동","중국집","5"
"20180122","월","남","30대","서울특별시","강남구","일원동","중국집","5"
"20180122","월","남","40대","서울특별시","강남구","압구정동","중국집","5"
"20180122","월","여","20대","서울특별시","강남구","삼성동","중국집","22"
"20180122","월","여","30대","서울특별시","강남구","역삼동","중국집","66"
"20180122","월","여","20대","서울특별시","강남구","논현동","중국집","28"
"20180122","월","여","20대","서울특별시","강남구","대치동","중국집","5"
"20180122","월","남","60대이상","서울특별시","강남구","세곡동","중국집","5"
"20180122","월","남","50대","서울특별시","강남구","삼성동","중국집","39"
"20180122","월","여","30대","서울특별시","강남구","일원동","중국집","5"
"20180122","월","여","10대","서울특별시","강남구","삼성동","중국집","6"
"20180122","월","남","20대","서울특별시","강남구","역삼동","중국집","33"
"20180122","월","여","40대","서울특별시","강남구","논현동","중국집","40"
"20180122","월","여","40대","서울특별시","강남구","도곡동","중국집","10"
"20180122","월","여","10대","서울특별시","강남구","세곡동","중국집","5"
"20180122","월","여","40대","서울특별시","강남구","삼성동","중국집","84"
"20180122","월","남","50대","서울특별시","강남구","수서동","중국집","5"
"20180122","월","여","40대","서울특별시","강남구","세곡동","중국집","8"
"20180122","월","남","20대","서울특별시","강남구","도곡동","중국집","5"
"20180122","월","남","60대이상","서울특별시","강남구","대치동","중국집","5"
"20180122","월","여","40대","서울특별시","강남구","압구정동","중국집","5"
"20180122","월","여","40대","서울특별시","강남구","역삼동","중국집","43"
"20180122","월","여","20대","서울특별시","강남구","수서동","중국집","5"
"20180122","월","여","40대","서울특별시","강남구","일원동","중국집","5"
"20180122","월","여","50대","서울특별시","강남구","논현동","중국집","25"
"20180122","월","남","20대","서울특별시","강남구","수서동","중국집","6"
"20180122","월","여","50대","서울특별시","강남구","대치동","중국집","5"
"20180122","월","여","50대","서울특별시","강남구","도곡동","중국집","5"
"20180122","월","여","50대","서울특별시","강남구","삼성동","중국집","46"
"20180122","월","남","50대","서울특별시","강남구","논현동","중국집","25"
"20180122","월","남","40대","서울특별시","강남구","역삼동","중국집","66"
"20180122","월","여","50대","서울특별시","강남구","세곡동","중국집","5"
"20180122","월","여","50대","서울특별시","강남구","수서동","중국집","5"
"20180122","월","남","10대","서울특별시","강남구","논현동","중국집","5"
"20180122","월","여","50대","서울특별시","강남구","역삼동","중국집","29"
"20180122","월","남","50대","서울특별시","강남구","개포동","중국집","5"
"20180122","월","여","60대이상","서울특별시","강남구","논현동","중국집","13"
"20180122","월","남","50대","서울특별시","강남구","대치동","중국집","5"
"20180122","월","여","60대이상","서울특별시","강남구","도곡동","중국집","6"
"20180122","월","여","40대","서울특별시","강남구","대치동","중국집","5"
"20180122","월","남","60대이상","서울특별시","강남구","논현동","중국집","13"
"20180122","월","여","60대이상","서울특별시","강남구","삼성동","중국집","24"
"20180122","월","여","60대이상","서울특별시","강남구","세곡동","중국집","5"
"20180122","월","여","40대","서울특별시","강남구","수서동","중국집","5"
"20180122","월","여","60대이상","서울특별시","강남구","역삼동","중국집","18"
"20180122","월","여","60대이상","서울특별시","강남구","일원동","중국집","5"
"20180122","월","남","60대이상","서울특별시","강남구","도곡동","중국집","5"
"20180122","월","남","60대이상","서울특별시","강남구","삼성동","중국집","36"
"20180122","월","남","20대","서울특별시","강동구","길동","중국집","29"
"20180122","월","남","20대","서울특별시","강동구","명일동","중국집","6"
"20180122","월","남","20대","서울특별시","강동구","상일동","중국집","5"
"20180122","월","남","20대","서울특별시","강동구","성내동","중국집","5"
"20180122","월","남","20대","서울특별시","강동구","암사동","중국집","5"
"20180122","월","남","20대","서울특별시","강동구","천호동","중국집","5"
"20180122","월","남","30대","서울특별시","강동구","길동","중국집","63"
"20180122","월","남","30대","서울특별시","강동구","상일동","중국집","5"
"20180122","월","남","40대","서울특별시","강동구","길동","중국집","54"
"20180122","월","남","50대","서울특별시","강동구","길동","중국집","34"
"20180122","월","남","30대","서울특별시","강동구","암사동","중국집","5"
"20180122","월","남","30대","서울특별시","강동구","성내동","중국집","5"
"20180122","월","남","50대","서울특별시","강동구","상일동","중국집","5"
"20180122","월","남","50대","서울특별시","강동구","성내동","중국집","5"
"20180122","월","남","50대","서울특별시","강동구","암사동","중국집","5"
"20180122","월","남","10대","서울특별시","강동구","명일동","중국집","5"
"20180122","월","남","50대","서울특별시","강동구","천호동","중국집","5"
"20180122","월","남","60대이상","서울특별시","강동구","길동","중국집","34"
"20180122","월","여","10대","서울특별시","강동구","길동","중국집","5"
"20180122","월","남","60대이상","서울특별시","강동구","천호동","중국집","5"
"20180122","월","여","20대","서울특별시","강동구","길동","중국집","18"
"20180122","월","여","20대","서울특별시","강동구","상일동","중국집","5"
"20180122","월","남","50대","서울특별시","강동구","명일동","중국집","5"
"20180122","월","여","30대","서울특별시","강동구","길동","중국집","52"
"20180122","월","여","30대","서울특별시","강동구","명일동","중국집","5"
"20180122","월","여","30대","서울특별시","강동구","천호동","중국집","5"
"20180122","월","여","40대","서울특별시","강동구","길동","중국집","62"
"20180122","월","남","10대","서울특별시","강동구","길동","중국집","12"
"20180122","월","여","40대","서울특별시","강동구","명일동","중국집","5"
"20180122","월","여","40대","서울특별시","강동구","상일동","중국집","5"
"20180122","월","여","20대","서울특별시","강동구","성내동","중국집","5"
"20180122","월","남","40대","서울특별시","강동구","천호동","중국집","5"
"20180122","월","여","40대","서울특별시","강동구","성내동","중국집","5"
"20180122","월","여","40대","서울특별시","강동구","암사동","중국집","5"
"20180122","월","여","30대","서울특별시","강동구","성내동","중국집","5"
"20180122","월","여","40대","서울특별시","강동구","천호동","중국집","5"
"20180122","월","여","50대","서울특별시","강동구","길동","중국집","34"
"20180122","월","여","20대","서울특별시","강동구","천호동","중국집","5"
"20180122","월","여","50대","서울특별시","강동구","둔촌동","중국집","5"
"20180122","월","여","50대","서울특별시","강동구","명일동","중국집","5"
"20180122","월","남","40대","서울특별시","강동구","성내동","중국집","5"
"20180122","월","여","50대","서울특별시","강동구","성내동","중국집","5"
"20180122","월","여","50대","서울특별시","강동구","암사동","중국집","5"
"20180122","월","여","50대","서울특별시","강동구","천호동","중국집","5"
"20180122","월","여","30대","서울특별시","강동구","암사동","중국집","5"
"20180122","월","여","60대이상","서울특별시","강동구","길동","중국집","16"
"20180122","월","여","60대이상","서울특별시","강동구","명일동","중국집","5"
"20180122","월","여","60대이상","서울특별시","강동구","성내동","중국집","5"
"20180122","월","여","60대이상","서울특별시","강동구","암사동","중국집","5"
"20180122","월","여","20대","서울특별시","강동구","명일동","중국집","5"
"20180122","월","남","10대","서울특별시","강북구","번동","중국집","5"
"20180122","월","남","20대","서울특별시","강북구","번동","중국집","10"
"20180122","월","남","20대","서울특별시","강북구","수유동","중국집","5"
"20180122","월","남","20대","서울특별시","강북구","우이동","중국집","6"
"20180122","월","남","30대","서울특별시","강북구","미아동","중국집","48"
"20180122","월","남","30대","서울특별시","강북구","번동","중국집","21"
"20180122","월","남","30대","서울특별시","강북구","우이동","중국집","5"
"20180122","월","남","40대","서울특별시","강북구","미아동","중국집","69"
"20180122","월","남","40대","서울특별시","강북구","번동","중국집","9"
"20180122","월","남","10대","서울특별시","강북구","미아동","중국집","13"
"20180122","월","남","50대","서울특별시","강북구","미아동","중국집","46"
"20180122","월","남","60대이상","서울특별시","강북구","미아동","중국집","32"
"20180122","월","남","60대이상","서울특별시","강북구","번동","중국집","6"
"20180122","월","여","10대","서울특별시","강북구","미아동","중국집","7"
"20180122","월","여","20대","서울특별시","강북구","미아동","중국집","23"
"20180122","월","남","50대","서울특별시","강북구","번동","중국집","9"
"20180122","월","여","20대","서울특별시","강북구","번동","중국집","8"
"20180122","월","여","20대","서울특별시","강북구","우이동","중국집","5"
"20180122","월","여","30대","서울특별시","강북구","미아동","중국집","38"
"20180122","월","여","30대","서울특별시","강북구","번동","중국집","8"
"20180122","월","여","30대","서울특별시","강북구","우이동","중국집","5"
"20180122","월","여","40대","서울특별시","강북구","미아동","중국집","76"
"20180122","월","여","40대","서울특별시","강북구","번동","중국집","17"
"20180122","월","여","40대","서울특별시","강북구","우이동","중국집","5"
"20180122","월","여","50대","서울특별시","강북구","미아동","중국집","35"
"20180122","월","여","50대","서울특별시","강북구","번동","중국집","16"
"20180122","월","여","60대이상","서울특별시","강북구","미아동","중국집","23"
"20180122","월","여","60대이상","서울특별시","강북구","번동","중국집","5"
"20180122","월","남","20대","서울특별시","강북구","미아동","중국집","34"
"20180122","월","남","10대","서울특별시","강서구","가양동","중국집","5"
"20180122","월","남","20대","서울특별시","강서구","화곡동","중국집","22"
"20180122","월","남","30대","서울특별시","강서구","가양동","중국집","26"
"20180122","월","남","20대","서울특별시","강서구","등촌동","중국집","10"
"20180122","월","남","30대","서울특별시","강서구","내발산동","중국집","44"
"20180122","월","남","30대","서울특별시","강서구","마곡동","중국집","5"
"20180122","월","남","10대","서울특별시","강서구","등촌동","중국집","6"
"20180122","월","남","30대","서울특별시","강서구","외발산동","중국집","5"
"20180122","월","남","40대","서울특별시","강서구","마곡동","중국집","5"
"20180122","월","남","40대","서울특별시","강서구","방화동","중국집","5"
"20180122","월","남","50대","서울특별시","강서구","가양동","중국집","14"
"20180122","월","남","30대","서울특별시","강서구","등촌동","중국집","20"
"20180122","월","남","50대","서울특별시","강서구","마곡동","중국집","5"
"20180122","월","남","50대","서울특별시","강서구","방화동","중국집","5"
"20180122","월","남","60대이상","서울특별시","강서구","가양동","중국집","12"
"20180122","월","남","40대","서울특별시","강서구","화곡동","중국집","45"
"20180122","월","남","60대이상","서울특별시","강서구","등촌동","중국집","5"
"20180122","월","남","20대","서울특별시","강서구","내발산동","중국집","30"
"20180122","월","남","60대이상","서울특별시","강서구","마곡동","중국집","5"
"20180122","월","남","50대","서울특별시","강서구","등촌동","중국집","8"
"20180122","월","남","50대","서울특별시","강서구","내발산동","중국집","24"
"20180122","월","남","60대이상","서울특별시","강서구","방화동","중국집","5"
"20180122","월","여","10대","서울특별시","강서구","가양동","중국집","5"
"20180122","월","여","10대","서울특별시","강서구","내발산동","중국집","5"
"20180122","월","여","10대","서울특별시","강서구","등촌동","중국집","5"
"20180122","월","여","10대","서울특별시","강서구","방화동","중국집","5"
"20180122","월","남","20대","서울특별시","강서구","가양동","중국집","14"
"20180122","월","여","10대","서울특별시","강서구","화곡동","중국집","5"
"20180122","월","남","30대","서울특별시","강서구","화곡동","중국집","37"
"20180122","월","남","60대이상","서울특별시","강서구","화곡동","중국집","20"
"20180122","월","여","20대","서울특별시","강서구","가양동","중국집","8"
"20180122","월","여","20대","서울특별시","강서구","등촌동","중국집","7"
"20180122","월","남","40대","서울특별시","강서구","등촌동","중국집","20"
"20180122","월","여","20대","서울특별시","강서구","방화동","중국집","5"
"20180122","월","여","20대","서울특별시","강서구","내발산동","중국집","8"
"20180122","월","여","30대","서울특별시","강서구","가양동","중국집","18"
"20180122","월","여","30대","서울특별시","강서구","내발산동","중국집","29"
"20180122","월","여","30대","서울특별시","강서구","방화동","중국집","5"
"20180122","월","여","30대","서울특별시","강서구","외발산동","중국집","5"
"20180122","월","여","30대","서울특별시","강서구","화곡동","중국집","28"
"20180122","월","여","40대","서울특별시","강서구","가양동","중국집","40"
"20180122","월","여","30대","서울특별시","강서구","등촌동","중국집","29"
"20180122","월","여","40대","서울특별시","강서구","내발산동","중국집","50"
"20180122","월","남","10대","서울특별시","강서구","내발산동","중국집","7"
"20180122","월","여","40대","서울특별시","강서구","등촌동","중국집","31"
"20180122","월","여","20대","서울특별시","강서구","화곡동","중국집","10"
"20180122","월","남","40대","서울특별시","강서구","내발산동","중국집","42"
"20180122","월","여","40대","서울특별시","강서구","마곡동","중국집","5"
"20180122","월","남","60대이상","서울특별시","강서구","내발산동","중국집","22"
"20180122","월","남","10대","서울특별시","강서구","화곡동","중국집","7"
"20180122","월","여","40대","서울특별시","강서구","방화동","중국집","5"
"20180122","월","여","40대","서울특별시","강서구","화곡동","중국집","60"
"20180122","월","여","50대","서울특별시","강서구","가양동","중국집","8"
"20180122","월","여","50대","서울특별시","강서구","내발산동","중국집","33"
"20180122","월","여","20대","서울특별시","강서구","마곡동","중국집","5"
"20180122","월","여","50대","서울특별시","강서구","등촌동","중국집","12"
"20180122","월","여","50대","서울특별시","강서구","화곡동","중국집","37"
"20180122","월","여","60대이상","서울특별시","강서구","가양동","중국집","8"
"20180122","월","남","50대","서울특별시","강서구","화곡동","중국집","44"
"20180122","월","여","60대이상","서울특별시","강서구","내발산동","중국집","9"
"20180122","월","여","60대이상","서울특별시","강서구","등촌동","중국집","11"
"20180122","월","여","60대이상","서울특별시","강서구","방화동","중국집","5"
"20180122","월","남","40대","서울특별시","강서구","가양동","중국집","32"
"20180122","월","여","60대이상","서울특별시","강서구","화곡동","중국집","30"
"20180122","월","남","10대","서울특별시","관악구","봉천동","중국집","5"
"20180122","월","남","20대","서울특별시","관악구","봉천동","중국집","5"
"20180122","월","남","20대","서울특별시","관악구","신림동","중국집","13"
"20180122","월","남","30대","서울특별시","관악구","봉천동","중국집","11"
"20180122","월","남","30대","서울특별시","관악구","신림동","중국집","14"
"20180122","월","남","40대","서울특별시","관악구","봉천동","중국집","5"
"20180122","월","남","40대","서울특별시","관악구","신림동","중국집","6"
"20180122","월","남","50대","서울특별시","관악구","봉천동","중국집","5"
"20180122","월","남","50대","서울특별시","관악구","신림동","중국집","5"
"20180122","월","남","60대이상","서울특별시","관악구","신림동","중국집","5"
"20180122","월","여","10대","서울특별시","관악구","봉천동","중국집","5"
"20180122","월","여","10대","서울특별시","관악구","신림동","중국집","5"
"20180122","월","여","20대","서울특별시","관악구","신림동","중국집","9"
"20180122","월","여","30대","서울특별시","관악구","봉천동","중국집","8"
"20180122","월","여","20대","서울특별시","관악구","봉천동","중국집","5"
"20180122","월","여","40대","서울특별시","관악구","봉천동","중국집","12"
"20180122","월","여","30대","서울특별시","관악구","신림동","중국집","5"
"20180122","월","여","40대","서울특별시","관악구","신림동","중국집","8"
"20180122","월","여","50대","서울특별시","관악구","신림동","중국집","6"
"20180122","월","여","60대이상","서울특별시","관악구","봉천동","중국집","5"
"20180122","월","여","60대이상","서울특별시","관악구","신림동","중국집","5"
"20180122","월","남","10대","서울특별시","광진구","자양동","중국집","5"
"20180122","월","남","20대","서울특별시","광진구","능동","중국집","5"
"20180122","월","남","20대","서울특별시","광진구","자양동","중국집","10"
"20180122","월","남","30대","서울특별시","광진구","능동","중국집","5"
"20180122","월","남","30대","서울특별시","광진구","자양동","중국집","10"
"20180122","월","남","40대","서울특별시","광진구","광장동","중국집","5"
"20180122","월","남","40대","서울특별시","광진구","자양동","중국집","7"
"20180122","월","남","50대","서울특별시","광진구","광장동","중국집","5"
"20180122","월","남","10대","서울특별시","광진구","능동","중국집","5"
"20180122","월","남","50대","서울특별시","광진구","자양동","중국집","6"
"20180122","월","남","60대이상","서울특별시","광진구","광장동","중국집","5"
"20180122","월","남","60대이상","서울특별시","광진구","구의동","중국집","5"
"20180122","월","남","60대이상","서울특별시","광진구","자양동","중국집","5"
"20180122","월","여","10대","서울특별시","광진구","자양동","중국집","5"
"20180122","월","여","20대","서울특별시","광진구","광장동","중국집","5"
"20180122","월","여","20대","서울특별시","광진구","능동","중국집","5"
"20180122","월","여","20대","서울특별시","광진구","자양동","중국집","9"
"20180122","월","여","30대","서울특별시","광진구","능동","중국집","5"
"20180122","월","여","30대","서울특별시","광진구","자양동","중국집","11"
"20180122","월","여","40대","서울특별시","광진구","능동","중국집","5"
"20180122","월","여","30대","서울특별시","광진구","화양동","중국집","5"
"20180122","월","여","40대","서울특별시","광진구","자양동","중국집","10"
"20180122","월","여","40대","서울특별시","광진구","중곡동","중국집","5"
"20180122","월","남","50대","서울특별시","광진구","중곡동","중국집","5"
"20180122","월","남","20대","서울특별시","광진구","광장동","중국집","6"
"20180122","월","여","40대","서울특별시","광진구","화양동","중국집","5"
"20180122","월","여","30대","서울특별시","광진구","중곡동","중국집","5"
"20180122","월","여","50대","서울특별시","광진구","자양동","중국집","5"
"20180122","월","여","50대","서울특별시","광진구","화양동","중국집","5"
"20180122","월","여","60대이상","서울특별시","광진구","광장동","중국집","5"
"20180122","월","여","60대이상","서울특별시","광진구","자양동","중국집","5"
"20180122","월","여","60대이상","서울특별시","광진구","화양동","중국집","5"
"20180122","월","남","10대","서울특별시","구로구","개봉동","중국집","5"
"20180122","월","남","30대","서울특별시","구로구","구로동","중국집","5"
"20180122","월","남","30대","서울특별시","구로구","궁동","중국집","5"
"20180122","월","남","30대","서울특별시","구로구","신도림동","중국집","5"
"20180122","월","남","40대","서울특별시","구로구","개봉동","중국집","27"
"20180122","월","남","20대","서울특별시","구로구","개봉동","중국집","9"
"20180122","월","남","40대","서울특별시","구로구","구로동","중국집","5"
"20180122","월","남","50대","서울특별시","구로구","개봉동","중국집","15"
"20180122","월","남","60대이상","서울특별시","구로구","궁동","중국집","5"
"20180122","월","여","10대","서울특별시","구로구","개봉동","중국집","5"
"20180122","월","여","20대","서울특별시","구로구","개봉동","중국집","6"
"20180122","월","여","20대","서울특별시","구로구","구로동","중국집","5"
"20180122","월","여","20대","서울특별시","구로구","궁동","중국집","5"
"20180122","월","여","30대","서울특별시","구로구","개봉동","중국집","16"
"20180122","월","여","30대","서울특별시","구로구","구로동","중국집","5"
"20180122","월","남","40대","서울특별시","구로구","궁동","중국집","5"
"20180122","월","남","30대","서울특별시","구로구","개봉동","중국집","16"
"20180122","월","여","30대","서울특별시","구로구","궁동","중국집","5"
"20180122","월","여","40대","서울특별시","구로구","개봉동","중국집","33"
"20180122","월","남","50대","서울특별시","구로구","구로동","중국집","5"
"20180122","월","남","60대이상","서울특별시","구로구","개봉동","중국집","10"
"20180122","월","여","40대","서울특별시","구로구","궁동","중국집","5"
"20180122","월","남","20대","서울특별시","구로구","궁동","중국집","5"
"20180122","월","여","40대","서울특별시","구로구","신도림동","중국집","5"
"20180122","월","여","50대","서울특별시","구로구","개봉동","중국집","17"
"20180122","월","여","50대","서울특별시","구로구","구로동","중국집","5"
"20180122","월","여","50대","서울특별시","구로구","신도림동","중국집","5"
"20180122","월","여","60대이상","서울특별시","구로구","개봉동","중국집","8"
"20180122","월","여","60대이상","서울특별시","구로구","구로동","중국집","5"
"20180122","월","남","10대","서울특별시","금천구","시흥동","중국집","5"
"20180122","월","남","20대","서울특별시","금천구","독산동","중국집","5"
"20180122","월","남","30대","서울특별시","금천구","가산동","중국집","28"
"20180122","월","남","30대","서울특별시","금천구","시흥동","중국집","5"
"20180122","월","남","40대","서울특별시","금천구","독산동","중국집","5"
"20180122","월","남","40대","서울특별시","금천구","시흥동","중국집","5"
"20180122","월","남","50대","서울특별시","금천구","가산동","중국집","10"
"20180122","월","남","50대","서울특별시","금천구","독산동","중국집","5"
"20180122","월","남","50대","서울특별시","금천구","시흥동","중국집","5"
"20180122","월","남","60대이상","서울특별시","금천구","가산동","중국집","6"
"20180122","월","남","60대이상","서울특별시","금천구","독산동","중국집","5"
"20180122","월","여","10대","서울특별시","금천구","시흥동","중국집","5"
"20180122","월","남","10대","서울특별시","금천구","독산동","중국집","5"
"20180122","월","남","40대","서울특별시","금천구","가산동","중국집","13"
"20180122","월","여","20대","서울특별시","금천구","가산동","중국집","5"
"20180122","월","남","10대","서울특별시","금천구","가산동","중국집","5"
"20180122","월","여","20대","서울특별시","금천구","독산동","중국집","5"
"20180122","월","여","30대","서울특별시","금천구","가산동","중국집","5"
"20180122","월","여","30대","서울특별시","금천구","독산동","중국집","5"
"20180122","월","여","30대","서울특별시","금천구","시흥동","중국집","5"
"20180122","월","여","40대","서울특별시","금천구","가산동","중국집","10"
"20180122","월","여","40대","서울특별시","금천구","독산동","중국집","5"
"20180122","월","여","40대","서울특별시","금천구","시흥동","중국집","5"
"20180122","월","여","50대","서울특별시","금천구","가산동","중국집","7"
"20180122","월","여","50대","서울특별시","금천구","시흥동","중국집","6"
"20180122","월","여","60대이상","서울특별시","금천구","가산동","중국집","5"
"20180122","월","남","20대","서울특별시","금천구","가산동","중국집","11"
"20180122","월","여","50대","서울특별시","금천구","독산동","중국집","5"
"20180122","월","여","60대이상","서울특별시","금천구","시흥동","중국집","5"
"20180122","월","남","10대","서울특별시","노원구","상계동","중국집","7"
"20180122","월","남","20대","서울특별시","노원구","공릉동","중국집","5"
"20180122","월","남","20대","서울특별시","노원구","상계동","중국집","28"
"20180122","월","남","20대","서울특별시","노원구","월계동","중국집","5"
"20180122","월","남","30대","서울특별시","노원구","월계동","중국집","5"
"20180122","월","남","40대","서울특별시","노원구","공릉동","중국집","5"
"20180122","월","남","40대","서울특별시","노원구","월계동","중국집","5"
"20180122","월","남","50대","서울특별시","노원구","공릉동","중국집","5"
"20180122","월","남","50대","서울특별시","노원구","상계동","중국집","29"
"20180122","월","남","50대","서울특별시","노원구","월계동","중국집","5"
"20180122","월","남","30대","서울특별시","노원구","공릉동","중국집","5"
"20180122","월","남","50대","서울특별시","노원구","중계동","중국집","5"
"20180122","월","남","60대이상","서울특별시","노원구","상계동","중국집","30"
"20180122","월","여","10대","서울특별시","노원구","공릉동","중국집","5"
"20180122","월","여","10대","서울특별시","노원구","상계동","중국집","6"
"20180122","월","남","60대이상","서울특별시","노원구","월계동","중국집","5"
"20180122","월","여","20대","서울특별시","노원구","공릉동","중국집","5"
"20180122","월","여","20대","서울특별시","노원구","상계동","중국집","11"
"20180122","월","여","30대","서울특별시","노원구","공릉동","중국집","5"
"20180122","월","남","40대","서울특별시","노원구","상계동","중국집","39"
"20180122","월","남","40대","서울특별시","노원구","중계동","중국집","5"
"20180122","월","여","30대","서울특별시","노원구","상계동","중국집","48"
"20180122","월","여","30대","서울특별시","노원구","월계동","중국집","5"
"20180122","월","남","30대","서울특별시","노원구","상계동","중국집","42"
"20180122","월","여","30대","서울특별시","노원구","중계동","중국집","5"
"20180122","월","여","20대","서울특별시","노원구","중계동","중국집","5"
"20180122","월","여","40대","서울특별시","노원구","상계동","중국집","63"
"20180122","월","여","40대","서울특별시","노원구","월계동","중국집","5"
"20180122","월","여","40대","서울특별시","노원구","중계동","중국집","5"
"20180122","월","여","50대","서울특별시","노원구","상계동","중국집","24"
"20180122","월","여","20대","서울특별시","노원구","월계동","중국집","5"
"20180122","월","여","50대","서울특별시","노원구","공릉동","중국집","5"
"20180122","월","여","50대","서울특별시","노원구","월계동","중국집","5"
"20180122","월","여","50대","서울특별시","노원구","중계동","중국집","5"
"20180122","월","여","60대이상","서울특별시","노원구","공릉동","중국집","5"
"20180122","월","여","60대이상","서울특별시","노원구","상계동","중국집","19"
"20180122","월","여","40대","서울특별시","노원구","공릉동","중국집","6"
"20180122","월","남","10대","서울특별시","노원구","중계동","중국집","5"
"20180122","월","남","60대이상","서울특별시","노원구","공릉동","중국집","5"
"20180122","월","여","60대이상","서울특별시","노원구","월계동","중국집","5"
"20180122","월","여","10대","서울특별시","노원구","중계동","중국집","5"
"20180122","월","남","20대","서울특별시","도봉구","도봉동","중국집","5"
"20180122","월","남","20대","서울특별시","도봉구","방학동","중국집","5"
"20180122","월","남","20대","서울특별시","도봉구","쌍문동","중국집","5"
"20180122","월","남","30대","서울특별시","도봉구","방학동","중국집","5"
"20180122","월","남","30대","서울특별시","도봉구","쌍문동","중국집","5"
"20180122","월","남","40대","서울특별시","도봉구","도봉동","중국집","5"
"20180122","월","남","40대","서울특별시","도봉구","방학동","중국집","5"
"20180122","월","남","40대","서울특별시","도봉구","쌍문동","중국집","5"
"20180122","월","남","50대","서울특별시","도봉구","쌍문동","중국집","5"
"20180122","월","남","60대이상","서울특별시","도봉구","방학동","중국집","5"
"20180122","월","여","10대","서울특별시","도봉구","쌍문동","중국집","5"
"20180122","월","남","30대","서울특별시","도봉구","도봉동","중국집","5"
"20180122","월","여","20대","서울특별시","도봉구","쌍문동","중국집","5"
"20180122","월","여","40대","서울특별시","도봉구","방학동","중국집","5"
"20180122","월","여","40대","서울특별시","도봉구","쌍문동","중국집","5"
"20180122","월","여","50대","서울특별시","도봉구","도봉동","중국집","5"
"20180122","월","여","50대","서울특별시","도봉구","쌍문동","중국집","5"
"20180122","월","남","10대","서울특별시","도봉구","쌍문동","중국집","5"
"20180122","월","여","60대이상","서울특별시","도봉구","쌍문동","중국집","5"
"20180122","월","남","10대","서울특별시","동대문구","장안동","중국집","11"
"20180122","월","남","10대","서울특별시","동대문구","제기동","중국집","5"
"20180122","월","남","20대","서울특별시","동대문구","장안동","중국집","38"
"20180122","월","남","20대","서울특별시","동대문구","전농동","중국집","6"
"20180122","월","남","20대","서울특별시","동대문구","제기동","중국집","34"
"20180122","월","남","30대","서울특별시","동대문구","답십리동","중국집","5"
"20180122","월","남","30대","서울특별시","동대문구","장안동","중국집","42"
"20180122","월","남","30대","서울특별시","동대문구","전농동","중국집","5"
"20180122","월","남","40대","서울특별시","동대문구","답십리동","중국집","5"
"20180122","월","남","50대","서울특별시","동대문구","제기동","중국집","39"
"20180122","월","남","60대이상","서울특별시","동대문구","장안동","중국집","22"
"20180122","월","남","50대","서울특별시","동대문구","장안동","중국집","34"
"20180122","월","남","50대","서울특별시","동대문구","전농동","중국집","5"
"20180122","월","남","60대이상","서울특별시","동대문구","전농동","중국집","5"
"20180122","월","남","60대이상","서울특별시","동대문구","제기동","중국집","25"
"20180122","월","여","10대","서울특별시","동대문구","제기동","중국집","5"
"20180122","월","남","10대","서울특별시","동대문구","답십리동","중국집","5"
"20180122","월","여","20대","서울특별시","동대문구","전농동","중국집","5"
"20180122","월","여","20대","서울특별시","동대문구","장안동","중국집","13"
"20180122","월","여","20대","서울특별시","동대문구","제기동","중국집","18"
"20180122","월","여","30대","서울특별시","동대문구","장안동","중국집","27"
"20180122","월","여","30대","서울특별시","동대문구","전농동","중국집","5"
"20180122","월","남","40대","서울특별시","동대문구","제기동","중국집","41"
"20180122","월","남","30대","서울특별시","동대문구","제기동","중국집","40"
"20180122","월","여","40대","서울특별시","동대문구","전농동","중국집","5"
"20180122","월","여","40대","서울특별시","동대문구","휘경동","중국집","5"
"20180122","월","여","50대","서울특별시","동대문구","답십리동","중국집","5"
"20180122","월","여","40대","서울특별시","동대문구","장안동","중국집","34"
"20180122","월","여","50대","서울특별시","동대문구","장안동","중국집","18"
"20180122","월","여","50대","서울특별시","동대문구","전농동","중국집","5"
"20180122","월","여","50대","서울특별시","동대문구","제기동","중국집","15"
"20180122","월","남","40대","서울특별시","동대문구","장안동","중국집","42"
"20180122","월","여","30대","서울특별시","동대문구","제기동","중국집","24"
"20180122","월","여","60대이상","서울특별시","동대문구","답십리동","중국집","5"
"20180122","월","여","60대이상","서울특별시","동대문구","장안동","중국집","14"
"20180122","월","여","10대","서울특별시","동대문구","장안동","중국집","5"
"20180122","월","여","60대이상","서울특별시","동대문구","전농동","중국집","5"
"20180122","월","여","40대","서울특별시","동대문구","제기동","중국집","42"
"20180122","월","여","60대이상","서울특별시","동대문구","제기동","중국집","20"
"20180122","월","여","10대","서울특별시","동대문구","전농동","중국집","5"
"20180122","월","남","10대","서울특별시","동작구","상도동","중국집","5"
"20180122","월","남","20대","서울특별시","동작구","본동","중국집","5"
"20180122","월","남","20대","서울특별시","동작구","사당동","중국집","5"
"20180122","월","남","20대","서울특별시","동작구","상도동","중국집","5"
"20180122","월","남","20대","서울특별시","동작구","신대방동","중국집","61"
"20180122","월","남","30대","서울특별시","동작구","노량진동","중국집","5"
"20180122","월","남","30대","서울특별시","동작구","본동","중국집","5"
"20180122","월","남","30대","서울특별시","동작구","사당동","중국집","6"
"20180122","월","남","30대","서울특별시","동작구","상도동","중국집","7"
"20180122","월","남","30대","서울특별시","동작구","신대방동","중국집","112"
"20180122","월","남","40대","서울특별시","동작구","노량진동","중국집","5"
"20180122","월","남","40대","서울특별시","동작구","본동","중국집","5"
"20180122","월","남","40대","서울특별시","동작구","상도동","중국집","6"
"20180122","월","남","40대","서울특별시","동작구","신대방동","중국집","68"
"20180122","월","남","50대","서울특별시","동작구","노량진동","중국집","5"
"20180122","월","남","40대","서울특별시","동작구","사당동","중국집","5"
"20180122","월","남","50대","서울특별시","동작구","본동","중국집","5"
"20180122","월","남","50대","서울특별시","동작구","상도동","중국집","5"
"20180122","월","남","50대","서울특별시","동작구","신대방동","중국집","51"
"20180122","월","남","50대","서울특별시","동작구","흑석동","중국집","5"
"20180122","월","남","60대이상","서울특별시","동작구","사당동","중국집","5"
"20180122","월","남","60대이상","서울특별시","동작구","상도동","중국집","5"
"20180122","월","남","60대이상","서울특별시","동작구","신대방동","중국집","40"
"20180122","월","여","10대","서울특별시","동작구","신대방동","중국집","11"
"20180122","월","여","20대","서울특별시","동작구","노량진동","중국집","5"
"20180122","월","남","50대","서울특별시","동작구","대방동","중국집","5"
"20180122","월","여","20대","서울특별시","동작구","본동","중국집","5"
"20180122","월","여","20대","서울특별시","동작구","상도동","중국집","5"
"20180122","월","남","10대","서울특별시","동작구","신대방동","중국집","13"
"20180122","월","여","20대","서울특별시","동작구","신대방동","중국집","30"
"20180122","월","여","30대","서울특별시","동작구","본동","중국집","5"
"20180122","월","남","20대","서울특별시","동작구","노량진동","중국집","5"
"20180122","월","여","30대","서울특별시","동작구","사당동","중국집","5"
"20180122","월","여","30대","서울특별시","동작구","상도동","중국집","5"
"20180122","월","여","30대","서울특별시","동작구","신대방동","중국집","60"
"20180122","월","여","40대","서울특별시","동작구","노량진동","중국집","5"
"20180122","월","여","40대","서울특별시","동작구","본동","중국집","5"
"20180122","월","여","40대","서울특별시","동작구","사당동","중국집","5"
"20180122","월","여","40대","서울특별시","동작구","상도동","중국집","5"
"20180122","월","여","40대","서울특별시","동작구","신대방동","중국집","79"
"20180122","월","여","10대","서울특별시","동작구","상도동","중국집","5"
"20180122","월","여","30대","서울특별시","동작구","노량진동","중국집","5"
"20180122","월","여","50대","서울특별시","동작구","본동","중국집","5"
"20180122","월","여","50대","서울특별시","동작구","상도동","중국집","5"
"20180122","월","여","50대","서울특별시","동작구","신대방동","중국집","57"
"20180122","월","여","60대이상","서울특별시","동작구","노량진동","중국집","5"
"20180122","월","여","60대이상","서울특별시","동작구","사당동","중국집","5"
"20180122","월","여","60대이상","서울특별시","동작구","상도동","중국집","5"
"20180122","월","여","20대","서울특별시","동작구","사당동","중국집","5"
"20180122","월","여","60대이상","서울특별시","동작구","신대방동","중국집","37"
"20180122","월","남","20대","서울특별시","마포구","공덕동","중국집","5"
"20180122","월","남","20대","서울특별시","마포구","아현동","중국집","5"
"20180122","월","남","30대","서울특별시","마포구","공덕동","중국집","5"
"20180122","월","남","30대","서울특별시","마포구","상암동","중국집","11"
"20180122","월","남","30대","서울특별시","마포구","신공덕동","중국집","5"
"20180122","월","남","30대","서울특별시","마포구","합정동","중국집","15"
"20180122","월","남","20대","서울특별시","마포구","상암동","중국집","10"
"20180122","월","남","40대","서울특별시","마포구","망원동","중국집","5"
"20180122","월","남","30대","서울특별시","마포구","창전동","중국집","5"
"20180122","월","남","40대","서울특별시","마포구","상암동","중국집","19"
"20180122","월","남","50대","서울특별시","마포구","마포동","중국집","5"
"20180122","월","남","30대","서울특별시","마포구","마포동","중국집","5"
"20180122","월","남","50대","서울특별시","마포구","상암동","중국집","12"
"20180122","월","남","50대","서울특별시","마포구","합정동","중국집","5"
"20180122","월","남","40대","서울특별시","마포구","아현동","중국집","5"
"20180122","월","남","60대이상","서울특별시","마포구","염리동","중국집","5"
"20180122","월","남","60대이상","서울특별시","마포구","합정동","중국집","5"
"20180122","월","여","10대","서울특별시","마포구","상암동","중국집","5"
"20180122","월","여","20대","서울특별시","마포구","대흥동","중국집","5"
"20180122","월","여","20대","서울특별시","마포구","마포동","중국집","5"
"20180122","월","여","20대","서울특별시","마포구","상암동","중국집","8"
"20180122","월","남","50대","서울특별시","마포구","대흥동","중국집","5"
"20180122","월","여","20대","서울특별시","마포구","창전동","중국집","5"
"20180122","월","여","30대","서울특별시","마포구","마포동","중국집","5"
"20180122","월","여","30대","서울특별시","마포구","공덕동","중국집","5"
"20180122","월","여","30대","서울특별시","마포구","망원동","중국집","5"
"20180122","월","여","30대","서울특별시","마포구","상암동","중국집","15"
"20180122","월","남","30대","서울특별시","마포구","염리동","중국집","5"
"20180122","월","남","40대","서울특별시","마포구","공덕동","중국집","5"
"20180122","월","여","30대","서울특별시","마포구","아현동","중국집","5"
"20180122","월","남","40대","서울특별시","마포구","신공덕동","중국집","5"
"20180122","월","남","60대이상","서울특별시","마포구","상암동","중국집","7"
"20180122","월","남","10대","서울특별시","마포구","신공덕동","중국집","5"
"20180122","월","여","30대","서울특별시","마포구","염리동","중국집","5"
"20180122","월","여","40대","서울특별시","마포구","공덕동","중국집","5"
"20180122","월","여","40대","서울특별시","마포구","상암동","중국집","34"
"20180122","월","여","40대","서울특별시","마포구","신공덕동","중국집","6"
"20180122","월","여","40대","서울특별시","마포구","신수동","중국집","5"
"20180122","월","남","10대","서울특별시","마포구","상암동","중국집","9"
"20180122","월","여","40대","서울특별시","마포구","아현동","중국집","5"
"20180122","월","여","40대","서울특별시","마포구","염리동","중국집","5"
"20180122","월","여","40대","서울특별시","마포구","합정동","중국집","10"
"20180122","월","남","50대","서울특별시","마포구","신공덕동","중국집","5"
"20180122","월","남","40대","서울특별시","마포구","염리동","중국집","5"
"20180122","월","여","50대","서울특별시","마포구","상암동","중국집","15"
"20180122","월","남","20대","서울특별시","마포구","합정동","중국집","9"
"20180122","월","여","50대","서울특별시","마포구","신공덕동","중국집","5"
"20180122","월","여","50대","서울특별시","마포구","신수동","중국집","5"
"20180122","월","남","50대","서울특별시","마포구","신수동","중국집","5"
"20180122","월","여","50대","서울특별시","마포구","합정동","중국집","5"
"20180122","월","여","20대","서울특별시","마포구","합정동","중국집","7"
"20180122","월","여","20대","서울특별시","마포구","염리동","중국집","5"
"20180122","월","여","30대","서울특별시","마포구","합정동","중국집","7"
"20180122","월","여","60대이상","서울특별시","마포구","상암동","중국집","12"
"20180122","월","남","40대","서울특별시","마포구","합정동","중국집","18"
"20180122","월","여","60대이상","서울특별시","마포구","마포동","중국집","5"
"20180122","월","여","60대이상","서울특별시","마포구","신공덕동","중국집","5"
"20180122","월","여","60대이상","서울특별시","마포구","창전동","중국집","5"
"20180122","월","남","10대","서울특별시","서대문구","북가좌동","중국집","5"
"20180122","월","남","10대","서울특별시","서대문구","창천동","중국집","5"
"20180122","월","남","20대","서울특별시","서대문구","북아현동","중국집","5"
"20180122","월","남","20대","서울특별시","서대문구","홍은동","중국집","5"
"20180122","월","남","20대","서울특별시","서대문구","홍제동","중국집","22"
"20180122","월","남","30대","서울특별시","서대문구","연희동","중국집","35"
"20180122","월","남","20대","서울특별시","서대문구","창천동","중국집","13"
"20180122","월","남","30대","서울특별시","서대문구","홍제동","중국집","18"
"20180122","월","남","40대","서울특별시","서대문구","창천동","중국집","21"
"20180122","월","남","40대","서울특별시","서대문구","홍제동","중국집","23"
"20180122","월","남","50대","서울특별시","서대문구","남가좌동","중국집","5"
"20180122","월","남","50대","서울특별시","서대문구","북아현동","중국집","5"
"20180122","월","남","50대","서울특별시","서대문구","연희동","중국집","30"
"20180122","월","남","20대","서울특별시","서대문구","충정로3가","중국집","5"
"20180122","월","남","50대","서울특별시","서대문구","합동","중국집","5"
"20180122","월","남","50대","서울특별시","서대문구","홍은동","중국집","5"
"20180122","월","남","10대","서울특별시","서대문구","홍은동","중국집","5"
"20180122","월","남","60대이상","서울특별시","서대문구","북가좌동","중국집","5"
"20180122","월","남","60대이상","서울특별시","서대문구","연희동","중국집","20"
"20180122","월","남","60대이상","서울특별시","서대문구","창천동","중국집","8"
"20180122","월","남","30대","서울특별시","서대문구","충정로3가","중국집","5"
"20180122","월","남","60대이상","서울특별시","서대문구","충정로3가","중국집","5"
"20180122","월","남","20대","서울특별시","서대문구","연희동","중국집","32"
"20180122","월","남","60대이상","서울특별시","서대문구","홍제동","중국집","17"
"20180122","월","여","20대","서울특별시","서대문구","북아현동","중국집","5"
"20180122","월","남","40대","서울특별시","서대문구","남가좌동","중국집","5"
"20180122","월","여","20대","서울특별시","서대문구","연희동","중국집","23"
"20180122","월","남","30대","서울특별시","서대문구","남가좌동","중국집","5"
"20180122","월","남","30대","서울특별시","서대문구","홍은동","중국집","5"
"20180122","월","여","20대","서울특별시","서대문구","충정로3가","중국집","5"
"20180122","월","여","30대","서울특별시","서대문구","북가좌동","중국집","5"
"20180122","월","남","40대","서울특별시","서대문구","충정로3가","중국집","5"
"20180122","월","여","30대","서울특별시","서대문구","창천동","중국집","19"
"20180122","월","남","50대","서울특별시","서대문구","홍제동","중국집","36"
"20180122","월","남","50대","서울특별시","서대문구","창천동","중국집","20"
"20180122","월","남","30대","서울특별시","서대문구","창천동","중국집","15"
"20180122","월","여","20대","서울특별시","서대문구","창천동","중국집","14"
"20180122","월","여","30대","서울특별시","서대문구","홍제동","중국집","24"
"20180122","월","남","10대","서울특별시","서대문구","홍제동","중국집","5"
"20180122","월","여","40대","서울특별시","서대문구","연희동","중국집","38"
"20180122","월","여","10대","서울특별시","서대문구","홍제동","중국집","5"
"20180122","월","여","10대","서울특별시","서대문구","연희동","중국집","5"
"20180122","월","남","40대","서울특별시","서대문구","연희동","중국집","43"
"20180122","월","여","20대","서울특별시","서대문구","홍제동","중국집","6"
"20180122","월","여","40대","서울특별시","서대문구","홍제동","중국집","27"
"20180122","월","여","10대","서울특별시","서대문구","창천동","중국집","5"
"20180122","월","여","50대","서울특별시","서대문구","북가좌동","중국집","5"
"20180122","월","여","50대","서울특별시","서대문구","연희동","중국집","22"
"20180122","월","여","30대","서울특별시","서대문구","연희동","중국집","23"
"20180122","월","여","50대","서울특별시","서대문구","창천동","중국집","16"
"20180122","월","여","40대","서울특별시","서대문구","창천동","중국집","31"
"20180122","월","여","50대","서울특별시","서대문구","홍제동","중국집","20"
"20180122","월","여","40대","서울특별시","서대문구","남가좌동","중국집","5"
"20180122","월","남","10대","서울특별시","서대문구","북아현동","중국집","5"
"20180122","월","여","60대이상","서울특별시","서대문구","북가좌동","중국집","5"
"20180122","월","남","10대","서울특별시","서대문구","연희동","중국집","5"
"20180122","월","여","60대이상","서울특별시","서대문구","연희동","중국집","13"
"20180122","월","여","60대이상","서울특별시","서대문구","창천동","중국집","9"
"20180122","월","여","60대이상","서울특별시","서대문구","충정로3가","중국집","5"
"20180122","월","여","60대이상","서울특별시","서대문구","홍제동","중국집","10"
"20180122","월","남","10대","서울특별시","서초구","방배동","중국집","6"
"20180122","월","남","10대","서울특별시","서초구","양재동","중국집","5"
"20180122","월","남","20대","서울특별시","서초구","반포동","중국집","5"
"20180122","월","남","20대","서울특별시","서초구","방배동","중국집","37"
"20180122","월","남","20대","서울특별시","서초구","서초동","중국집","5"
"20180122","월","남","20대","서울특별시","서초구","양재동","중국집","10"
"20180122","월","남","30대","서울특별시","서초구","방배동","중국집","56"
"20180122","월","남","30대","서울특별시","서초구","서초동","중국집","5"
"20180122","월","남","40대","서울특별시","서초구","내곡동","중국집","5"
"20180122","월","남","40대","서울특별시","서초구","반포동","중국집","14"
"20180122","월","남","40대","서울특별시","서초구","방배동","중국집","48"
"20180122","월","남","40대","서울특별시","서초구","서초동","중국집","9"
"20180122","월","남","40대","서울특별시","서초구","양재동","중국집","29"
"20180122","월","남","50대","서울특별시","서초구","내곡동","중국집","5"
"20180122","월","남","50대","서울특별시","서초구","방배동","중국집","41"
"20180122","월","남","50대","서울특별시","서초구","서초동","중국집","12"
"20180122","월","남","10대","서울특별시","서초구","반포동","중국집","5"
"20180122","월","남","50대","서울특별시","서초구","양재동","중국집","17"
"20180122","월","남","10대","서울특별시","서초구","서초동","중국집","5"
"20180122","월","남","60대이상","서울특별시","서초구","반포동","중국집","10"
"20180122","월","남","60대이상","서울특별시","서초구","서초동","중국집","7"
"20180122","월","남","60대이상","서울특별시","서초구","양재동","중국집","8"
"20180122","월","여","10대","서울특별시","서초구","양재동","중국집","5"
"20180122","월","여","20대","서울특별시","서초구","반포동","중국집","5"
"20180122","월","남","30대","서울특별시","서초구","내곡동","중국집","5"
"20180122","월","여","20대","서울특별시","서초구","방배동","중국집","19"
"20180122","월","여","10대","서울특별시","서초구","방배동","중국집","13"
"20180122","월","여","20대","서울특별시","서초구","서초동","중국집","5"
"20180122","월","여","20대","서울특별시","서초구","양재동","중국집","15"
"20180122","월","여","30대","서울특별시","서초구","반포동","중국집","7"
"20180122","월","여","30대","서울특별시","서초구","방배동","중국집","39"
"20180122","월","여","30대","서울특별시","서초구","서초동","중국집","9"
"20180122","월","여","30대","서울특별시","서초구","신원동","중국집","5"
"20180122","월","여","30대","서울특별시","서초구","양재동","중국집","30"
"20180122","월","여","40대","서울특별시","서초구","내곡동","중국집","5"
"20180122","월","여","40대","서울특별시","서초구","반포동","중국집","22"
"20180122","월","남","50대","서울특별시","서초구","반포동","중국집","11"
"20180122","월","여","40대","서울특별시","서초구","방배동","중국집","43"
"20180122","월","남","30대","서울특별시","서초구","반포동","중국집","5"
"20180122","월","남","60대이상","서울특별시","서초구","방배동","중국집","22"
"20180122","월","남","30대","서울특별시","서초구","양재동","중국집","54"
"20180122","월","여","40대","서울특별시","서초구","서초동","중국집","9"
"20180122","월","여","40대","서울특별시","서초구","양재동","중국집","42"
"20180122","월","여","50대","서울특별시","서초구","내곡동","중국집","5"
"20180122","월","여","50대","서울특별시","서초구","반포동","중국집","6"
"20180122","월","여","50대","서울특별시","서초구","방배동","중국집","37"
"20180122","월","여","50대","서울특별시","서초구","서초동","중국집","5"
"20180122","월","여","50대","서울특별시","서초구","양재동","중국집","22"
"20180122","월","남","10대","서울특별시","서초구","잠원동","중국집","5"
"20180122","월","여","60대이상","서울특별시","서초구","방배동","중국집","20"
"20180122","월","여","60대이상","서울특별시","서초구","서초동","중국집","5"
"20180122","월","여","60대이상","서울특별시","서초구","반포동","중국집","5"
"20180122","월","여","60대이상","서울특별시","서초구","양재동","중국집","10"
"20180122","월","남","10대","서울특별시","성동구","성수동2가","중국집","6"
"20180122","월","남","20대","서울특별시","성동구","옥수동","중국집","14"
"20180122","월","남","20대","서울특별시","성동구","성수동2가","중국집","61"
"20180122","월","남","40대","서울특별시","성동구","성수동2가","중국집","61"
"20180122","월","남","40대","서울특별시","성동구","옥수동","중국집","36"
"20180122","월","남","50대","서울특별시","성동구","성수동2가","중국집","46"
"20180122","월","남","50대","서울특별시","성동구","옥수동","중국집","12"
"20180122","월","남","60대이상","서울특별시","성동구","성수동2가","중국집","35"
"20180122","월","남","60대이상","서울특별시","성동구","옥수동","중국집","12"
"20180122","월","남","10대","서울특별시","성동구","행당동","중국집","5"
"20180122","월","여","10대","서울특별시","성동구","성수동2가","중국집","5"
"20180122","월","여","20대","서울특별시","성동구","성수동2가","중국집","13"
"20180122","월","여","20대","서울특별시","성동구","옥수동","중국집","6"
"20180122","월","여","30대","서울특별시","성동구","성수동2가","중국집","73"
"20180122","월","남","30대","서울특별시","성동구","성수동2가","중국집","86"
"20180122","월","여","30대","서울특별시","성동구","행당동","중국집","5"
"20180122","월","남","10대","서울특별시","성동구","옥수동","중국집","5"
"20180122","월","여","30대","서울특별시","성동구","홍익동","중국집","5"
"20180122","월","여","40대","서울특별시","성동구","성수동2가","중국집","69"
"20180122","월","남","30대","서울특별시","성동구","옥수동","중국집","16"
"20180122","월","여","40대","서울특별시","성동구","옥수동","중국집","18"
"20180122","월","여","50대","서울특별시","성동구","성수동2가","중국집","52"
"20180122","월","여","50대","서울특별시","성동구","옥수동","중국집","8"
"20180122","월","여","60대이상","서울특별시","성동구","성수동2가","중국집","25"
"20180122","월","여","30대","서울특별시","성동구","옥수동","중국집","21"
"20180122","월","여","60대이상","서울특별시","성동구","옥수동","중국집","13"
"20180122","월","남","10대","서울특별시","성북구","정릉동","중국집","5"
"20180122","월","남","10대","서울특별시","성북구","종암동","중국집","5"
"20180122","월","남","20대","서울특별시","성북구","동선동2가","중국집","28"
"20180122","월","남","20대","서울특별시","성북구","종암동","중국집","5"
"20180122","월","남","20대","서울특별시","성북구","하월곡동","중국집","5"
"20180122","월","남","10대","서울특별시","성북구","동선동2가","중국집","7"
"20180122","월","남","30대","서울특별시","성북구","동선동2가","중국집","49"
"20180122","월","남","30대","서울특별시","성북구","삼선동5가","중국집","5"
"20180122","월","남","30대","서울특별시","성북구","성북동","중국집","5"
"20180122","월","남","50대","서울특별시","성북구","종암동","중국집","5"
"20180122","월","남","60대이상","서울특별시","성북구","성북동","중국집","5"
"20180122","월","남","60대이상","서울특별시","성북구","하월곡동","중국집","5"
"20180122","월","여","10대","서울특별시","성북구","동선동2가","중국집","5"
"20180122","월","여","10대","서울특별시","성북구","정릉동","중국집","5"
"20180122","월","여","10대","서울특별시","성북구","종암동","중국집","5"
"20180122","월","여","10대","서울특별시","성북구","길음동","중국집","5"
"20180122","월","남","50대","서울특별시","성북구","동선동2가","중국집","40"
"20180122","월","여","20대","서울특별시","성북구","동선동3가","중국집","5"
"20180122","월","남","40대","서울특별시","성북구","동선동2가","중국집","47"
"20180122","월","여","20대","서울특별시","성북구","정릉동","중국집","5"
"20180122","월","여","20대","서울특별시","성북구","하월곡동","중국집","5"
"20180122","월","남","30대","서울특별시","성북구","정릉동","중국집","5"
"20180122","월","여","30대","서울특별시","성북구","삼선동5가","중국집","5"
"20180122","월","남","20대","서울특별시","성북구","정릉동","중국집","5"
"20180122","월","여","30대","서울특별시","성북구","하월곡동","중국집","5"
"20180122","월","여","30대","서울특별시","성북구","동선동2가","중국집","37"
"20180122","월","남","60대이상","서울특별시","성북구","동선동2가","중국집","19"
"20180122","월","여","40대","서울특별시","성북구","상월곡동","중국집","5"
"20180122","월","여","40대","서울특별시","성북구","장위동","중국집","5"
"20180122","월","남","40대","서울특별시","성북구","하월곡동","중국집","5"
"20180122","월","여","40대","서울특별시","성북구","정릉동","중국집","5"
"20180122","월","여","20대","서울특별시","성북구","동선동2가","중국집","17"
"20180122","월","여","40대","서울특별시","성북구","종암동","중국집","5"
"20180122","월","여","50대","서울특별시","성북구","동선동2가","중국집","18"
"20180122","월","여","40대","서울특별시","성북구","동선동2가","중국집","46"
"20180122","월","여","50대","서울특별시","성북구","정릉동","중국집","5"
"20180122","월","여","50대","서울특별시","성북구","하월곡동","중국집","7"
"20180122","월","여","40대","서울특별시","성북구","하월곡동","중국집","5"
"20180122","월","여","60대이상","서울특별시","성북구","길음동","중국집","5"
"20180122","월","여","60대이상","서울특별시","성북구","삼선동5가","중국집","5"
"20180122","월","여","40대","서울특별시","성북구","성북동","중국집","5"
"20180122","월","여","60대이상","서울특별시","성북구","성북동","중국집","5"
"20180122","월","여","50대","서울특별시","성북구","삼선동5가","중국집","5"
"20180122","월","여","60대이상","서울특별시","성북구","정릉동","중국집","5"
"20180122","월","여","60대이상","서울특별시","성북구","종암동","중국집","5"
"20180122","월","여","60대이상","서울특별시","성북구","하월곡동","중국집","5"
"20180122","월","여","40대","서울특별시","성북구","삼선동5가","중국집","5"
"20180122","월","여","60대이상","서울특별시","성북구","동선동2가","중국집","11"
"20180122","월","남","10대","서울특별시","송파구","마천동","중국집","5"
"20180122","월","남","10대","서울특별시","송파구","송파동","중국집","11"
"20180122","월","남","20대","서울특별시","송파구","송파동","중국집","45"
"20180122","월","남","30대","서울특별시","송파구","가락동","중국집","20"
"20180122","월","남","20대","서울특별시","송파구","가락동","중국집","6"
"20180122","월","남","50대","서울특별시","송파구","가락동","중국집","5"
"20180122","월","남","50대","서울특별시","송파구","송파동","중국집","39"
"20180122","월","남","60대이상","서울특별시","송파구","가락동","중국집","5"
"20180122","월","남","30대","서울특별시","송파구","마천동","중국집","5"
"20180122","월","남","60대이상","서울특별시","송파구","마천동","중국집","5"
"20180122","월","여","10대","서울특별시","송파구","송파동","중국집","11"
"20180122","월","남","20대","서울특별시","송파구","잠실동","중국집","5"
"20180122","월","여","20대","서울특별시","송파구","풍납동","중국집","5"
"20180122","월","남","60대이상","서울특별시","송파구","송파동","중국집","43"
"20180122","월","여","30대","서울특별시","송파구","가락동","중국집","10"
"20180122","월","여","30대","서울특별시","송파구","송파동","중국집","51"
"20180122","월","여","30대","서울특별시","송파구","풍납동","중국집","5"
"20180122","월","남","40대","서울특별시","송파구","가락동","중국집","13"
"20180122","월","여","40대","서울특별시","송파구","가락동","중국집","10"
"20180122","월","여","40대","서울특별시","송파구","방이동","중국집","5"
"20180122","월","여","40대","서울특별시","송파구","송파동","중국집","92"
"20180122","월","남","20대","서울특별시","송파구","풍납동","중국집","5"
"20180122","월","여","20대","서울특별시","송파구","송파동","중국집","23"
"20180122","월","여","50대","서울특별시","송파구","가락동","중국집","9"
"20180122","월","남","30대","서울특별시","송파구","송파동","중국집","87"
"20180122","월","여","20대","서울특별시","송파구","가락동","중국집","6"
"20180122","월","여","50대","서울특별시","송파구","방이동","중국집","5"
"20180122","월","여","50대","서울특별시","송파구","송파동","중국집","49"
"20180122","월","여","50대","서울특별시","송파구","잠실동","중국집","5"
"20180122","월","여","60대이상","서울특별시","송파구","가락동","중국집","5"
"20180122","월","남","10대","서울특별시","송파구","가락동","중국집","5"
"20180122","월","남","40대","서울특별시","송파구","풍납동","중국집","5"
"20180122","월","여","60대이상","서울특별시","송파구","송파동","중국집","38"
"20180122","월","남","40대","서울특별시","송파구","송파동","중국집","70"
"20180122","월","남","10대","서울특별시","양천구","신정동","중국집","5"
"20180122","월","남","20대","서울특별시","양천구","신월동","중국집","5"
"20180122","월","남","30대","서울특별시","양천구","신월동","중국집","5"
"20180122","월","남","30대","서울특별시","양천구","신정동","중국집","12"
"20180122","월","남","40대","서울특별시","양천구","신월동","중국집","5"
"20180122","월","남","20대","서울특별시","양천구","목동","중국집","5"
"20180122","월","남","40대","서울특별시","양천구","신정동","중국집","13"
"20180122","월","남","50대","서울특별시","양천구","신월동","중국집","5"
"20180122","월","남","50대","서울특별시","양천구","신정동","중국집","10"
"20180122","월","남","60대이상","서울특별시","양천구","신월동","중국집","5"
"20180122","월","남","60대이상","서울특별시","양천구","신정동","중국집","5"
"20180122","월","여","10대","서울특별시","양천구","신정동","중국집","5"
"20180122","월","여","20대","서울특별시","양천구","목동","중국집","5"
"20180122","월","여","20대","서울특별시","양천구","신월동","중국집","5"
"20180122","월","여","20대","서울특별시","양천구","신정동","중국집","10"
"20180122","월","남","10대","서울특별시","양천구","신월동","중국집","5"
"20180122","월","여","30대","서울특별시","양천구","목동","중국집","5"
"20180122","월","여","30대","서울특별시","양천구","신월동","중국집","5"
"20180122","월","여","30대","서울특별시","양천구","신정동","중국집","8"
"20180122","월","남","20대","서울특별시","양천구","신정동","중국집","8"
"20180122","월","여","40대","서울특별시","양천구","목동","중국집","5"
"20180122","월","여","40대","서울특별시","양천구","신월동","중국집","5"
"20180122","월","여","40대","서울특별시","양천구","신정동","중국집","19"
"20180122","월","남","40대","서울특별시","양천구","목동","중국집","5"
"20180122","월","여","50대","서울특별시","양천구","신월동","중국집","5"
"20180122","월","여","50대","서울특별시","양천구","신정동","중국집","5"
"20180122","월","여","60대이상","서울특별시","양천구","신월동","중국집","5"
"20180122","월","여","60대이상","서울특별시","양천구","신정동","중국집","5"
"20180122","월","남","10대","서울특별시","영등포구","문래동3가","중국집","5"
"20180122","월","남","10대","서울특별시","영등포구","여의도동","중국집","5"
"20180122","월","남","20대","서울특별시","영등포구","문래동2가","중국집","9"
"20180122","월","남","20대","서울특별시","영등포구","문래동3가","중국집","9"
"20180122","월","남","30대","서울특별시","영등포구","문래동2가","중국집","11"
"20180122","월","남","30대","서울특별시","영등포구","신길동","중국집","5"
"20180122","월","남","40대","서울특별시","영등포구","문래동2가","중국집","20"
"20180122","월","남","40대","서울특별시","영등포구","여의도동","중국집","33"
"20180122","월","남","40대","서울특별시","영등포구","영등포동7가","중국집","5"
"20180122","월","남","50대","서울특별시","영등포구","신길동","중국집","5"
"20180122","월","남","30대","서울특별시","영등포구","여의도동","중국집","21"
"20180122","월","남","50대","서울특별시","영등포구","여의도동","중국집","14"
"20180122","월","남","60대이상","서울특별시","영등포구","대림동","중국집","5"
"20180122","월","남","50대","서울특별시","영등포구","대림동","중국집","5"
"20180122","월","남","60대이상","서울특별시","영등포구","문래동3가","중국집","11"
"20180122","월","남","60대이상","서울특별시","영등포구","신길동","중국집","5"
"20180122","월","남","30대","서울특별시","영등포구","문래동3가","중국집","27"
"20180122","월","남","60대이상","서울특별시","영등포구","여의도동","중국집","5"
"20180122","월","여","10대","서울특별시","영등포구","문래동2가","중국집","5"
"20180122","월","남","40대","서울특별시","영등포구","영등포동1가","중국집","5"
"20180122","월","남","50대","서울특별시","영등포구","영등포동1가","중국집","5"
"20180122","월","여","10대","서울특별시","영등포구","문래동3가","중국집","5"
"20180122","월","여","10대","서울특별시","영등포구","여의도동","중국집","5"
"20180122","월","남","30대","서울특별시","영등포구","영등포동1가","중국집","5"
"20180122","월","여","20대","서울특별시","영등포구","당산동6가","중국집","5"
"20180122","월","여","20대","서울특별시","영등포구","여의도동","중국집","7"
"20180122","월","여","20대","서울특별시","영등포구","영등포동1가","중국집","5"
"20180122","월","여","20대","서울특별시","영등포구","신길동","중국집","5"
"20180122","월","남","20대","서울특별시","영등포구","영등포동1가","중국집","5"
"20180122","월","여","30대","서울특별시","영등포구","대림동","중국집","5"
"20180122","월","여","20대","서울특별시","영등포구","문래동3가","중국집","8"
"20180122","월","여","30대","서울특별시","영등포구","문래동2가","중국집","14"
"20180122","월","남","40대","서울특별시","영등포구","문래동3가","중국집","19"
"20180122","월","여","30대","서울특별시","영등포구","여의도동","중국집","17"
"20180122","월","여","30대","서울특별시","영등포구","영등포동7가","중국집","5"
"20180122","월","여","40대","서울특별시","영등포구","문래동3가","중국집","24"
"20180122","월","여","40대","서울특별시","영등포구","신길동","중국집","5"
"20180122","월","여","40대","서울특별시","영등포구","여의도동","중국집","15"
"20180122","월","남","20대","서울특별시","영등포구","여의도동","중국집","12"
"20180122","월","여","50대","서울특별시","영등포구","문래동2가","중국집","10"
"20180122","월","남","50대","서울특별시","영등포구","문래동2가","중국집","17"
"20180122","월","여","50대","서울특별시","영등포구","문래동3가","중국집","7"
"20180122","월","여","40대","서울특별시","영등포구","문래동2가","중국집","17"
"20180122","월","여","50대","서울특별시","영등포구","여의도동","중국집","7"
"20180122","월","여","50대","서울특별시","영등포구","영등포동1가","중국집","5"
"20180122","월","남","60대이상","서울특별시","영등포구","문래동2가","중국집","5"
"20180122","월","여","40대","서울특별시","영등포구","영등포동1가","중국집","5"
"20180122","월","여","60대이상","서울특별시","영등포구","문래동2가","중국집","8"
"20180122","월","여","30대","서울특별시","영등포구","문래동3가","중국집","11"
"20180122","월","남","10대","서울특별시","영등포구","문래동2가","중국집","5"
"20180122","월","남","50대","서울특별시","영등포구","문래동3가","중국집","23"
"20180122","월","남","60대이상","서울특별시","영등포구","영등포동1가","중국집","5"
"20180122","월","여","60대이상","서울특별시","영등포구","문래동3가","중국집","5"
"20180122","월","여","60대이상","서울특별시","영등포구","여의도동","중국집","8"
"20180122","월","여","30대","서울특별시","영등포구","영등포동1가","중국집","6"
"20180122","월","여","60대이상","서울특별시","영등포구","영등포동1가","중국집","5"
"20180122","월","남","10대","서울특별시","용산구","보광동","중국집","5"
"20180122","월","남","10대","서울특별시","용산구","한강로3가","중국집","5"
"20180122","월","남","20대","서울특별시","용산구","동자동","중국집","5"
"20180122","월","남","20대","서울특별시","용산구","보광동","중국집","5"
"20180122","월","남","20대","서울특별시","용산구","이태원동","중국집","6"
"20180122","월","남","20대","서울특별시","용산구","한남동","중국집","5"
"20180122","월","남","30대","서울특별시","용산구","도원동","중국집","5"
"20180122","월","남","30대","서울특별시","용산구","보광동","중국집","8"
"20180122","월","남","30대","서울특별시","용산구","원효로4가","중국집","5"
"20180122","월","남","20대","서울특별시","용산구","한강로3가","중국집","11"
"20180122","월","남","30대","서울특별시","용산구","후암동","중국집","25"
"20180122","월","남","40대","서울특별시","용산구","한강로3가","중국집","46"
"20180122","월","남","40대","서울특별시","용산구","한남동","중국집","5"
"20180122","월","남","40대","서울특별시","용산구","후암동","중국집","25"
"20180122","월","남","40대","서울특별시","용산구","이촌동","중국집","5"
"20180122","월","남","50대","서울특별시","용산구","보광동","중국집","5"
"20180122","월","남","50대","서울특별시","용산구","한강로3가","중국집","17"
"20180122","월","남","20대","서울특별시","용산구","후암동","중국집","15"
"20180122","월","남","50대","서울특별시","용산구","후암동","중국집","30"
"20180122","월","남","40대","서울특별시","용산구","이태원동","중국집","5"
"20180122","월","남","60대이상","서울특별시","용산구","보광동","중국집","5"
"20180122","월","남","60대이상","서울특별시","용산구","이촌동","중국집","5"
"20180122","월","남","30대","서울특별시","용산구","이태원동","중국집","5"
"20180122","월","남","50대","서울특별시","용산구","도원동","중국집","5"
"20180122","월","남","60대이상","서울특별시","용산구","신계동","중국집","5"
"20180122","월","남","60대이상","서울특별시","용산구","한남동","중국집","5"
"20180122","월","남","30대","서울특별시","용산구","한강로3가","중국집","30"
"20180122","월","남","60대이상","서울특별시","용산구","후암동","중국집","15"
"20180122","월","남","20대","서울특별시","용산구","원효로4가","중국집","5"
"20180122","월","여","10대","서울특별시","용산구","보광동","중국집","5"
"20180122","월","여","10대","서울특별시","용산구","후암동","중국집","5"
"20180122","월","여","20대","서울특별시","용산구","동자동","중국집","5"
"20180122","월","여","20대","서울특별시","용산구","보광동","중국집","5"
"20180122","월","여","20대","서울특별시","용산구","한강로1가","중국집","5"
"20180122","월","여","20대","서울특별시","용산구","한강로3가","중국집","6"
"20180122","월","남","40대","서울특별시","용산구","도원동","중국집","5"
"20180122","월","여","20대","서울특별시","용산구","한남동","중국집","5"
"20180122","월","여","20대","서울특별시","용산구","후암동","중국집","11"
"20180122","월","여","30대","서울특별시","용산구","도원동","중국집","5"
"20180122","월","남","40대","서울특별시","용산구","신계동","중국집","5"
"20180122","월","여","30대","서울특별시","용산구","보광동","중국집","5"
"20180122","월","여","10대","서울특별시","용산구","신계동","중국집","5"
"20180122","월","남","60대이상","서울특별시","용산구","이태원동","중국집","5"
"20180122","월","남","30대","서울특별시","용산구","동자동","중국집","5"
"20180122","월","여","30대","서울특별시","용산구","이촌동","중국집","5"
"20180122","월","여","30대","서울특별시","용산구","한강로3가","중국집","12"
"20180122","월","여","30대","서울특별시","용산구","후암동","중국집","12"
"20180122","월","여","40대","서울특별시","용산구","보광동","중국집","5"
"20180122","월","남","20대","서울특별시","용산구","이촌동","중국집","5"
"20180122","월","여","40대","서울특별시","용산구","원효로4가","중국집","5"
"20180122","월","여","40대","서울특별시","용산구","신계동","중국집","5"
"20180122","월","여","40대","서울특별시","용산구","이촌동","중국집","5"
"20180122","월","여","40대","서울특별시","용산구","한강로3가","중국집","34"
"20180122","월","여","40대","서울특별시","용산구","한남동","중국집","5"
"20180122","월","여","30대","서울특별시","용산구","이태원동","중국집","6"
"20180122","월","여","40대","서울특별시","용산구","후암동","중국집","20"
"20180122","월","여","50대","서울특별시","용산구","갈월동","중국집","5"
"20180122","월","여","50대","서울특별시","용산구","보광동","중국집","5"
"20180122","월","남","10대","서울특별시","용산구","후암동","중국집","5"
"20180122","월","여","50대","서울특별시","용산구","원효로4가","중국집","5"
"20180122","월","여","50대","서울특별시","용산구","한강로3가","중국집","21"
"20180122","월","여","30대","서울특별시","용산구","신계동","중국집","5"
"20180122","월","여","20대","서울특별시","용산구","원효로4가","중국집","5"
"20180122","월","남","40대","서울특별시","용산구","보광동","중국집","5"
"20180122","월","여","50대","서울특별시","용산구","후암동","중국집","9"
"20180122","월","남","20대","서울특별시","용산구","신계동","중국집","5"
"20180122","월","남","30대","서울특별시","용산구","이촌동","중국집","5"
"20180122","월","여","20대","서울특별시","용산구","도원동","중국집","5"
"20180122","월","남","30대","서울특별시","용산구","한남동","중국집","5"
"20180122","월","여","60대이상","서울특별시","용산구","동자동","중국집","5"
"20180122","월","여","60대이상","서울특별시","용산구","보광동","중국집","6"
"20180122","월","남","60대이상","서울특별시","용산구","한강로3가","중국집","14"
"20180122","월","여","60대이상","서울특별시","용산구","이태원동","중국집","5"
"20180122","월","여","60대이상","서울특별시","용산구","한강로3가","중국집","17"
"20180122","월","여","60대이상","서울특별시","용산구","한남동","중국집","5"
"20180122","월","여","60대이상","서울특별시","용산구","후암동","중국집","8"
"20180122","월","여","20대","서울특별시","용산구","이촌동","중국집","5"
"20180122","월","여","60대이상","서울특별시","용산구","신계동","중국집","5"
"20180122","월","남","10대","서울특별시","은평구","불광동","중국집","13"
"20180122","월","남","20대","서울특별시","은평구","불광동","중국집","16"
"20180122","월","남","30대","서울특별시","은평구","구산동","중국집","5"
"20180122","월","남","30대","서울특별시","은평구","불광동","중국집","29"
"20180122","월","남","30대","서울특별시","은평구","증산동","중국집","5"
"20180122","월","남","20대","서울특별시","은평구","구산동","중국집","5"
"20180122","월","남","40대","서울특별시","은평구","구산동","중국집","5"
"20180122","월","남","40대","서울특별시","은평구","불광동","중국집","38"
"20180122","월","남","40대","서울특별시","은평구","증산동","중국집","5"
"20180122","월","남","20대","서울특별시","은평구","증산동","중국집","5"
"20180122","월","남","50대","서울특별시","은평구","불광동","중국집","22"
"20180122","월","남","60대이상","서울특별시","은평구","불광동","중국집","13"
"20180122","월","남","60대이상","서울특별시","은평구","증산동","중국집","5"
"20180122","월","여","10대","서울특별시","은평구","불광동","중국집","5"
"20180122","월","여","20대","서울특별시","은평구","불광동","중국집","11"
"20180122","월","여","20대","서울특별시","은평구","수색동","중국집","5"
"20180122","월","여","30대","서울특별시","은평구","구산동","중국집","6"
"20180122","월","여","30대","서울특별시","은평구","불광동","중국집","33"
"20180122","월","여","30대","서울특별시","은평구","수색동","중국집","5"
"20180122","월","여","30대","서울특별시","은평구","증산동","중국집","5"
"20180122","월","여","40대","서울특별시","은평구","불광동","중국집","55"
"20180122","월","여","40대","서울특별시","은평구","수색동","중국집","5"
"20180122","월","여","40대","서울특별시","은평구","증산동","중국집","5"
"20180122","월","여","50대","서울특별시","은평구","구산동","중국집","5"
"20180122","월","여","50대","서울특별시","은평구","불광동","중국집","17"
"20180122","월","여","60대이상","서울특별시","은평구","불광동","중국집","13"
"20180122","월","여","20대","서울특별시","은평구","구산동","중국집","5"
"20180122","월","남","10대","서울특별시","종로구","옥인동","중국집","5"
"20180122","월","남","20대","서울특별시","종로구","낙원동","중국집","5"
"20180122","월","남","20대","서울특별시","종로구","신문로2가","중국집","5"
"20180122","월","남","20대","서울특별시","종로구","서린동","중국집","5"
"20180122","월","남","20대","서울특별시","종로구","관수동","중국집","5"
"20180122","월","남","20대","서울특별시","종로구","종로3가","중국집","5"
"20180122","월","남","20대","서울특별시","종로구","종로6가","중국집","5"
"20180122","월","남","20대","서울특별시","종로구","교남동","중국집","5"
"20180122","월","남","10대","서울특별시","종로구","명륜1가","중국집","5"
"20180122","월","남","20대","서울특별시","종로구","평창동","중국집","5"
"20180122","월","남","30대","서울특별시","종로구","경운동","중국집","5"
"20180122","월","남","30대","서울특별시","종로구","낙원동","중국집","5"
"20180122","월","남","30대","서울특별시","종로구","동숭동","중국집","5"
"20180122","월","남","30대","서울특별시","종로구","숭인동","중국집","5"
"20180122","월","남","20대","서울특별시","종로구","숭인동","중국집","5"
"20180122","월","남","30대","서울특별시","종로구","신문로2가","중국집","5"
"20180122","월","남","30대","서울특별시","종로구","종로5가","중국집","5"
"20180122","월","남","40대","서울특별시","종로구","낙원동","중국집","5"
"20180122","월","남","40대","서울특별시","종로구","숭인동","중국집","5"
"20180122","월","남","40대","서울특별시","종로구","창성동","중국집","5"
"20180122","월","남","30대","서울특별시","종로구","옥인동","중국집","5"
"20180122","월","남","50대","서울특별시","종로구","낙원동","중국집","5"
"20180122","월","남","50대","서울특별시","종로구","동숭동","중국집","5"
"20180122","월","남","50대","서울특별시","종로구","종로6가","중국집","5"
"20180122","월","남","60대이상","서울특별시","종로구","낙원동","중국집","5"
"20180122","월","남","60대이상","서울특별시","종로구","명륜1가","중국집","5"
"20180122","월","남","60대이상","서울특별시","종로구","명륜3가","중국집","5"
"20180122","월","남","60대이상","서울특별시","종로구","신문로2가","중국집","5"
"20180122","월","남","60대이상","서울특별시","종로구","원서동","중국집","5"
"20180122","월","남","30대","서울특별시","종로구","명륜1가","중국집","5"
"20180122","월","남","60대이상","서울특별시","종로구","창성동","중국집","5"
"20180122","월","여","20대","서울특별시","종로구","숭인동","중국집","5"
"20180122","월","여","20대","서울특별시","종로구","신문로2가","중국집","5"
"20180122","월","남","30대","서울특별시","종로구","평창동","중국집","5"
"20180122","월","여","20대","서울특별시","종로구","동숭동","중국집","5"
"20180122","월","여","20대","서울특별시","종로구","원서동","중국집","5"
"20180122","월","여","20대","서울특별시","종로구","종로6가","중국집","5"
"20180122","월","여","30대","서울특별시","종로구","관수동","중국집","5"
"20180122","월","남","60대이상","서울특별시","종로구","종로3가","중국집","5"
"20180122","월","남","30대","서울특별시","종로구","창성동","중국집","5"
"20180122","월","여","30대","서울특별시","종로구","교남동","중국집","5"
"20180122","월","남","50대","서울특별시","종로구","원서동","중국집","5"
"20180122","월","여","30대","서울특별시","종로구","낙원동","중국집","5"
"20180122","월","여","30대","서울특별시","종로구","신문로2가","중국집","5"
"20180122","월","여","30대","서울특별시","종로구","원서동","중국집","5"
"20180122","월","여","30대","서울특별시","종로구","종로3가","중국집","5"
"20180122","월","여","30대","서울특별시","종로구","종로6가","중국집","5"
"20180122","월","남","60대이상","서울특별시","종로구","숭인동","중국집","5"
"20180122","월","여","30대","서울특별시","종로구","창성동","중국집","5"
"20180122","월","남","10대","서울특별시","종로구","교남동","중국집","5"
"20180122","월","여","30대","서울특별시","종로구","평창동","중국집","5"
"20180122","월","남","30대","서울특별시","종로구","원서동","중국집","9"
"20180122","월","여","40대","서울특별시","종로구","동숭동","중국집","5"
"20180122","월","여","40대","서울특별시","종로구","교남동","중국집","5"
"20180122","월","여","30대","서울특별시","종로구","동숭동","중국집","5"
"20180122","월","여","20대","서울특별시","종로구","경운동","중국집","5"
"20180122","월","여","40대","서울특별시","종로구","서린동","중국집","5"
"20180122","월","여","40대","서울특별시","종로구","신문로2가","중국집","5"
"20180122","월","여","20대","서울특별시","종로구","평창동","중국집","5"
"20180122","월","여","40대","서울특별시","종로구","원서동","중국집","5"
"20180122","월","여","40대","서울특별시","종로구","종로5가","중국집","5"
"20180122","월","여","40대","서울특별시","종로구","창성동","중국집","5"
"20180122","월","여","50대","서울특별시","종로구","교남동","중국집","5"
"20180122","월","남","60대이상","서울특별시","종로구","동숭동","중국집","5"
"20180122","월","여","50대","서울특별시","종로구","신문로2가","중국집","5"
"20180122","월","남","40대","서울특별시","종로구","동숭동","중국집","5"
"20180122","월","남","50대","서울특별시","종로구","교남동","중국집","5"
"20180122","월","여","30대","서울특별시","종로구","숭인동","중국집","5"
"20180122","월","여","50대","서울특별시","종로구","관수동","중국집","5"
"20180122","월","여","50대","서울특별시","종로구","옥인동","중국집","5"
"20180122","월","여","50대","서울특별시","종로구","종로6가","중국집","5"
"20180122","월","여","10대","서울특별시","종로구","교남동","중국집","5"
"20180122","월","여","30대","서울특별시","종로구","명륜1가","중국집","5"
"20180122","월","여","60대이상","서울특별시","종로구","관수동","중국집","5"
"20180122","월","여","10대","서울특별시","종로구","평창동","중국집","5"
"20180122","월","남","20대","서울특별시","종로구","원서동","중국집","5"
"20180122","월","여","60대이상","서울특별시","종로구","동숭동","중국집","5"
"20180122","월","여","60대이상","서울특별시","종로구","종로5가","중국집","5"
"20180122","월","남","60대이상","서울특별시","종로구","교남동","중국집","5"
"20180122","월","여","60대이상","서울특별시","종로구","창신동","중국집","5"
"20180122","월","남","10대","서울특별시","중구","수하동","중국집","5"
"20180122","월","남","10대","서울특별시","중구","을지로6가","중국집","5"
"20180122","월","남","30대","서울특별시","중구","명동1가","중국집","5"
"20180122","월","남","30대","서울특별시","중구","을지로1가","중국집","5"
"20180122","월","남","30대","서울특별시","중구","을지로6가","중국집","7"
"20180122","월","남","30대","서울특별시","중구","정동","중국집","5"
"20180122","월","남","30대","서울특별시","중구","충무로1가","중국집","5"
"20180122","월","남","40대","서울특별시","중구","명동1가","중국집","5"
"20180122","월","남","40대","서울특별시","중구","을지로3가","중국집","5"
"20180122","월","남","40대","서울특별시","중구","주교동","중국집","5"
"20180122","월","남","10대","서울특별시","중구","신당동","중국집","5"
"20180122","월","남","40대","서울특별시","중구","회현동1가","중국집","5"
"20180122","월","남","50대","서울특별시","중구","서소문동","중국집","5"
"20180122","월","남","50대","서울특별시","중구","수하동","중국집","52"
"20180122","월","남","50대","서울특별시","중구","을지로3가","중국집","5"
"20180122","월","남","50대","서울특별시","중구","정동","중국집","5"
"20180122","월","남","50대","서울특별시","중구","필동2가","중국집","5"
"20180122","월","남","60대이상","서울특별시","중구","수하동","중국집","24"
"20180122","월","남","40대","서울특별시","중구","정동","중국집","5"
"20180122","월","남","60대이상","서울특별시","중구","을지로3가","중국집","5"
"20180122","월","남","30대","서울특별시","중구","을지로3가","중국집","5"
"20180122","월","남","20대","서울특별시","중구","신당동","중국집","25"
"20180122","월","남","20대","서울특별시","중구","을지로6가","중국집","5"
"20180122","월","남","60대이상","서울특별시","중구","회현동1가","중국집","5"
"20180122","월","여","10대","서울특별시","중구","수하동","중국집","5"
"20180122","월","여","10대","서울특별시","중구","신당동","중국집","5"
"20180122","월","남","60대이상","서울특별시","중구","신당동","중국집","33"
"20180122","월","여","20대","서울특별시","중구","신당동","중국집","19"
"20180122","월","여","20대","서울특별시","중구","을지로1가","중국집","5"
"20180122","월","남","50대","서울특별시","중구","무교동","중국집","5"
"20180122","월","남","30대","서울특별시","중구","필동2가","중국집","5"
"20180122","월","여","20대","서울특별시","중구","을지로6가","중국집","5"
"20180122","월","여","30대","서울특별시","중구","수하동","중국집","31"
"20180122","월","여","20대","서울특별시","중구","충무로1가","중국집","5"
"20180122","월","남","20대","서울특별시","중구","장충동2가","중국집","5"
"20180122","월","남","30대","서울특별시","중구","수하동","중국집","70"
"20180122","월","여","30대","서울특별시","중구","신당동","중국집","44"
"20180122","월","여","30대","서울특별시","중구","충무로1가","중국집","5"
"20180122","월","여","40대","서울특별시","중구","수하동","중국집","32"
"20180122","월","여","40대","서울특별시","중구","신당동","중국집","53"
"20180122","월","남","40대","서울특별시","중구","신당동","중국집","67"
"20180122","월","남","40대","서울특별시","중구","수하동","중국집","97"
"20180122","월","여","40대","서울특별시","중구","정동","중국집","5"
"20180122","월","남","20대","서울특별시","중구","충무로1가","중국집","5"
"20180122","월","남","40대","서울특별시","중구","무교동","중국집","5"
"20180122","월","남","40대","서울특별시","중구","을지로6가","중국집","5"
"20180122","월","여","40대","서울특별시","중구","주교동","중국집","5"
"20180122","월","여","20대","서울특별시","중구","수하동","중국집","9"
"20180122","월","여","40대","서울특별시","중구","을지로6가","중국집","5"
"20180122","월","여","50대","서울특별시","중구","수하동","중국집","17"
"20180122","월","여","50대","서울특별시","중구","신당동","중국집","40"
"20180122","월","남","40대","서울특별시","중구","충무로1가","중국집","5"
"20180122","월","여","50대","서울특별시","중구","을지로3가","중국집","5"
"20180122","월","여","50대","서울특별시","중구","주교동","중국집","5"
"20180122","월","남","30대","서울특별시","중구","신당동","중국집","51"
"20180122","월","여","50대","서울특별시","중구","필동2가","중국집","5"
"20180122","월","여","60대이상","서울특별시","중구","명동1가","중국집","5"
"20180122","월","남","50대","서울특별시","중구","신당동","중국집","49"
"20180122","월","여","50대","서울특별시","중구","충무로1가","중국집","5"
"20180122","월","여","60대이상","서울특별시","중구","수하동","중국집","14"
"20180122","월","여","60대이상","서울특별시","중구","신당동","중국집","24"
"20180122","월","남","20대","서울특별시","중구","수하동","중국집","29"
"20180122","월","여","60대이상","서울특별시","중구","을지로6가","중국집","5"
"20180122","월","여","60대이상","서울특별시","중구","충무로1가","중국집","5"
"20180122","월","남","20대","서울특별시","중구","을지로3가","중국집","5"
"20180122","월","남","20대","서울특별시","중랑구","면목동","중국집","16"
"20180122","월","남","30대","서울특별시","중랑구","묵동","중국집","7"
"20180122","월","남","30대","서울특별시","중랑구","상봉동","중국집","5"
"20180122","월","남","30대","서울특별시","중랑구","망우동","중국집","5"
"20180122","월","남","40대","서울특별시","중랑구","망우동","중국집","5"
"20180122","월","남","40대","서울특별시","중랑구","면목동","중국집","59"
"20180122","월","남","40대","서울특별시","중랑구","묵동","중국집","5"
"20180122","월","남","10대","서울특별시","중랑구","면목동","중국집","6"
"20180122","월","남","50대","서울특별시","중랑구","면목동","중국집","36"
"20180122","월","남","50대","서울특별시","중랑구","신내동","중국집","5"
"20180122","월","남","60대이상","서울특별시","중랑구","망우동","중국집","5"
"20180122","월","여","10대","서울특별시","중랑구","면목동","중국집","5"
"20180122","월","여","10대","서울특별시","중랑구","묵동","중국집","5"
"20180122","월","여","20대","서울특별시","중랑구","면목동","중국집","9"
"20180122","월","남","20대","서울특별시","중랑구","망우동","중국집","5"
"20180122","월","여","20대","서울특별시","중랑구","묵동","중국집","5"
"20180122","월","여","20대","서울특별시","중랑구","상봉동","중국집","5"
"20180122","월","남","40대","서울특별시","중랑구","신내동","중국집","5"
"20180122","월","남","60대이상","서울특별시","중랑구","면목동","중국집","11"
"20180122","월","여","30대","서울특별시","중랑구","망우동","중국집","5"
"20180122","월","여","30대","서울특별시","중랑구","면목동","중국집","22"
"20180122","월","남","30대","서울특별시","중랑구","신내동","중국집","5"
"20180122","월","여","30대","서울특별시","중랑구","신내동","중국집","5"
"20180122","월","여","40대","서울특별시","중랑구","망우동","중국집","5"
"20180122","월","남","20대","서울특별시","중랑구","묵동","중국집","5"
"20180122","월","여","40대","서울특별시","중랑구","면목동","중국집","48"
"20180122","월","여","20대","서울특별시","중랑구","망우동","중국집","5"
"20180122","월","여","40대","서울특별시","중랑구","묵동","중국집","5"
"20180122","월","여","40대","서울특별시","중랑구","상봉동","중국집","5"
"20180122","월","남","20대","서울특별시","중랑구","신내동","중국집","5"
"20180122","월","여","40대","서울특별시","중랑구","신내동","중국집","5"
"20180122","월","여","50대","서울특별시","중랑구","망우동","중국집","5"
"20180122","월","여","50대","서울특별시","중랑구","면목동","중국집","32"
"20180122","월","남","50대","서울특별시","중랑구","묵동","중국집","5"
"20180122","월","여","50대","서울특별시","중랑구","묵동","중국집","5"
"20180122","월","남","10대","서울특별시","중랑구","신내동","중국집","5"
"20180122","월","남","30대","서울특별시","중랑구","면목동","중국집","45"
"20180122","월","여","50대","서울특별시","중랑구","중화동","중국집","5"
"20180122","월","여","60대이상","서울특별시","중랑구","망우동","중국집","5"
"20180122","월","여","10대","서울특별시","중랑구","신내동","중국집","5"
"20180122","월","여","60대이상","서울특별시","중랑구","면목동","중국집","13"
"20180122","월","남","50대","서울특별시","중랑구","망우동","중국집","5"
"20180123","화","남","20대","서울특별시","강남구","삼성동","중국집","44"
"20180123","화","남","20대","서울특별시","강남구","역삼동","중국집","67"
"20180123","화","남","30대","서울특별시","강남구","삼성동","중국집","108"
"20180123","화","남","30대","서울특별시","강남구","역삼동","중국집","84"
"20180123","화","남","40대","서울특별시","강남구","논현동","중국집","42"
"20180123","화","남","40대","서울특별시","강남구","세곡동","중국집","5"
"20180123","화","남","40대","서울특별시","강남구","수서동","중국집","5"
"20180123","화","남","40대","서울특별시","강남구","역삼동","중국집","63"
"20180123","화","남","50대","서울특별시","강남구","삼성동","중국집","56"
"20180123","화","남","30대","서울특별시","강남구","세곡동","중국집","5"
"20180123","화","남","50대","서울특별시","강남구","세곡동","중국집","5"
"20180123","화","남","50대","서울특별시","강남구","역삼동","중국집","50"
"20180123","화","남","60대이상","서울특별시","강남구","세곡동","중국집","5"
"20180123","화","여","10대","서울특별시","강남구","도곡동","중국집","5"
"20180123","화","남","60대이상","서울특별시","강남구","수서동","중국집","5"
"20180123","화","남","20대","서울특별시","강남구","일원동","중국집","5"
"20180123","화","남","60대이상","서울특별시","강남구","논현동","중국집","13"
"20180123","화","여","10대","서울특별시","강남구","삼성동","중국집","5"
"20180123","화","여","10대","서울특별시","강남구","역삼동","중국집","5"
"20180123","화","남","20대","서울특별시","강남구","논현동","중국집","41"
"20180123","화","남","20대","서울특별시","강남구","도곡동","중국집","5"
"20180123","화","여","20대","서울특별시","강남구","논현동","중국집","30"
"20180123","화","여","20대","서울특별시","강남구","도곡동","중국집","5"
"20180123","화","여","20대","서울특별시","강남구","세곡동","중국집","10"
"20180123","화","남","30대","서울특별시","강남구","압구정동","중국집","5"
"20180123","화","여","20대","서울특별시","강남구","수서동","중국집","5"
"20180123","화","여","20대","서울특별시","강남구","역삼동","중국집","28"
"20180123","화","여","20대","서울특별시","강남구","일원동","중국집","5"
"20180123","화","남","20대","서울특별시","강남구","수서동","중국집","5"
"20180123","화","여","30대","서울특별시","강남구","논현동","중국집","39"
"20180123","화","남","40대","서울특별시","강남구","압구정동","중국집","5"
"20180123","화","여","30대","서울특별시","강남구","대치동","중국집","5"
"20180123","화","여","20대","서울특별시","강남구","압구정동","중국집","5"
"20180123","화","여","30대","서울특별시","강남구","세곡동","중국집","7"
"20180123","화","여","30대","서울특별시","강남구","수서동","중국집","5"
"20180123","화","여","30대","서울특별시","강남구","역삼동","중국집","55"
"20180123","화","남","30대","서울특별시","강남구","논현동","중국집","61"
"20180123","화","여","30대","서울특별시","강남구","압구정동","중국집","5"
"20180123","화","남","60대이상","서울특별시","강남구","역삼동","중국집","19"
"20180123","화","여","20대","서울특별시","강남구","대치동","중국집","5"
"20180123","화","여","30대","서울특별시","강남구","일원동","중국집","7"
"20180123","화","여","30대","서울특별시","강남구","삼성동","중국집","70"
"20180123","화","남","40대","서울특별시","강남구","도곡동","중국집","5"
"20180123","화","여","40대","서울특별시","강남구","개포동","중국집","5"
"20180123","화","남","50대","서울특별시","강남구","개포동","중국집","5"
"20180123","화","여","40대","서울특별시","강남구","논현동","중국집","59"
"20180123","화","여","40대","서울특별시","강남구","대치동","중국집","5"
"20180123","화","남","10대","서울특별시","강남구","삼성동","중국집","15"
"20180123","화","여","40대","서울특별시","강남구","도곡동","중국집","9"
"20180123","화","여","40대","서울특별시","강남구","세곡동","중국집","11"
"20180123","화","남","10대","서울특별시","강남구","개포동","중국집","5"
"20180123","화","남","30대","서울특별시","강남구","일원동","중국집","5"
"20180123","화","남","10대","서울특별시","강남구","도곡동","중국집","5"
"20180123","화","남","40대","서울특별시","강남구","일원동","중국집","5"
"20180123","화","여","40대","서울특별시","강남구","압구정동","중국집","5"
"20180123","화","여","40대","서울특별시","강남구","역삼동","중국집","64"
"20180123","화","남","20대","서울특별시","강남구","압구정동","중국집","5"
"20180123","화","여","40대","서울특별시","강남구","일원동","중국집","5"
"20180123","화","남","20대","서울특별시","강남구","개포동","중국집","5"
"20180123","화","여","30대","서울특별시","강남구","도곡동","중국집","7"
"20180123","화","여","50대","서울특별시","강남구","논현동","중국집","18"
"20180123","화","남","40대","서울특별시","강남구","대치동","중국집","5"
"20180123","화","여","50대","서울특별시","강남구","삼성동","중국집","50"
"20180123","화","남","30대","서울특별시","강남구","도곡동","중국집","5"
"20180123","화","남","30대","서울특별시","강남구","수서동","중국집","5"
"20180123","화","여","50대","서울특별시","강남구","세곡동","중국집","5"
"20180123","화","남","20대","서울특별시","강남구","세곡동","중국집","5"
"20180123","화","여","60대이상","서울특별시","강남구","논현동","중국집","18"
"20180123","화","남","60대이상","서울특별시","강남구","삼성동","중국집","33"
"20180123","화","여","40대","서울특별시","강남구","삼성동","중국집","97"
"20180123","화","여","60대이상","서울특별시","강남구","도곡동","중국집","5"
"20180123","화","남","50대","서울특별시","강남구","수서동","중국집","5"
"20180123","화","여","50대","서울특별시","강남구","역삼동","중국집","33"
"20180123","화","남","40대","서울특별시","강남구","삼성동","중국집","82"
"20180123","화","여","20대","서울특별시","강남구","개포동","중국집","5"
"20180123","화","여","60대이상","서울특별시","강남구","삼성동","중국집","25"
"20180123","화","여","50대","서울특별시","강남구","도곡동","중국집","12"
"20180123","화","여","50대","서울특별시","강남구","대치동","중국집","5"
"20180123","화","남","50대","서울특별시","강남구","논현동","중국집","33"
"20180123","화","여","60대이상","서울특별시","강남구","세곡동","중국집","5"
"20180123","화","여","60대이상","서울특별시","강남구","역삼동","중국집","20"
"20180123","화","남","60대이상","서울특별시","강남구","도곡동","중국집","5"
"20180123","화","여","60대이상","서울특별시","강남구","수서동","중국집","5"
"20180123","화","여","20대","서울특별시","강남구","삼성동","중국집","35"
"20180123","화","여","60대이상","서울특별시","강남구","청담동","중국집","5"
"20180123","화","여","10대","서울특별시","강남구","압구정동","중국집","5"
"20180123","화","남","60대이상","서울특별시","강남구","대치동","중국집","5"
"20180123","화","남","10대","서울특별시","강남구","역삼동","중국집","6"
"20180123","화","남","10대","서울특별시","강동구","명일동","중국집","5"
"20180123","화","남","10대","서울특별시","강동구","암사동","중국집","5"
"20180123","화","남","20대","서울특별시","강동구","명일동","중국집","5"
"20180123","화","남","20대","서울특별시","강동구","성내동","중국집","5"
"20180123","화","남","20대","서울특별시","강동구","암사동","중국집","5"
"20180123","화","남","30대","서울특별시","강동구","길동","중국집","61"
"20180123","화","남","30대","서울특별시","강동구","명일동","중국집","5"
"20180123","화","남","30대","서울특별시","강동구","암사동","중국집","6"
"20180123","화","남","30대","서울특별시","강동구","천호동","중국집","5"
"20180123","화","남","10대","서울특별시","강동구","성내동","중국집","5"
"20180123","화","남","30대","서울특별시","강동구","성내동","중국집","5"
"20180123","화","남","40대","서울특별시","강동구","길동","중국집","68"
"20180123","화","남","40대","서울특별시","강동구","암사동","중국집","5"
"20180123","화","남","40대","서울특별시","강동구","천호동","중국집","5"
"20180123","화","남","50대","서울특별시","강동구","길동","중국집","49"
"20180123","화","남","50대","서울특별시","강동구","성내동","중국집","5"
"20180123","화","남","50대","서울특별시","강동구","암사동","중국집","5"
"20180123","화","남","60대이상","서울특별시","강동구","길동","중국집","27"
"20180123","화","남","20대","서울특별시","강동구","천호동","중국집","5"
"20180123","화","남","60대이상","서울특별시","강동구","명일동","중국집","5"
"20180123","화","남","60대이상","서울특별시","강동구","암사동","중국집","5"
"20180123","화","남","20대","서울특별시","강동구","길동","중국집","30"
"20180123","화","남","60대이상","서울특별시","강동구","천호동","중국집","5"
"20180123","화","여","10대","서울특별시","강동구","명일동","중국집","5"
"20180123","화","여","20대","서울특별시","강동구","길동","중국집","35"
"20180123","화","여","20대","서울특별시","강동구","성내동","중국집","7"
"20180123","화","여","20대","서울특별시","강동구","천호동","중국집","5"
"20180123","화","여","30대","서울특별시","강동구","길동","중국집","66"
"20180123","화","여","10대","서울특별시","강동구","천호동","중국집","5"
"20180123","화","여","30대","서울특별시","강동구","명일동","중국집","5"
"20180123","화","남","10대","서울특별시","강동구","길동","중국집","14"
"20180123","화","여","30대","서울특별시","강동구","성내동","중국집","5"
"20180123","화","여","30대","서울특별시","강동구","암사동","중국집","5"
"20180123","화","여","40대","서울특별시","강동구","길동","중국집","92"
"20180123","화","여","40대","서울특별시","강동구","둔촌동","중국집","5"
"20180123","화","여","40대","서울특별시","강동구","명일동","중국집","5"
"20180123","화","남","40대","서울특별시","강동구","명일동","중국집","5"
"20180123","화","여","40대","서울특별시","강동구","암사동","중국집","5"
"20180123","화","여","40대","서울특별시","강동구","천호동","중국집","5"
"20180123","화","여","50대","서울특별시","강동구","길동","중국집","54"
"20180123","화","여","50대","서울특별시","강동구","명일동","중국집","5"
"20180123","화","여","50대","서울특별시","강동구","상일동","중국집","5"
"20180123","화","남","60대이상","서울특별시","강동구","성내동","중국집","5"
"20180123","화","여","50대","서울특별시","강동구","성내동","중국집","5"
"20180123","화","여","50대","서울특별시","강동구","암사동","중국집","5"
"20180123","화","여","50대","서울특별시","강동구","천호동","중국집","5"
"20180123","화","여","60대이상","서울특별시","강동구","길동","중국집","44"
"20180123","화","여","10대","서울특별시","강동구","길동","중국집","10"
"20180123","화","여","40대","서울특별시","강동구","성내동","중국집","5"
"20180123","화","여","60대이상","서울특별시","강동구","성내동","중국집","5"
"20180123","화","여","60대이상","서울특별시","강동구","암사동","중국집","5"
"20180123","화","여","30대","서울특별시","강동구","둔촌동","중국집","5"
"20180123","화","남","40대","서울특별시","강동구","성내동","중국집","5"
"20180123","화","남","10대","서울특별시","강북구","미아동","중국집","7"
"20180123","화","남","20대","서울특별시","강북구","번동","중국집","11"
"20180123","화","남","30대","서울특별시","강북구","미아동","중국집","59"
"20180123","화","남","30대","서울특별시","강북구","번동","중국집","10"
"20180123","화","남","30대","서울특별시","강북구","우이동","중국집","5"
"20180123","화","남","40대","서울특별시","강북구","번동","중국집","15"
"20180123","화","남","50대","서울특별시","강북구","미아동","중국집","57"
"20180123","화","남","60대이상","서울특별시","강북구","미아동","중국집","36"
"20180123","화","남","60대이상","서울특별시","강북구","번동","중국집","6"
"20180123","화","남","40대","서울특별시","강북구","미아동","중국집","79"
"20180123","화","여","10대","서울특별시","강북구","번동","중국집","5"
"20180123","화","남","20대","서울특별시","강북구","미아동","중국집","45"
"20180123","화","여","10대","서울특별시","강북구","우이동","중국집","5"
"20180123","화","여","20대","서울특별시","강북구","번동","중국집","7"
"20180123","화","여","20대","서울특별시","강북구","미아동","중국집","17"
"20180123","화","여","30대","서울특별시","강북구","번동","중국집","17"
"20180123","화","여","30대","서울특별시","강북구","수유동","중국집","5"
"20180123","화","남","10대","서울특별시","강북구","번동","중국집","5"
"20180123","화","여","40대","서울특별시","강북구","미아동","중국집","106"
"20180123","화","남","50대","서울특별시","강북구","번동","중국집","7"
"20180123","화","여","40대","서울특별시","강북구","번동","중국집","28"
"20180123","화","여","50대","서울특별시","강북구","미아동","중국집","68"
"20180123","화","여","10대","서울특별시","강북구","미아동","중국집","6"
"20180123","화","여","50대","서울특별시","강북구","번동","중국집","10"
"20180123","화","여","50대","서울특별시","강북구","수유동","중국집","5"
"20180123","화","여","30대","서울특별시","강북구","미아동","중국집","55"
"20180123","화","여","60대이상","서울특별시","강북구","미아동","중국집","48"
"20180123","화","여","60대이상","서울특별시","강북구","번동","중국집","10"
"20180123","화","남","10대","서울특별시","강서구","화곡동","중국집","14"
"20180123","화","남","20대","서울특별시","강서구","가양동","중국집","20"
"20180123","화","남","20대","서울특별시","강서구","내발산동","중국집","21"
"20180123","화","남","10대","서울특별시","강서구","마곡동","중국집","5"
"20180123","화","남","20대","서울특별시","강서구","화곡동","중국집","25"
"20180123","화","남","10대","서울특별시","강서구","가양동","중국집","5"
"20180123","화","남","30대","서울특별시","강서구","가양동","중국집","23"
"20180123","화","남","30대","서울특별시","강서구","내발산동","중국집","48"
"20180123","화","남","30대","서울특별시","강서구","방화동","중국집","5"
"20180123","화","남","20대","서울특별시","강서구","방화동","중국집","5"
"20180123","화","남","30대","서울특별시","강서구","외발산동","중국집","5"
"20180123","화","남","40대","서울특별시","강서구","가양동","중국집","27"
"20180123","화","남","40대","서울특별시","강서구","등촌동","중국집","16"
"20180123","화","남","40대","서울특별시","강서구","마곡동","중국집","5"
"20180123","화","남","40대","서울특별시","강서구","방화동","중국집","5"
"20180123","화","남","50대","서울특별시","강서구","가양동","중국집","14"
"20180123","화","남","50대","서울특별시","강서구","등촌동","중국집","6"
"20180123","화","남","20대","서울특별시","강서구","마곡동","중국집","5"
"20180123","화","남","50대","서울특별시","강서구","방화동","중국집","5"
"20180123","화","남","60대이상","서울특별시","강서구","가양동","중국집","10"
"20180123","화","남","40대","서울특별시","강서구","화곡동","중국집","52"
"20180123","화","남","60대이상","서울특별시","강서구","등촌동","중국집","11"
"20180123","화","남","60대이상","서울특별시","강서구","방화동","중국집","5"
"20180123","화","남","10대","서울특별시","강서구","등촌동","중국집","5"
"20180123","화","남","60대이상","서울특별시","강서구","외발산동","중국집","5"
"20180123","화","남","60대이상","서울특별시","강서구","화곡동","중국집","33"
"20180123","화","남","60대이상","서울특별시","강서구","내발산동","중국집","11"
"20180123","화","여","10대","서울특별시","강서구","가양동","중국집","5"
"20180123","화","남","20대","서울특별시","강서구","외발산동","중국집","5"
"20180123","화","여","20대","서울특별시","강서구","가양동","중국집","5"
"20180123","화","여","20대","서울특별시","강서구","내발산동","중국집","10"
"20180123","화","여","20대","서울특별시","강서구","등촌동","중국집","11"
"20180123","화","남","20대","서울특별시","강서구","등촌동","중국집","11"
"20180123","화","여","20대","서울특별시","강서구","방화동","중국집","5"
"20180123","화","여","20대","서울특별시","강서구","화곡동","중국집","13"
"20180123","화","여","30대","서울특별시","강서구","내발산동","중국집","39"
"20180123","화","여","30대","서울특별시","강서구","가양동","중국집","15"
"20180123","화","여","30대","서울특별시","강서구","마곡동","중국집","5"
"20180123","화","여","30대","서울특별시","강서구","외발산동","중국집","5"
"20180123","화","여","30대","서울특별시","강서구","화곡동","중국집","34"
"20180123","화","여","20대","서울특별시","강서구","외발산동","중국집","5"
"20180123","화","여","20대","서울특별시","강서구","마곡동","중국집","5"
"20180123","화","남","30대","서울특별시","강서구","화곡동","중국집","54"
"20180123","화","여","40대","서울특별시","강서구","가양동","중국집","30"
"20180123","화","여","40대","서울특별시","강서구","내발산동","중국집","48"
"20180123","화","여","40대","서울특별시","강서구","등촌동","중국집","25"
"20180123","화","여","40대","서울특별시","강서구","마곡동","중국집","5"
"20180123","화","여","40대","서울특별시","강서구","방화동","중국집","5"
"20180123","화","여","40대","서울특별시","강서구","외발산동","중국집","5"
"20180123","화","여","10대","서울특별시","강서구","등촌동","중국집","5"
"20180123","화","여","50대","서울특별시","강서구","가양동","중국집","10"
"20180123","화","여","50대","서울특별시","강서구","내발산동","중국집","30"
"20180123","화","여","50대","서울특별시","강서구","등촌동","중국집","14"
"20180123","화","여","50대","서울특별시","강서구","마곡동","중국집","5"
"20180123","화","여","50대","서울특별시","강서구","방화동","중국집","5"
"20180123","화","남","30대","서울특별시","강서구","등촌동","중국집","15"
"20180123","화","여","50대","서울특별시","강서구","외발산동","중국집","5"
"20180123","화","남","60대이상","서울특별시","강서구","마곡동","중국집","5"
"20180123","화","여","50대","서울특별시","강서구","화곡동","중국집","42"
"20180123","화","남","50대","서울특별시","강서구","화곡동","중국집","35"
"20180123","화","여","60대이상","서울특별시","강서구","가양동","중국집","11"
"20180123","화","여","40대","서울특별시","강서구","화곡동","중국집","79"
"20180123","화","여","30대","서울특별시","강서구","방화동","중국집","5"
"20180123","화","여","60대이상","서울특별시","강서구","내발산동","중국집","14"
"20180123","화","여","60대이상","서울특별시","강서구","등촌동","중국집","5"
"20180123","화","남","40대","서울특별시","강서구","내발산동","중국집","66"
"20180123","화","남","10대","서울특별시","강서구","내발산동","중국집","10"
"20180123","화","여","60대이상","서울특별시","강서구","방화동","중국집","5"
"20180123","화","남","50대","서울특별시","강서구","내발산동","중국집","48"
"20180123","화","여","30대","서울특별시","강서구","등촌동","중국집","19"
"20180123","화","여","10대","서울특별시","강서구","내발산동","중국집","6"
"20180123","화","여","10대","서울특별시","강서구","화곡동","중국집","9"
"20180123","화","여","10대","서울특별시","강서구","외발산동","중국집","5"
"20180123","화","여","60대이상","서울특별시","강서구","화곡동","중국집","21"
"20180123","화","남","10대","서울특별시","관악구","신림동","중국집","5"
"20180123","화","남","20대","서울특별시","관악구","신림동","중국집","21"
"20180123","화","남","30대","서울특별시","관악구","봉천동","중국집","5"
"20180123","화","남","30대","서울특별시","관악구","신림동","중국집","8"
"20180123","화","남","40대","서울특별시","관악구","봉천동","중국집","5"
"20180123","화","남","40대","서울특별시","관악구","신림동","중국집","5"
"20180123","화","남","60대이상","서울특별시","관악구","봉천동","중국집","5"
"20180123","화","남","10대","서울특별시","관악구","봉천동","중국집","5"
"20180123","화","남","60대이상","서울특별시","관악구","신림동","중국집","5"
"20180123","화","여","20대","서울특별시","관악구","신림동","중국집","6"
"20180123","화","여","30대","서울특별시","관악구","봉천동","중국집","10"
"20180123","화","남","20대","서울특별시","관악구","봉천동","중국집","7"
"20180123","화","여","10대","서울특별시","관악구","봉천동","중국집","5"
"20180123","화","남","50대","서울특별시","관악구","봉천동","중국집","5"
"20180123","화","여","30대","서울특별시","관악구","신림동","중국집","5"
"20180123","화","여","40대","서울특별시","관악구","봉천동","중국집","9"
"20180123","화","여","40대","서울특별시","관악구","신림동","중국집","6"
"20180123","화","여","50대","서울특별시","관악구","봉천동","중국집","5"
"20180123","화","여","50대","서울특별시","관악구","신림동","중국집","5"
"20180123","화","여","60대이상","서울특별시","관악구","봉천동","중국집","5"
"20180123","화","여","60대이상","서울특별시","관악구","신림동","중국집","14"
"20180123","화","여","10대","서울특별시","관악구","신림동","중국집","5"
"20180123","화","여","20대","서울특별시","관악구","봉천동","중국집","5"
"20180123","화","남","10대","서울특별시","광진구","능동","중국집","5"
"20180123","화","남","10대","서울특별시","광진구","자양동","중국집","5"
"20180123","화","남","20대","서울특별시","광진구","능동","중국집","5"
"20180123","화","남","20대","서울특별시","광진구","자양동","중국집","8"
"20180123","화","남","30대","서울특별시","광진구","능동","중국집","5"
"20180123","화","남","30대","서울특별시","광진구","화양동","중국집","5"
"20180123","화","남","40대","서울특별시","광진구","능동","중국집","5"
"20180123","화","남","40대","서울특별시","광진구","자양동","중국집","5"
"20180123","화","남","50대","서울특별시","광진구","중곡동","중국집","5"
"20180123","화","남","60대이상","서울특별시","광진구","광장동","중국집","5"
"20180123","화","남","60대이상","서울특별시","광진구","능동","중국집","5"
"20180123","화","남","50대","서울특별시","광진구","자양동","중국집","8"
"20180123","화","남","60대이상","서울특별시","광진구","자양동","중국집","5"
"20180123","화","남","30대","서울특별시","광진구","자양동","중국집","5"
"20180123","화","여","10대","서울특별시","광진구","자양동","중국집","5"
"20180123","화","여","10대","서울특별시","광진구","화양동","중국집","5"
"20180123","화","여","20대","서울특별시","광진구","광장동","중국집","5"
"20180123","화","여","20대","서울특별시","광진구","자양동","중국집","5"
"20180123","화","여","20대","서울특별시","광진구","중곡동","중국집","5"
"20180123","화","여","20대","서울특별시","광진구","화양동","중국집","5"
"20180123","화","여","30대","서울특별시","광진구","광장동","중국집","5"
"20180123","화","여","30대","서울특별시","광진구","능동","중국집","5"
"20180123","화","여","30대","서울특별시","광진구","자양동","중국집","5"
"20180123","화","남","40대","서울특별시","광진구","중곡동","중국집","5"
"20180123","화","여","30대","서울특별시","광진구","중곡동","중국집","5"
"20180123","화","여","40대","서울특별시","광진구","능동","중국집","5"
"20180123","화","여","40대","서울특별시","광진구","자양동","중국집","9"
"20180123","화","남","60대이상","서울특별시","광진구","화양동","중국집","5"
"20180123","화","여","40대","서울특별시","광진구","중곡동","중국집","5"
"20180123","화","여","50대","서울특별시","광진구","자양동","중국집","5"
"20180123","화","여","60대이상","서울특별시","광진구","능동","중국집","5"
"20180123","화","여","40대","서울특별시","광진구","광장동","중국집","5"
"20180123","화","여","60대이상","서울특별시","광진구","자양동","중국집","5"
"20180123","화","남","20대","서울특별시","광진구","광장동","중국집","5"
"20180123","화","남","10대","서울특별시","구로구","궁동","중국집","5"
"20180123","화","남","20대","서울특별시","구로구","개봉동","중국집","17"
"20180123","화","남","20대","서울특별시","구로구","구로동","중국집","5"
"20180123","화","남","30대","서울특별시","구로구","개봉동","중국집","36"
"20180123","화","남","30대","서울특별시","구로구","궁동","중국집","5"
"20180123","화","남","30대","서울특별시","구로구","천왕동","중국집","5"
"20180123","화","남","40대","서울특별시","구로구","구로동","중국집","5"
"20180123","화","남","50대","서울특별시","구로구","개봉동","중국집","28"
"20180123","화","남","50대","서울특별시","구로구","신도림동","중국집","5"
"20180123","화","남","60대이상","서울특별시","구로구","개봉동","중국집","17"
"20180123","화","여","10대","서울특별시","구로구","개봉동","중국집","5"
"20180123","화","남","40대","서울특별시","구로구","개봉동","중국집","36"
"20180123","화","여","10대","서울특별시","구로구","궁동","중국집","5"
"20180123","화","여","20대","서울특별시","구로구","개봉동","중국집","10"
"20180123","화","여","20대","서울특별시","구로구","구로동","중국집","5"
"20180123","화","여","30대","서울특별시","구로구","개봉동","중국집","32"
"20180123","화","여","30대","서울특별시","구로구","구로동","중국집","9"
"20180123","화","여","30대","서울특별시","구로구","궁동","중국집","5"
"20180123","화","여","40대","서울특별시","구로구","개봉동","중국집","52"
"20180123","화","여","40대","서울특별시","구로구","궁동","중국집","5"
"20180123","화","여","50대","서울특별시","구로구","개봉동","중국집","34"
"20180123","화","남","10대","서울특별시","구로구","개봉동","중국집","11"
"20180123","화","여","60대이상","서울특별시","구로구","개봉동","중국집","16"
"20180123","화","여","40대","서울특별시","구로구","구로동","중국집","5"
"20180123","화","남","30대","서울특별시","구로구","구로동","중국집","5"
"20180123","화","여","60대이상","서울특별시","구로구","구로동","중국집","6"
"20180123","화","남","20대","서울특별시","금천구","가산동","중국집","12"
"20180123","화","남","30대","서울특별시","금천구","가산동","중국집","25"
"20180123","화","남","30대","서울특별시","금천구","독산동","중국집","5"
"20180123","화","남","40대","서울특별시","금천구","가산동","중국집","14"
"20180123","화","남","20대","서울특별시","금천구","독산동","중국집","5"
"20180123","화","남","40대","서울특별시","금천구","독산동","중국집","5"
"20180123","화","남","40대","서울특별시","금천구","시흥동","중국집","5"
"20180123","화","남","50대","서울특별시","금천구","가산동","중국집","13"
"20180123","화","남","50대","서울특별시","금천구","시흥동","중국집","5"
"20180123","화","남","60대이상","서울특별시","금천구","가산동","중국집","7"
"20180123","화","남","60대이상","서울특별시","금천구","독산동","중국집","5"
"20180123","화","남","20대","서울특별시","금천구","시흥동","중국집","5"
"20180123","화","남","60대이상","서울특별시","금천구","시흥동","중국집","5"
"20180123","화","여","10대","서울특별시","금천구","가산동","중국집","5"
"20180123","화","남","30대","서울특별시","금천구","시흥동","중국집","5"
"20180123","화","여","10대","서울특별시","금천구","시흥동","중국집","5"
"20180123","화","여","20대","서울특별시","금천구","독산동","중국집","5"
"20180123","화","여","20대","서울특별시","금천구","시흥동","중국집","5"
"20180123","화","여","30대","서울특별시","금천구","가산동","중국집","16"
"20180123","화","여","30대","서울특별시","금천구","독산동","중국집","5"
"20180123","화","여","30대","서울특별시","금천구","시흥동","중국집","5"
"20180123","화","여","40대","서울특별시","금천구","가산동","중국집","15"
"20180123","화","여","40대","서울특별시","금천구","독산동","중국집","5"
"20180123","화","여","40대","서울특별시","금천구","시흥동","중국집","5"
"20180123","화","여","20대","서울특별시","금천구","가산동","중국집","7"
"20180123","화","여","50대","서울특별시","금천구","가산동","중국집","5"
"20180123","화","여","50대","서울특별시","금천구","시흥동","중국집","5"
"20180123","화","여","60대이상","서울특별시","금천구","가산동","중국집","5"
"20180123","화","여","60대이상","서울특별시","금천구","독산동","중국집","5"
"20180123","화","여","50대","서울특별시","금천구","독산동","중국집","5"
"20180123","화","여","60대이상","서울특별시","금천구","시흥동","중국집","5"
"20180123","화","남","10대","서울특별시","노원구","공릉동","중국집","5"
"20180123","화","남","10대","서울특별시","노원구","중계동","중국집","5"
"20180123","화","남","20대","서울특별시","노원구","공릉동","중국집","5"
"20180123","화","남","20대","서울특별시","노원구","상계동","중국집","37"
"20180123","화","남","30대","서울특별시","노원구","공릉동","중국집","5"
"20180123","화","남","30대","서울특별시","노원구","상계동","중국집","38"
"20180123","화","남","30대","서울특별시","노원구","중계동","중국집","5"
"20180123","화","남","40대","서울특별시","노원구","공릉동","중국집","5"
"20180123","화","남","40대","서울특별시","노원구","상계동","중국집","66"
"20180123","화","남","40대","서울특별시","노원구","중계동","중국집","5"
"20180123","화","남","30대","서울특별시","노원구","월계동","중국집","5"
"20180123","화","남","40대","서울특별시","노원구","월계동","중국집","5"
"20180123","화","남","50대","서울특별시","노원구","공릉동","중국집","5"
"20180123","화","남","50대","서울특별시","노원구","상계동","중국집","46"
"20180123","화","남","60대이상","서울특별시","노원구","중계동","중국집","5"
"20180123","화","여","10대","서울특별시","노원구","공릉동","중국집","5"
"20180123","화","여","10대","서울특별시","노원구","중계동","중국집","5"
"20180123","화","여","20대","서울특별시","노원구","공릉동","중국집","5"
"20180123","화","여","20대","서울특별시","노원구","상계동","중국집","19"
"20180123","화","여","30대","서울특별시","노원구","공릉동","중국집","5"
"20180123","화","여","10대","서울특별시","노원구","상계동","중국집","5"
"20180123","화","여","30대","서울특별시","노원구","상계동","중국집","43"
"20180123","화","남","60대이상","서울특별시","노원구","공릉동","중국집","5"
"20180123","화","여","40대","서울특별시","노원구","상계동","중국집","93"
"20180123","화","여","40대","서울특별시","노원구","중계동","중국집","7"
"20180123","화","남","20대","서울특별시","노원구","월계동","중국집","5"
"20180123","화","여","50대","서울특별시","노원구","공릉동","중국집","5"
"20180123","화","여","50대","서울특별시","노원구","상계동","중국집","39"
"20180123","화","남","10대","서울특별시","노원구","상계동","중국집","8"
"20180123","화","여","20대","서울특별시","노원구","월계동","중국집","5"
"20180123","화","여","50대","서울특별시","노원구","월계동","중국집","5"
"20180123","화","여","60대이상","서울특별시","노원구","공릉동","중국집","5"
"20180123","화","여","60대이상","서울특별시","노원구","상계동","중국집","19"
"20180123","화","남","50대","서울특별시","노원구","중계동","중국집","5"
"20180123","화","여","60대이상","서울특별시","노원구","중계동","중국집","5"
"20180123","화","남","60대이상","서울특별시","노원구","월계동","중국집","5"
"20180123","화","남","60대이상","서울특별시","노원구","상계동","중국집","16"
"20180123","화","여","40대","서울특별시","노원구","월계동","중국집","5"
"20180123","화","남","10대","서울특별시","도봉구","방학동","중국집","5"
"20180123","화","남","20대","서울특별시","도봉구","도봉동","중국집","5"
"20180123","화","남","20대","서울특별시","도봉구","쌍문동","중국집","5"
"20180123","화","남","30대","서울특별시","도봉구","방학동","중국집","5"
"20180123","화","남","40대","서울특별시","도봉구","도봉동","중국집","5"
"20180123","화","남","10대","서울특별시","도봉구","쌍문동","중국집","5"
"20180123","화","남","40대","서울특별시","도봉구","쌍문동","중국집","6"
"20180123","화","남","60대이상","서울특별시","도봉구","도봉동","중국집","5"
"20180123","화","남","60대이상","서울특별시","도봉구","방학동","중국집","5"
"20180123","화","여","10대","서울특별시","도봉구","도봉동","중국집","5"
"20180123","화","여","20대","서울특별시","도봉구","방학동","중국집","5"
"20180123","화","여","20대","서울특별시","도봉구","쌍문동","중국집","5"
"20180123","화","여","30대","서울특별시","도봉구","도봉동","중국집","5"
"20180123","화","여","30대","서울특별시","도봉구","방학동","중국집","5"
"20180123","화","남","50대","서울특별시","도봉구","방학동","중국집","5"
"20180123","화","여","30대","서울특별시","도봉구","쌍문동","중국집","5"
"20180123","화","여","40대","서울특별시","도봉구","도봉동","중국집","5"
"20180123","화","여","40대","서울특별시","도봉구","방학동","중국집","5"
"20180123","화","여","40대","서울특별시","도봉구","쌍문동","중국집","5"
"20180123","화","여","50대","서울특별시","도봉구","방학동","중국집","5"
"20180123","화","여","60대이상","서울특별시","도봉구","도봉동","중국집","5"
"20180123","화","여","10대","서울특별시","도봉구","쌍문동","중국집","5"
"20180123","화","여","60대이상","서울특별시","도봉구","쌍문동","중국집","5"
"20180123","화","남","20대","서울특별시","도봉구","방학동","중국집","5"
"20180123","화","남","10대","서울특별시","동대문구","답십리동","중국집","5"
"20180123","화","남","10대","서울특별시","동대문구","전농동","중국집","5"
"20180123","화","남","10대","서울특별시","동대문구","제기동","중국집","7"
"20180123","화","남","10대","서울특별시","동대문구","휘경동","중국집","5"
"20180123","화","남","20대","서울특별시","동대문구","답십리동","중국집","5"
"20180123","화","남","20대","서울특별시","동대문구","장안동","중국집","29"
"20180123","화","남","20대","서울특별시","동대문구","전농동","중국집","6"
"20180123","화","남","30대","서울특별시","동대문구","제기동","중국집","60"
"20180123","화","남","40대","서울특별시","동대문구","답십리동","중국집","5"
"20180123","화","남","40대","서울특별시","동대문구","장안동","중국집","54"
"20180123","화","남","20대","서울특별시","동대문구","제기동","중국집","39"
"20180123","화","남","40대","서울특별시","동대문구","전농동","중국집","5"
"20180123","화","남","40대","서울특별시","동대문구","제기동","중국집","65"
"20180123","화","남","50대","서울특별시","동대문구","장안동","중국집","35"
"20180123","화","남","10대","서울특별시","동대문구","장안동","중국집","6"
"20180123","화","남","50대","서울특별시","동대문구","휘경동","중국집","5"
"20180123","화","남","60대이상","서울특별시","동대문구","장안동","중국집","18"
"20180123","화","남","60대이상","서울특별시","동대문구","제기동","중국집","24"
"20180123","화","여","10대","서울특별시","동대문구","장안동","중국집","5"
"20180123","화","여","10대","서울특별시","동대문구","전농동","중국집","5"
"20180123","화","여","10대","서울특별시","동대문구","제기동","중국집","5"
"20180123","화","여","20대","서울특별시","동대문구","장안동","중국집","10"
"20180123","화","여","20대","서울특별시","동대문구","전농동","중국집","8"
"20180123","화","여","20대","서울특별시","동대문구","제기동","중국집","18"
"20180123","화","남","50대","서울특별시","동대문구","전농동","중국집","5"
"20180123","화","여","20대","서울특별시","동대문구","휘경동","중국집","5"
"20180123","화","여","30대","서울특별시","동대문구","답십리동","중국집","5"
"20180123","화","남","30대","서울특별시","동대문구","장안동","중국집","41"
"20180123","화","여","30대","서울특별시","동대문구","전농동","중국집","5"
"20180123","화","여","30대","서울특별시","동대문구","제기동","중국집","22"
"20180123","화","여","40대","서울특별시","동대문구","장안동","중국집","44"
"20180123","화","여","40대","서울특별시","동대문구","제기동","중국집","23"
"20180123","화","여","40대","서울특별시","동대문구","휘경동","중국집","5"
"20180123","화","여","50대","서울특별시","동대문구","답십리동","중국집","5"
"20180123","화","여","20대","서울특별시","동대문구","답십리동","중국집","5"
"20180123","화","여","50대","서울특별시","동대문구","장안동","중국집","20"
"20180123","화","여","50대","서울특별시","동대문구","전농동","중국집","5"
"20180123","화","여","50대","서울특별시","동대문구","제기동","중국집","18"
"20180123","화","남","30대","서울특별시","동대문구","답십리동","중국집","5"
"20180123","화","여","30대","서울특별시","동대문구","장안동","중국집","32"
"20180123","화","여","60대이상","서울특별시","동대문구","답십리동","중국집","5"
"20180123","화","남","50대","서울특별시","동대문구","제기동","중국집","36"
"20180123","화","여","60대이상","서울특별시","동대문구","장안동","중국집","12"
"20180123","화","여","60대이상","서울특별시","동대문구","제기동","중국집","18"
"20180123","화","여","60대이상","서울특별시","동대문구","전농동","중국집","5"
"20180123","화","여","40대","서울특별시","동대문구","전농동","중국집","5"
"20180123","화","남","10대","서울특별시","동작구","노량진동","중국집","5"
"20180123","화","남","10대","서울특별시","동작구","신대방동","중국집","17"
"20180123","화","남","20대","서울특별시","동작구","대방동","중국집","5"
"20180123","화","남","20대","서울특별시","동작구","상도동","중국집","5"
"20180123","화","남","30대","서울특별시","동작구","노량진동","중국집","5"
"20180123","화","남","30대","서울특별시","동작구","본동","중국집","5"
"20180123","화","남","30대","서울특별시","동작구","사당동","중국집","6"
"20180123","화","남","30대","서울특별시","동작구","상도동","중국집","5"
"20180123","화","남","40대","서울특별시","동작구","사당동","중국집","5"
"20180123","화","남","40대","서울특별시","동작구","신대방동","중국집","99"
"20180123","화","남","30대","서울특별시","동작구","신대방동","중국집","108"
"20180123","화","남","50대","서울특별시","동작구","사당동","중국집","5"
"20180123","화","남","50대","서울특별시","동작구","상도동","중국집","5"
"20180123","화","남","40대","서울특별시","동작구","상도동","중국집","5"
"20180123","화","남","50대","서울특별시","동작구","신대방동","중국집","61"
"20180123","화","남","50대","서울특별시","동작구","흑석동","중국집","5"
"20180123","화","남","60대이상","서울특별시","동작구","대방동","중국집","5"
"20180123","화","남","20대","서울특별시","동작구","본동","중국집","5"
"20180123","화","남","60대이상","서울특별시","동작구","신대방동","중국집","38"
"20180123","화","여","20대","서울특별시","동작구","노량진동","중국집","5"
"20180123","화","여","20대","서울특별시","동작구","사당동","중국집","5"
"20180123","화","남","20대","서울특별시","동작구","신대방동","중국집","75"
"20180123","화","여","20대","서울특별시","동작구","상도동","중국집","5"
"20180123","화","여","20대","서울특별시","동작구","신대방동","중국집","29"
"20180123","화","여","30대","서울특별시","동작구","본동","중국집","5"
"20180123","화","여","10대","서울특별시","동작구","신대방동","중국집","9"
"20180123","화","여","30대","서울특별시","동작구","상도동","중국집","5"
"20180123","화","여","40대","서울특별시","동작구","노량진동","중국집","5"
"20180123","화","여","40대","서울특별시","동작구","사당동","중국집","5"
"20180123","화","남","60대이상","서울특별시","동작구","사당동","중국집","5"
"20180123","화","여","40대","서울특별시","동작구","상도동","중국집","5"
"20180123","화","여","40대","서울특별시","동작구","신대방동","중국집","128"
"20180123","화","여","50대","서울특별시","동작구","상도동","중국집","5"
"20180123","화","여","50대","서울특별시","동작구","신대방동","중국집","56"
"20180123","화","여","50대","서울특별시","동작구","흑석동","중국집","5"
"20180123","화","여","30대","서울특별시","동작구","신대방동","중국집","89"
"20180123","화","여","60대이상","서울특별시","동작구","사당동","중국집","5"
"20180123","화","남","10대","서울특별시","동작구","상도동","중국집","6"
"20180123","화","여","60대이상","서울특별시","동작구","상도동","중국집","5"
"20180123","화","여","60대이상","서울특별시","동작구","신대방동","중국집","43"
"20180123","화","남","10대","서울특별시","마포구","서교동","중국집","5"
"20180123","화","남","10대","서울특별시","마포구","신공덕동","중국집","5"
"20180123","화","남","10대","서울특별시","마포구","합정동","중국집","5"
"20180123","화","남","20대","서울특별시","마포구","합정동","중국집","13"
"20180123","화","남","30대","서울특별시","마포구","망원동","중국집","5"
"20180123","화","남","30대","서울특별시","마포구","상암동","중국집","16"
"20180123","화","남","30대","서울특별시","마포구","아현동","중국집","5"
"20180123","화","남","10대","서울특별시","마포구","대흥동","중국집","5"
"20180123","화","남","30대","서울특별시","마포구","염리동","중국집","5"
"20180123","화","남","20대","서울특별시","마포구","창전동","중국집","5"
"20180123","화","남","30대","서울특별시","마포구","창전동","중국집","5"
"20180123","화","남","40대","서울특별시","마포구","대흥동","중국집","5"
"20180123","화","남","40대","서울특별시","마포구","마포동","중국집","5"
"20180123","화","남","40대","서울특별시","마포구","서교동","중국집","5"
"20180123","화","남","40대","서울특별시","마포구","합정동","중국집","20"
"20180123","화","남","50대","서울특별시","마포구","동교동","중국집","5"
"20180123","화","남","50대","서울특별시","마포구","상암동","중국집","6"
"20180123","화","남","10대","서울특별시","마포구","상암동","중국집","5"
"20180123","화","남","50대","서울특별시","마포구","신공덕동","중국집","5"
"20180123","화","남","50대","서울특별시","마포구","신수동","중국집","5"
"20180123","화","남","50대","서울특별시","마포구","염리동","중국집","5"
"20180123","화","남","20대","서울특별시","마포구","망원동","중국집","5"
"20180123","화","남","50대","서울특별시","마포구","창전동","중국집","5"
"20180123","화","남","60대이상","서울특별시","마포구","상암동","중국집","10"
"20180123","화","남","60대이상","서울특별시","마포구","신공덕동","중국집","5"
"20180123","화","남","60대이상","서울특별시","마포구","창전동","중국집","5"
"20180123","화","남","20대","서울특별시","마포구","상암동","중국집","19"
"20180123","화","남","60대이상","서울특별시","마포구","합정동","중국집","7"
"20180123","화","남","30대","서울특별시","마포구","신공덕동","중국집","5"
"20180123","화","여","10대","서울특별시","마포구","상암동","중국집","5"
"20180123","화","여","20대","서울특별시","마포구","공덕동","중국집","5"
"20180123","화","여","20대","서울특별시","마포구","마포동","중국집","5"
"20180123","화","여","20대","서울특별시","마포구","합정동","중국집","11"
"20180123","화","여","20대","서울특별시","마포구","창전동","중국집","5"
"20180123","화","여","30대","서울특별시","마포구","신공덕동","중국집","5"
"20180123","화","남","40대","서울특별시","마포구","신공덕동","중국집","5"
"20180123","화","여","30대","서울특별시","마포구","아현동","중국집","5"
"20180123","화","여","30대","서울특별시","마포구","염리동","중국집","5"
"20180123","화","남","20대","서울특별시","마포구","대흥동","중국집","5"
"20180123","화","여","30대","서울특별시","마포구","마포동","중국집","5"
"20180123","화","여","40대","서울특별시","마포구","마포동","중국집","5"
"20180123","화","남","30대","서울특별시","마포구","합정동","중국집","20"
"20180123","화","여","40대","서울특별시","마포구","망원동","중국집","5"
"20180123","화","여","40대","서울특별시","마포구","상암동","중국집","45"
"20180123","화","여","40대","서울특별시","마포구","신공덕동","중국집","5"
"20180123","화","여","40대","서울특별시","마포구","아현동","중국집","5"
"20180123","화","여","10대","서울특별시","마포구","아현동","중국집","5"
"20180123","화","여","20대","서울특별시","마포구","서교동","중국집","5"
"20180123","화","남","20대","서울특별시","마포구","마포동","중국집","5"
"20180123","화","여","40대","서울특별시","마포구","신수동","중국집","5"
"20180123","화","여","40대","서울특별시","마포구","창전동","중국집","5"
"20180123","화","여","20대","서울특별시","마포구","상암동","중국집","9"
"20180123","화","여","50대","서울특별시","마포구","마포동","중국집","5"
"20180123","화","남","40대","서울특별시","마포구","상암동","중국집","19"
"20180123","화","남","40대","서울특별시","마포구","망원동","중국집","5"
"20180123","화","여","50대","서울특별시","마포구","상암동","중국집","12"
"20180123","화","여","30대","서울특별시","마포구","망원동","중국집","5"
"20180123","화","여","60대이상","서울특별시","마포구","공덕동","중국집","5"
"20180123","화","남","50대","서울특별시","마포구","합정동","중국집","6"
"20180123","화","여","60대이상","서울특별시","마포구","대흥동","중국집","5"
"20180123","화","여","60대이상","서울특별시","마포구","마포동","중국집","5"
"20180123","화","여","60대이상","서울특별시","마포구","망원동","중국집","5"
"20180123","화","여","40대","서울특별시","마포구","대흥동","중국집","5"
"20180123","화","여","60대이상","서울특별시","마포구","상암동","중국집","14"
"20180123","화","여","30대","서울특별시","마포구","상암동","중국집","32"
"20180123","화","여","10대","서울특별시","마포구","대흥동","중국집","5"
"20180123","화","남","30대","서울특별시","마포구","신수동","중국집","5"
"20180123","화","여","30대","서울특별시","마포구","합정동","중국집","11"
"20180123","화","여","60대이상","서울특별시","마포구","신공덕동","중국집","5"
"20180123","화","여","60대이상","서울특별시","마포구","합정동","중국집","7"
"20180123","화","남","20대","서울특별시","마포구","염리동","중국집","5"
"20180123","화","여","50대","서울특별시","마포구","합정동","중국집","9"
"20180123","화","여","40대","서울특별시","마포구","합정동","중국집","16"
"20180123","화","남","10대","서울특별시","서대문구","홍은동","중국집","5"
"20180123","화","남","20대","서울특별시","서대문구","연희동","중국집","30"
"20180123","화","남","20대","서울특별시","서대문구","창천동","중국집","19"
"20180123","화","남","10대","서울특별시","서대문구","연희동","중국집","8"
"20180123","화","남","20대","서울특별시","서대문구","충정로3가","중국집","5"
"20180123","화","남","40대","서울특별시","서대문구","남가좌동","중국집","5"
"20180123","화","남","40대","서울특별시","서대문구","연희동","중국집","53"
"20180123","화","남","40대","서울특별시","서대문구","충정로3가","중국집","5"
"20180123","화","남","40대","서울특별시","서대문구","홍제동","중국집","33"
"20180123","화","남","50대","서울특별시","서대문구","연희동","중국집","27"
"20180123","화","남","10대","서울특별시","서대문구","홍제동","중국집","5"
"20180123","화","남","50대","서울특별시","서대문구","창천동","중국집","18"
"20180123","화","남","20대","서울특별시","서대문구","홍은동","중국집","5"
"20180123","화","남","50대","서울특별시","서대문구","충정로3가","중국집","5"
"20180123","화","남","30대","서울특별시","서대문구","연희동","중국집","54"
"20180123","화","남","50대","서울특별시","서대문구","홍은동","중국집","5"
"20180123","화","남","60대이상","서울특별시","서대문구","남가좌동","중국집","5"
"20180123","화","남","30대","서울특별시","서대문구","창천동","중국집","23"
"20180123","화","남","60대이상","서울특별시","서대문구","홍제동","중국집","17"
"20180123","화","여","10대","서울특별시","서대문구","연희동","중국집","5"
"20180123","화","남","30대","서울특별시","서대문구","홍제동","중국집","22"
"20180123","화","여","10대","서울특별시","서대문구","홍은동","중국집","5"
"20180123","화","여","10대","서울특별시","서대문구","홍제동","중국집","5"
"20180123","화","남","10대","서울특별시","서대문구","창천동","중국집","8"
"20180123","화","남","40대","서울특별시","서대문구","홍은동","중국집","5"
"20180123","화","여","20대","서울특별시","서대문구","남가좌동","중국집","5"
"20180123","화","여","20대","서울특별시","서대문구","북아현동","중국집","5"
"20180123","화","여","20대","서울특별시","서대문구","연희동","중국집","32"
"20180123","화","남","40대","서울특별시","서대문구","북아현동","중국집","5"
"20180123","화","여","20대","서울특별시","서대문구","창천동","중국집","12"
"20180123","화","여","20대","서울특별시","서대문구","합동","중국집","5"
"20180123","화","여","30대","서울특별시","서대문구","북가좌동","중국집","5"
"20180123","화","여","30대","서울특별시","서대문구","북아현동","중국집","5"
"20180123","화","여","30대","서울특별시","서대문구","연희동","중국집","40"
"20180123","화","남","20대","서울특별시","서대문구","홍제동","중국집","16"
"20180123","화","여","30대","서울특별시","서대문구","창천동","중국집","25"
"20180123","화","여","30대","서울특별시","서대문구","충정로3가","중국집","5"
"20180123","화","남","60대이상","서울특별시","서대문구","연희동","중국집","20"
"20180123","화","여","30대","서울특별시","서대문구","홍제동","중국집","22"
"20180123","화","여","40대","서울특별시","서대문구","남가좌동","중국집","5"
"20180123","화","여","40대","서울특별시","서대문구","연희동","중국집","40"
"20180123","화","여","40대","서울특별시","서대문구","창천동","중국집","38"
"20180123","화","남","60대이상","서울특별시","서대문구","창천동","중국집","14"
"20180123","화","여","40대","서울특별시","서대문구","충정로3가","중국집","5"
"20180123","화","남","30대","서울특별시","서대문구","홍은동","중국집","5"
"20180123","화","여","50대","서울특별시","서대문구","연희동","중국집","27"
"20180123","화","여","40대","서울특별시","서대문구","홍제동","중국집","43"
"20180123","화","여","50대","서울특별시","서대문구","창천동","중국집","15"
"20180123","화","남","50대","서울특별시","서대문구","홍제동","중국집","28"
"20180123","화","여","50대","서울특별시","서대문구","충정로3가","중국집","5"
"20180123","화","남","30대","서울특별시","서대문구","북가좌동","중국집","5"
"20180123","화","여","50대","서울특별시","서대문구","홍은동","중국집","5"
"20180123","화","남","10대","서울특별시","서대문구","북가좌동","중국집","5"
"20180123","화","여","20대","서울특별시","서대문구","홍제동","중국집","10"
"20180123","화","남","40대","서울특별시","서대문구","창천동","중국집","35"
"20180123","화","여","20대","서울특별시","서대문구","충정로3가","중국집","5"
"20180123","화","여","50대","서울특별시","서대문구","홍제동","중국집","20"
"20180123","화","여","60대이상","서울특별시","서대문구","남가좌동","중국집","5"
"20180123","화","여","60대이상","서울특별시","서대문구","북아현동","중국집","5"
"20180123","화","남","30대","서울특별시","서대문구","충정로3가","중국집","5"
"20180123","화","여","60대이상","서울특별시","서대문구","연희동","중국집","12"
"20180123","화","여","60대이상","서울특별시","서대문구","창천동","중국집","12"
"20180123","화","여","50대","서울특별시","서대문구","남가좌동","중국집","5"
"20180123","화","남","30대","서울특별시","서대문구","남가좌동","중국집","5"
"20180123","화","여","60대이상","서울특별시","서대문구","홍제동","중국집","25"
"20180123","화","남","10대","서울특별시","서초구","반포동","중국집","5"
"20180123","화","남","10대","서울특별시","서초구","양재동","중국집","5"
"20180123","화","남","20대","서울특별시","서초구","내곡동","중국집","5"
"20180123","화","남","20대","서울특별시","서초구","방배동","중국집","37"
"20180123","화","남","20대","서울특별시","서초구","잠원동","중국집","5"
"20180123","화","남","30대","서울특별시","서초구","내곡동","중국집","5"
"20180123","화","남","30대","서울특별시","서초구","반포동","중국집","11"
"20180123","화","남","30대","서울특별시","서초구","방배동","중국집","54"
"20180123","화","남","20대","서울특별시","서초구","반포동","중국집","5"
"20180123","화","남","30대","서울특별시","서초구","양재동","중국집","34"
"20180123","화","남","30대","서울특별시","서초구","잠원동","중국집","5"
"20180123","화","남","40대","서울특별시","서초구","내곡동","중국집","5"
"20180123","화","남","40대","서울특별시","서초구","서초동","중국집","22"
"20180123","화","남","20대","서울특별시","서초구","서초동","중국집","7"
"20180123","화","남","50대","서울특별시","서초구","서초동","중국집","5"
"20180123","화","남","50대","서울특별시","서초구","양재동","중국집","25"
"20180123","화","남","50대","서울특별시","서초구","반포동","중국집","6"
"20180123","화","남","60대이상","서울특별시","서초구","내곡동","중국집","5"
"20180123","화","남","60대이상","서울특별시","서초구","반포동","중국집","5"
"20180123","화","남","50대","서울특별시","서초구","방배동","중국집","39"
"20180123","화","남","60대이상","서울특별시","서초구","방배동","중국집","35"
"20180123","화","남","40대","서울특별시","서초구","양재동","중국집","44"
"20180123","화","남","60대이상","서울특별시","서초구","서초동","중국집","5"
"20180123","화","남","10대","서울특별시","서초구","방배동","중국집","5"
"20180123","화","남","40대","서울특별시","서초구","반포동","중국집","18"
"20180123","화","남","60대이상","서울특별시","서초구","양재동","중국집","15"
"20180123","화","여","10대","서울특별시","서초구","반포동","중국집","5"
"20180123","화","여","10대","서울특별시","서초구","방배동","중국집","5"
"20180123","화","남","30대","서울특별시","서초구","서초동","중국집","10"
"20180123","화","여","10대","서울특별시","서초구","서초동","중국집","5"
"20180123","화","여","10대","서울특별시","서초구","양재동","중국집","5"
"20180123","화","여","20대","서울특별시","서초구","내곡동","중국집","5"
"20180123","화","여","20대","서울특별시","서초구","방배동","중국집","17"
"20180123","화","여","20대","서울특별시","서초구","서초동","중국집","7"
"20180123","화","여","20대","서울특별시","서초구","양재동","중국집","15"
"20180123","화","여","30대","서울특별시","서초구","반포동","중국집","9"
"20180123","화","여","30대","서울특별시","서초구","양재동","중국집","31"
"20180123","화","남","40대","서울특별시","서초구","방배동","중국집","67"
"20180123","화","여","30대","서울특별시","서초구","잠원동","중국집","5"
"20180123","화","여","40대","서울특별시","서초구","반포동","중국집","37"
"20180123","화","여","40대","서울특별시","서초구","서초동","중국집","8"
"20180123","화","여","40대","서울특별시","서초구","양재동","중국집","44"
"20180123","화","여","40대","서울특별시","서초구","방배동","중국집","74"
"20180123","화","여","50대","서울특별시","서초구","내곡동","중국집","5"
"20180123","화","여","50대","서울특별시","서초구","반포동","중국집","18"
"20180123","화","남","50대","서울특별시","서초구","내곡동","중국집","5"
"20180123","화","여","50대","서울특별시","서초구","방배동","중국집","33"
"20180123","화","여","50대","서울특별시","서초구","서초동","중국집","8"
"20180123","화","여","30대","서울특별시","서초구","방배동","중국집","48"
"20180123","화","여","60대이상","서울특별시","서초구","방배동","중국집","29"
"20180123","화","남","60대이상","서울특별시","서초구","잠원동","중국집","5"
"20180123","화","여","60대이상","서울특별시","서초구","반포동","중국집","10"
"20180123","화","남","20대","서울특별시","서초구","양재동","중국집","36"
"20180123","화","여","60대이상","서울특별시","서초구","서초동","중국집","5"
"20180123","화","여","30대","서울특별시","서초구","서초동","중국집","16"
"20180123","화","여","50대","서울특별시","서초구","양재동","중국집","18"
"20180123","화","여","60대이상","서울특별시","서초구","양재동","중국집","10"
"20180123","화","여","20대","서울특별시","서초구","반포동","중국집","5"
"20180123","화","여","60대이상","서울특별시","서초구","잠원동","중국집","5"
"20180123","화","남","10대","서울특별시","성동구","옥수동","중국집","5"
"20180123","화","남","20대","서울특별시","성동구","성수동2가","중국집","69"
"20180123","화","남","20대","서울특별시","성동구","옥수동","중국집","11"
"20180123","화","남","30대","서울특별시","성동구","성수동2가","중국집","107"
"20180123","화","남","30대","서울특별시","성동구","옥수동","중국집","25"
"20180123","화","남","40대","서울특별시","성동구","성수동2가","중국집","78"
"20180123","화","남","40대","서울특별시","성동구","옥수동","중국집","30"
"20180123","화","남","50대","서울특별시","성동구","옥수동","중국집","14"
"20180123","화","남","50대","서울특별시","성동구","성수동2가","중국집","63"
"20180123","화","남","60대이상","서울특별시","성동구","성수동2가","중국집","23"
"20180123","화","남","60대이상","서울특별시","성동구","옥수동","중국집","18"
"20180123","화","여","20대","서울특별시","성동구","성수동2가","중국집","18"
"20180123","화","여","20대","서울특별시","성동구","옥수동","중국집","8"
"20180123","화","여","10대","서울특별시","성동구","성수동2가","중국집","10"
"20180123","화","여","30대","서울특별시","성동구","성수동2가","중국집","53"
"20180123","화","여","30대","서울특별시","성동구","옥수동","중국집","16"
"20180123","화","여","40대","서울특별시","성동구","성수동2가","중국집","108"
"20180123","화","여","50대","서울특별시","성동구","성수동2가","중국집","54"
"20180123","화","남","10대","서울특별시","성동구","성수동2가","중국집","26"
"20180123","화","여","50대","서울특별시","성동구","옥수동","중국집","16"
"20180123","화","여","40대","서울특별시","성동구","옥수동","중국집","23"
"20180123","화","여","60대이상","서울특별시","성동구","성수동2가","중국집","35"
"20180123","화","여","60대이상","서울특별시","성동구","옥수동","중국집","9"
"20180123","화","남","10대","서울특별시","성북구","삼선동5가","중국집","5"
"20180123","화","남","10대","서울특별시","성북구","성북동","중국집","5"
"20180123","화","남","20대","서울특별시","성북구","삼선동5가","중국집","5"
"20180123","화","남","20대","서울특별시","성북구","성북동","중국집","5"
"20180123","화","남","20대","서울특별시","성북구","정릉동","중국집","7"
"20180123","화","남","20대","서울특별시","성북구","종암동","중국집","5"
"20180123","화","남","20대","서울특별시","성북구","하월곡동","중국집","5"
"20180123","화","남","30대","서울특별시","성북구","길음동","중국집","5"
"20180123","화","남","30대","서울특별시","성북구","상월곡동","중국집","5"
"20180123","화","남","30대","서울특별시","성북구","종암동","중국집","5"
"20180123","화","남","30대","서울특별시","성북구","하월곡동","중국집","5"
"20180123","화","남","40대","서울특별시","성북구","삼선동5가","중국집","5"
"20180123","화","남","50대","서울특별시","성북구","동선동2가","중국집","37"
"20180123","화","남","50대","서울특별시","성북구","성북동","중국집","5"
"20180123","화","남","50대","서울특별시","성북구","정릉동","중국집","5"
"20180123","화","남","50대","서울특별시","성북구","종암동","중국집","5"
"20180123","화","남","60대이상","서울특별시","성북구","동선동2가","중국집","12"
"20180123","화","남","40대","서울특별시","성북구","동선동2가","중국집","62"
"20180123","화","남","60대이상","서울특별시","성북구","성북동","중국집","5"
"20180123","화","남","60대이상","서울특별시","성북구","정릉동","중국집","5"
"20180123","화","여","10대","서울특별시","성북구","동선동2가","중국집","5"
"20180123","화","남","30대","서울특별시","성북구","동선동2가","중국집","39"
"20180123","화","여","10대","서울특별시","성북구","동선동3가","중국집","5"
"20180123","화","여","20대","서울특별시","성북구","삼선동5가","중국집","5"
"20180123","화","여","20대","서울특별시","성북구","정릉동","중국집","5"
"20180123","화","여","30대","서울특별시","성북구","길음동","중국집","5"
"20180123","화","여","30대","서울특별시","성북구","동선동2가","중국집","27"
"20180123","화","여","20대","서울특별시","성북구","동선동2가","중국집","12"
"20180123","화","남","30대","서울특별시","성북구","삼선동5가","중국집","5"
"20180123","화","여","40대","서울특별시","성북구","동선동2가","중국집","43"
"20180123","화","남","10대","서울특별시","성북구","정릉동","중국집","5"
"20180123","화","남","10대","서울특별시","성북구","동선동2가","중국집","7"
"20180123","화","여","40대","서울특별시","성북구","삼선동5가","중국집","5"
"20180123","화","여","40대","서울특별시","성북구","성북동","중국집","5"
"20180123","화","남","40대","서울특별시","성북구","종암동","중국집","5"
"20180123","화","여","40대","서울특별시","성북구","하월곡동","중국집","5"
"20180123","화","여","50대","서울특별시","성북구","동선동2가","중국집","37"
"20180123","화","여","50대","서울특별시","성북구","성북동","중국집","5"
"20180123","화","남","30대","서울특별시","성북구","성북동","중국집","5"
"20180123","화","남","50대","서울특별시","성북구","하월곡동","중국집","5"
"20180123","화","여","60대이상","서울특별시","성북구","길음동","중국집","5"
"20180123","화","여","60대이상","서울특별시","성북구","동선동2가","중국집","29"
"20180123","화","여","60대이상","서울특별시","성북구","상월곡동","중국집","5"
"20180123","화","남","20대","서울특별시","성북구","동선동2가","중국집","28"
"20180123","화","여","30대","서울특별시","성북구","하월곡동","중국집","5"
"20180123","화","여","60대이상","서울특별시","성북구","성북동","중국집","5"
"20180123","화","여","30대","서울특별시","성북구","정릉동","중국집","5"
"20180123","화","여","20대","서울특별시","성북구","종암동","중국집","5"
"20180123","화","여","60대이상","서울특별시","성북구","정릉동","중국집","5"
"20180123","화","여","60대이상","서울특별시","성북구","삼선동5가","중국집","5"
"20180123","화","여","60대이상","서울특별시","성북구","하월곡동","중국집","5"
"20180123","화","여","30대","서울특별시","성북구","삼선동5가","중국집","5"
"20180123","화","남","20대","서울특별시","송파구","가락동","중국집","5"
"20180123","화","남","40대","서울특별시","송파구","가락동","중국집","10"
"20180123","화","남","40대","서울특별시","송파구","마천동","중국집","5"
"20180123","화","남","40대","서울특별시","송파구","송파동","중국집","81"
"20180123","화","남","10대","서울특별시","송파구","가락동","중국집","5"
"20180123","화","남","50대","서울특별시","송파구","가락동","중국집","5"
"20180123","화","남","50대","서울특별시","송파구","풍납동","중국집","5"
"20180123","화","남","60대이상","서울특별시","송파구","가락동","중국집","6"
"20180123","화","여","10대","서울특별시","송파구","가락동","중국집","5"
"20180123","화","여","10대","서울특별시","송파구","송파동","중국집","5"
"20180123","화","여","20대","서울특별시","송파구","마천동","중국집","5"
"20180123","화","남","10대","서울특별시","송파구","마천동","중국집","5"
"20180123","화","여","20대","서울특별시","송파구","송파동","중국집","14"
"20180123","화","여","30대","서울특별시","송파구","가락동","중국집","9"
"20180123","화","남","10대","서울특별시","송파구","송파동","중국집","15"
"20180123","화","남","30대","서울특별시","송파구","가락동","중국집","21"
"20180123","화","남","30대","서울특별시","송파구","송파동","중국집","80"
"20180123","화","여","30대","서울특별시","송파구","마천동","중국집","5"
"20180123","화","여","30대","서울특별시","송파구","방이동","중국집","5"
"20180123","화","여","20대","서울특별시","송파구","가락동","중국집","5"
"20180123","화","여","30대","서울특별시","송파구","송파동","중국집","51"
"20180123","화","남","30대","서울특별시","송파구","풍납동","중국집","5"
"20180123","화","여","30대","서울특별시","송파구","풍납동","중국집","5"
"20180123","화","여","40대","서울특별시","송파구","가락동","중국집","24"
"20180123","화","여","40대","서울특별시","송파구","송파동","중국집","97"
"20180123","화","여","50대","서울특별시","송파구","가락동","중국집","10"
"20180123","화","여","50대","서울특별시","송파구","송파동","중국집","50"
"20180123","화","여","50대","서울특별시","송파구","풍납동","중국집","5"
"20180123","화","남","60대이상","서울특별시","송파구","송파동","중국집","47"
"20180123","화","남","50대","서울특별시","송파구","송파동","중국집","45"
"20180123","화","여","60대이상","서울특별시","송파구","가락동","중국집","5"
"20180123","화","여","60대이상","서울특별시","송파구","마천동","중국집","5"
"20180123","화","여","60대이상","서울특별시","송파구","송파동","중국집","32"
"20180123","화","남","20대","서울특별시","송파구","송파동","중국집","45"
"20180123","화","여","40대","서울특별시","송파구","풍납동","중국집","5"
"20180123","화","남","10대","서울특별시","양천구","목동","중국집","5"
"20180123","화","남","10대","서울특별시","양천구","신월동","중국집","5"
"20180123","화","남","10대","서울특별시","양천구","신정동","중국집","5"
"20180123","화","남","20대","서울특별시","양천구","신월동","중국집","5"
"20180123","화","남","20대","서울특별시","양천구","목동","중국집","5"
"20180123","화","남","20대","서울특별시","양천구","신정동","중국집","9"
"20180123","화","남","30대","서울특별시","양천구","신정동","중국집","13"
"20180123","화","남","40대","서울특별시","양천구","신정동","중국집","10"
"20180123","화","남","50대","서울특별시","양천구","신월동","중국집","5"
"20180123","화","남","50대","서울특별시","양천구","신정동","중국집","12"
"20180123","화","남","40대","서울특별시","양천구","신월동","중국집","5"
"20180123","화","남","60대이상","서울특별시","양천구","신월동","중국집","5"
"20180123","화","여","10대","서울특별시","양천구","신정동","중국집","5"
"20180123","화","여","20대","서울특별시","양천구","신월동","중국집","5"
"20180123","화","여","20대","서울특별시","양천구","신정동","중국집","7"
"20180123","화","여","30대","서울특별시","양천구","목동","중국집","5"
"20180123","화","여","30대","서울특별시","양천구","신월동","중국집","5"
"20180123","화","여","30대","서울특별시","양천구","신정동","중국집","9"
"20180123","화","여","40대","서울특별시","양천구","목동","중국집","5"
"20180123","화","여","40대","서울특별시","양천구","신월동","중국집","5"
"20180123","화","여","40대","서울특별시","양천구","신정동","중국집","29"
"20180123","화","여","50대","서울특별시","양천구","목동","중국집","5"
"20180123","화","남","60대이상","서울특별시","양천구","신정동","중국집","5"
"20180123","화","여","50대","서울특별시","양천구","신정동","중국집","19"
"20180123","화","여","10대","서울특별시","양천구","신월동","중국집","5"
"20180123","화","여","60대이상","서울특별시","양천구","목동","중국집","5"
"20180123","화","여","60대이상","서울특별시","양천구","신월동","중국집","5"
"20180123","화","여","60대이상","서울특별시","양천구","신정동","중국집","5"
"20180123","화","남","10대","서울특별시","영등포구","문래동2가","중국집","5"
"20180123","화","남","10대","서울특별시","영등포구","문래동3가","중국집","7"
"20180123","화","남","20대","서울특별시","영등포구","문래동2가","중국집","10"
"20180123","화","남","20대","서울특별시","영등포구","신길동","중국집","5"
"20180123","화","남","20대","서울특별시","영등포구","여의도동","중국집","24"
"20180123","화","남","20대","서울특별시","영등포구","영등포동1가","중국집","5"
"20180123","화","남","30대","서울특별시","영등포구","문래동2가","중국집","22"
"20180123","화","남","30대","서울특별시","영등포구","영등포동7가","중국집","5"
"20180123","화","남","40대","서울특별시","영등포구","문래동2가","중국집","13"
"20180123","화","남","40대","서울특별시","영등포구","문래동3가","중국집","34"
"20180123","화","남","40대","서울특별시","영등포구","여의도동","중국집","35"
"20180123","화","남","50대","서울특별시","영등포구","대림동","중국집","5"
"20180123","화","남","50대","서울특별시","영등포구","문래동3가","중국집","29"
"20180123","화","남","10대","서울특별시","영등포구","여의도동","중국집","5"
"20180123","화","남","50대","서울특별시","영등포구","영등포동3가","중국집","5"
"20180123","화","남","60대이상","서울특별시","영등포구","대림동","중국집","5"
"20180123","화","남","40대","서울특별시","영등포구","신길동","중국집","5"
"20180123","화","남","60대이상","서울특별시","영등포구","문래동2가","중국집","6"
"20180123","화","남","60대이상","서울특별시","영등포구","문래동3가","중국집","16"
"20180123","화","남","60대이상","서울특별시","영등포구","여의도동","중국집","11"
"20180123","화","여","10대","서울특별시","영등포구","여의도동","중국집","5"
"20180123","화","여","20대","서울특별시","영등포구","대림동","중국집","5"
"20180123","화","남","40대","서울특별시","영등포구","대림동","중국집","5"
"20180123","화","여","20대","서울특별시","영등포구","문래동2가","중국집","5"
"20180123","화","남","50대","서울특별시","영등포구","신길동","중국집","5"
"20180123","화","여","20대","서울특별시","영등포구","문래동3가","중국집","7"
"20180123","화","여","20대","서울특별시","영등포구","신길동","중국집","5"
"20180123","화","여","20대","서울특별시","영등포구","여의도동","중국집","15"
"20180123","화","남","50대","서울특별시","영등포구","문래동2가","중국집","15"
"20180123","화","여","30대","서울특별시","영등포구","문래동2가","중국집","16"
"20180123","화","여","30대","서울특별시","영등포구","문래동3가","중국집","12"
"20180123","화","남","50대","서울특별시","영등포구","영등포동1가","중국집","5"
"20180123","화","여","30대","서울특별시","영등포구","대림동","중국집","5"
"20180123","화","남","30대","서울특별시","영등포구","문래동3가","중국집","22"
"20180123","화","여","30대","서울특별시","영등포구","여의도동","중국집","16"
"20180123","화","여","30대","서울특별시","영등포구","영등포동1가","중국집","5"
"20180123","화","여","30대","서울특별시","영등포구","영등포동7가","중국집","5"
"20180123","화","남","30대","서울특별시","영등포구","여의도동","중국집","41"
"20180123","화","여","40대","서울특별시","영등포구","대림동","중국집","5"
"20180123","화","남","30대","서울특별시","영등포구","영등포동1가","중국집","5"
"20180123","화","남","40대","서울특별시","영등포구","영등포동1가","중국집","5"
"20180123","화","여","40대","서울특별시","영등포구","문래동2가","중국집","22"
"20180123","화","여","40대","서울특별시","영등포구","문래동3가","중국집","31"
"20180123","화","남","50대","서울특별시","영등포구","여의도동","중국집","15"
"20180123","화","여","40대","서울특별시","영등포구","여의도동","중국집","22"
"20180123","화","여","50대","서울특별시","영등포구","당산동6가","중국집","5"
"20180123","화","여","50대","서울특별시","영등포구","문래동2가","중국집","16"
"20180123","화","남","30대","서울특별시","영등포구","당산동6가","중국집","5"
"20180123","화","여","50대","서울특별시","영등포구","문래동3가","중국집","12"
"20180123","화","여","40대","서울특별시","영등포구","영등포동1가","중국집","5"
"20180123","화","여","50대","서울특별시","영등포구","신길동","중국집","5"
"20180123","화","남","20대","서울특별시","영등포구","영등포동7가","중국집","5"
"20180123","화","여","50대","서울특별시","영등포구","대림동","중국집","5"
"20180123","화","여","40대","서울특별시","영등포구","신길동","중국집","5"
"20180123","화","여","50대","서울특별시","영등포구","여의도동","중국집","10"
"20180123","화","여","50대","서울특별시","영등포구","영등포동1가","중국집","5"
"20180123","화","여","60대이상","서울특별시","영등포구","문래동2가","중국집","8"
"20180123","화","여","60대이상","서울특별시","영등포구","문래동3가","중국집","11"
"20180123","화","남","20대","서울특별시","영등포구","문래동3가","중국집","17"
"20180123","화","여","60대이상","서울특별시","영등포구","여의도동","중국집","5"
"20180123","화","남","50대","서울특별시","영등포구","영등포동7가","중국집","5"
"20180123","화","남","10대","서울특별시","용산구","한강로3가","중국집","5"
"20180123","화","남","20대","서울특별시","용산구","동자동","중국집","5"
"20180123","화","남","20대","서울특별시","용산구","보광동","중국집","5"
"20180123","화","남","20대","서울특별시","용산구","신계동","중국집","5"
"20180123","화","남","20대","서울특별시","용산구","이태원동","중국집","5"
"20180123","화","남","20대","서울특별시","용산구","한남동","중국집","5"
"20180123","화","남","30대","서울특별시","용산구","신계동","중국집","5"
"20180123","화","남","30대","서울특별시","용산구","이촌동","중국집","5"
"20180123","화","남","40대","서울특별시","용산구","동자동","중국집","5"
"20180123","화","남","40대","서울특별시","용산구","보광동","중국집","5"
"20180123","화","남","40대","서울특별시","용산구","한강로3가","중국집","52"
"20180123","화","남","40대","서울특별시","용산구","한남동","중국집","5"
"20180123","화","남","50대","서울특별시","용산구","원효로4가","중국집","5"
"20180123","화","남","50대","서울특별시","용산구","한강로3가","중국집","29"
"20180123","화","남","60대이상","서울특별시","용산구","이태원동","중국집","5"
"20180123","화","남","60대이상","서울특별시","용산구","한남동","중국집","5"
"20180123","화","남","60대이상","서울특별시","용산구","후암동","중국집","13"
"20180123","화","남","30대","서울특별시","용산구","한남동","중국집","5"
"20180123","화","여","10대","서울특별시","용산구","이촌동","중국집","5"
"20180123","화","남","20대","서울특별시","용산구","후암동","중국집","7"
"20180123","화","여","20대","서울특별시","용산구","갈월동","중국집","5"
"20180123","화","여","20대","서울특별시","용산구","동자동","중국집","5"
"20180123","화","남","50대","서울특별시","용산구","이태원동","중국집","5"
"20180123","화","여","20대","서울특별시","용산구","보광동","중국집","5"
"20180123","화","남","40대","서울특별시","용산구","후암동","중국집","26"
"20180123","화","여","20대","서울특별시","용산구","신계동","중국집","5"
"20180123","화","남","50대","서울특별시","용산구","후암동","중국집","13"
"20180123","화","여","20대","서울특별시","용산구","원효로4가","중국집","5"
"20180123","화","남","30대","서울특별시","용산구","원효로4가","중국집","5"
"20180123","화","남","60대이상","서울특별시","용산구","한강로3가","중국집","11"
"20180123","화","여","20대","서울특별시","용산구","후암동","중국집","15"
"20180123","화","여","30대","서울특별시","용산구","신계동","중국집","5"
"20180123","화","남","60대이상","서울특별시","용산구","신계동","중국집","5"
"20180123","화","여","30대","서울특별시","용산구","이촌동","중국집","5"
"20180123","화","여","20대","서울특별시","용산구","이태원동","중국집","5"
"20180123","화","남","60대이상","서울특별시","용산구","보광동","중국집","5"
"20180123","화","남","40대","서울특별시","용산구","이촌동","중국집","5"
"20180123","화","남","20대","서울특별시","용산구","한강로3가","중국집","23"
"20180123","화","여","30대","서울특별시","용산구","이태원동","중국집","5"
"20180123","화","여","30대","서울특별시","용산구","한강로3가","중국집","15"
"20180123","화","여","30대","서울특별시","용산구","후암동","중국집","16"
"20180123","화","여","30대","서울특별시","용산구","보광동","중국집","5"
"20180123","화","여","20대","서울특별시","용산구","한강로3가","중국집","9"
"20180123","화","여","40대","서울특별시","용산구","동자동","중국집","5"
"20180123","화","여","30대","서울특별시","용산구","한남동","중국집","5"
"20180123","화","남","30대","서울특별시","용산구","이태원동","중국집","5"
"20180123","화","여","40대","서울특별시","용산구","신계동","중국집","5"
"20180123","화","여","40대","서울특별시","용산구","원효로4가","중국집","5"
"20180123","화","남","30대","서울특별시","용산구","후암동","중국집","21"
"20180123","화","남","60대이상","서울특별시","용산구","원효로4가","중국집","5"
"20180123","화","여","40대","서울특별시","용산구","이촌동","중국집","5"
"20180123","화","남","40대","서울특별시","용산구","도원동","중국집","5"
"20180123","화","여","40대","서울특별시","용산구","이태원동","중국집","5"
"20180123","화","여","40대","서울특별시","용산구","한남동","중국집","5"
"20180123","화","여","40대","서울특별시","용산구","후암동","중국집","24"
"20180123","화","여","50대","서울특별시","용산구","도원동","중국집","5"
"20180123","화","여","50대","서울특별시","용산구","동자동","중국집","5"
"20180123","화","여","50대","서울특별시","용산구","보광동","중국집","5"
"20180123","화","여","50대","서울특별시","용산구","이촌동","중국집","5"
"20180123","화","여","40대","서울특별시","용산구","보광동","중국집","5"
"20180123","화","남","30대","서울특별시","용산구","보광동","중국집","5"
"20180123","화","남","30대","서울특별시","용산구","한강로3가","중국집","28"
"20180123","화","여","50대","서울특별시","용산구","이태원동","중국집","5"
"20180123","화","여","50대","서울특별시","용산구","한강로3가","중국집","17"
"20180123","화","남","50대","서울특별시","용산구","이촌동","중국집","5"
"20180123","화","여","50대","서울특별시","용산구","후암동","중국집","10"
"20180123","화","여","20대","서울특별시","용산구","이촌동","중국집","5"
"20180123","화","남","10대","서울특별시","용산구","후암동","중국집","5"
"20180123","화","여","50대","서울특별시","용산구","한남동","중국집","5"
"20180123","화","여","60대이상","서울특별시","용산구","보광동","중국집","5"
"20180123","화","남","40대","서울특별시","용산구","신계동","중국집","5"
"20180123","화","남","50대","서울특별시","용산구","보광동","중국집","5"
"20180123","화","여","60대이상","서울특별시","용산구","이태원동","중국집","5"
"20180123","화","남","30대","서울특별시","용산구","도원동","중국집","5"
"20180123","화","여","10대","서울특별시","용산구","후암동","중국집","5"
"20180123","화","여","60대이상","서울특별시","용산구","한강로3가","중국집","8"
"20180123","화","여","30대","서울특별시","용산구","원효로4가","중국집","5"
"20180123","화","여","60대이상","서울특별시","용산구","후암동","중국집","6"
"20180123","화","남","10대","서울특별시","용산구","보광동","중국집","5"
"20180123","화","여","40대","서울특별시","용산구","한강로3가","중국집","28"
"20180123","화","남","10대","서울특별시","은평구","불광동","중국집","16"
"20180123","화","남","10대","서울특별시","은평구","증산동","중국집","5"
"20180123","화","남","30대","서울특별시","은평구","구산동","중국집","5"
"20180123","화","남","30대","서울특별시","은평구","불광동","중국집","49"
"20180123","화","남","40대","서울특별시","은평구","구산동","중국집","5"
"20180123","화","남","40대","서울특별시","은평구","수색동","중국집","5"
"20180123","화","남","40대","서울특별시","은평구","증산동","중국집","5"
"20180123","화","남","50대","서울특별시","은평구","구산동","중국집","5"
"20180123","화","남","50대","서울특별시","은평구","증산동","중국집","5"
"20180123","화","남","60대이상","서울특별시","은평구","수색동","중국집","5"
"20180123","화","남","60대이상","서울특별시","은평구","증산동","중국집","5"
"20180123","화","남","40대","서울특별시","은평구","진관동","중국집","5"
"20180123","화","여","10대","서울특별시","은평구","증산동","중국집","5"
"20180123","화","남","20대","서울특별시","은평구","불광동","중국집","36"
"20180123","화","여","20대","서울특별시","은평구","구산동","중국집","5"
"20180123","화","여","20대","서울특별시","은평구","불광동","중국집","12"
"20180123","화","남","50대","서울특별시","은평구","수색동","중국집","5"
"20180123","화","여","20대","서울특별시","은평구","증산동","중국집","5"
"20180123","화","여","30대","서울특별시","은평구","불광동","중국집","42"
"20180123","화","여","30대","서울특별시","은평구","수색동","중국집","5"
"20180123","화","여","30대","서울특별시","은평구","증산동","중국집","5"
"20180123","화","여","10대","서울특별시","은평구","불광동","중국집","7"
"20180123","화","여","40대","서울특별시","은평구","구산동","중국집","5"
"20180123","화","여","40대","서울특별시","은평구","증산동","중국집","5"
"20180123","화","남","60대이상","서울특별시","은평구","불광동","중국집","20"
"20180123","화","여","50대","서울특별시","은평구","구산동","중국집","5"
"20180123","화","남","30대","서울특별시","은평구","증산동","중국집","5"
"20180123","화","남","50대","서울특별시","은평구","불광동","중국집","24"
"20180123","화","여","50대","서울특별시","은평구","불광동","중국집","24"
"20180123","화","여","50대","서울특별시","은평구","증산동","중국집","5"
"20180123","화","여","60대이상","서울특별시","은평구","구산동","중국집","5"
"20180123","화","남","40대","서울특별시","은평구","불광동","중국집","42"
"20180123","화","여","60대이상","서울특별시","은평구","불광동","중국집","19"
"20180123","화","여","60대이상","서울특별시","은평구","수색동","중국집","5"
"20180123","화","여","60대이상","서울특별시","은평구","증산동","중국집","5"
"20180123","화","여","40대","서울특별시","은평구","불광동","중국집","55"
"20180123","화","여","60대이상","서울특별시","은평구","진관동","중국집","5"
"20180123","화","남","10대","서울특별시","종로구","교남동","중국집","5"
"20180123","화","남","20대","서울특별시","종로구","서린동","중국집","5"
"20180123","화","남","20대","서울특별시","종로구","평창동","중국집","5"
"20180123","화","남","30대","서울특별시","종로구","교남동","중국집","5"
"20180123","화","남","30대","서울특별시","종로구","동숭동","중국집","5"
"20180123","화","남","30대","서울특별시","종로구","종로6가","중국집","5"
"20180123","화","남","40대","서울특별시","종로구","경운동","중국집","5"
"20180123","화","남","40대","서울특별시","종로구","동숭동","중국집","5"
"20180123","화","남","40대","서울특별시","종로구","원서동","중국집","5"
"20180123","화","남","40대","서울특별시","종로구","종로3가","중국집","5"
"20180123","화","남","50대","서울특별시","종로구","관수동","중국집","5"
"20180123","화","남","50대","서울특별시","종로구","교남동","중국집","5"
"20180123","화","남","50대","서울특별시","종로구","낙원동","중국집","5"
"20180123","화","남","50대","서울특별시","종로구","동숭동","중국집","5"
"20180123","화","남","50대","서울특별시","종로구","종로6가","중국집","5"
"20180123","화","남","50대","서울특별시","종로구","평창동","중국집","5"
"20180123","화","남","20대","서울특별시","종로구","창성동","중국집","5"
"20180123","화","남","60대이상","서울특별시","종로구","관수동","중국집","5"
"20180123","화","남","60대이상","서울특별시","종로구","교남동","중국집","5"
"20180123","화","남","60대이상","서울특별시","종로구","동숭동","중국집","5"
"20180123","화","남","60대이상","서울특별시","종로구","원서동","중국집","5"
"20180123","화","남","60대이상","서울특별시","종로구","종로6가","중국집","5"
"20180123","화","남","20대","서울특별시","종로구","동숭동","중국집","5"
"20180123","화","남","20대","서울특별시","종로구","명륜1가","중국집","5"
"20180123","화","여","10대","서울특별시","종로구","창성동","중국집","5"
"20180123","화","여","20대","서울특별시","종로구","낙원동","중국집","5"
"20180123","화","여","20대","서울특별시","종로구","동숭동","중국집","5"
"20180123","화","여","20대","서울특별시","종로구","명륜1가","중국집","5"
"20180123","화","여","20대","서울특별시","종로구","숭인동","중국집","5"
"20180123","화","남","30대","서울특별시","종로구","원서동","중국집","5"
"20180123","화","남","30대","서울특별시","종로구","신문로2가","중국집","5"
"20180123","화","여","20대","서울특별시","종로구","신문로2가","중국집","5"
"20180123","화","남","20대","서울특별시","종로구","숭인동","중국집","5"
"20180123","화","여","20대","서울특별시","종로구","원서동","중국집","5"
"20180123","화","여","10대","서울특별시","종로구","원서동","중국집","5"
"20180123","화","여","30대","서울특별시","종로구","경운동","중국집","5"
"20180123","화","여","30대","서울특별시","종로구","교남동","중국집","5"
"20180123","화","남","30대","서울특별시","종로구","창성동","중국집","5"
"20180123","화","여","30대","서울특별시","종로구","동숭동","중국집","5"
"20180123","화","남","40대","서울특별시","종로구","창성동","중국집","5"
"20180123","화","여","30대","서울특별시","종로구","숭인동","중국집","5"
"20180123","화","여","30대","서울특별시","종로구","원서동","중국집","5"
"20180123","화","여","30대","서울특별시","종로구","종로5가","중국집","5"
"20180123","화","남","10대","서울특별시","종로구","원서동","중국집","5"
"20180123","화","여","30대","서울특별시","종로구","창성동","중국집","5"
"20180123","화","남","20대","서울특별시","종로구","창신동","중국집","5"
"20180123","화","남","60대이상","서울특별시","종로구","낙원동","중국집","5"
"20180123","화","여","30대","서울특별시","종로구","평창동","중국집","5"
"20180123","화","남","50대","서울특별시","종로구","서린동","중국집","5"
"20180123","화","남","40대","서울특별시","종로구","낙원동","중국집","5"
"20180123","화","여","20대","서울특별시","종로구","교남동","중국집","5"
"20180123","화","여","40대","서울특별시","종로구","관수동","중국집","5"
"20180123","화","여","40대","서울특별시","종로구","낙원동","중국집","5"
"20180123","화","여","40대","서울특별시","종로구","명륜1가","중국집","5"
"20180123","화","여","40대","서울특별시","종로구","옥인동","중국집","5"
"20180123","화","여","40대","서울특별시","종로구","종로6가","중국집","5"
"20180123","화","남","40대","서울특별시","종로구","평창동","중국집","5"
"20180123","화","여","40대","서울특별시","종로구","창성동","중국집","5"
"20180123","화","여","40대","서울특별시","종로구","평창동","중국집","5"
"20180123","화","여","30대","서울특별시","종로구","명륜1가","중국집","5"
"20180123","화","여","50대","서울특별시","종로구","관수동","중국집","5"
"20180123","화","남","60대이상","서울특별시","종로구","평창동","중국집","5"
"20180123","화","여","50대","서울특별시","종로구","낙원동","중국집","5"
"20180123","화","여","30대","서울특별시","종로구","신문로2가","중국집","5"
"20180123","화","남","30대","서울특별시","종로구","경운동","중국집","5"
"20180123","화","여","40대","서울특별시","종로구","창신동","중국집","5"
"20180123","화","여","50대","서울특별시","종로구","종로6가","중국집","5"
"20180123","화","남","20대","서울특별시","종로구","원서동","중국집","5"
"20180123","화","남","20대","서울특별시","종로구","교남동","중국집","5"
"20180123","화","남","60대이상","서울특별시","종로구","숭인동","중국집","5"
"20180123","화","여","60대이상","서울특별시","종로구","관수동","중국집","5"
"20180123","화","여","40대","서울특별시","종로구","원서동","중국집","5"
"20180123","화","여","40대","서울특별시","종로구","교남동","중국집","5"
"20180123","화","여","50대","서울특별시","종로구","숭인동","중국집","5"
"20180123","화","남","60대이상","서울특별시","종로구","창신동","중국집","5"
"20180123","화","여","60대이상","서울특별시","종로구","명륜1가","중국집","5"
"20180123","화","남","30대","서울특별시","종로구","낙원동","중국집","5"
"20180123","화","여","60대이상","서울특별시","종로구","창성동","중국집","5"
"20180123","화","남","10대","서울특별시","중구","수하동","중국집","11"
"20180123","화","남","10대","서울특별시","중구","신당동","중국집","5"
"20180123","화","남","20대","서울특별시","중구","수하동","중국집","26"
"20180123","화","남","20대","서울특별시","중구","장충동2가","중국집","5"
"20180123","화","남","30대","서울특별시","중구","신당동","중국집","68"
"20180123","화","남","30대","서울특별시","중구","정동","중국집","5"
"20180123","화","남","40대","서울특별시","중구","무교동","중국집","5"
"20180123","화","남","40대","서울특별시","중구","수하동","중국집","108"
"20180123","화","남","40대","서울특별시","중구","을지로1가","중국집","5"
"20180123","화","남","40대","서울특별시","중구","주교동","중국집","5"
"20180123","화","남","40대","서울특별시","중구","흥인동","중국집","5"
"20180123","화","남","50대","서울특별시","중구","서소문동","중국집","5"
"20180123","화","남","50대","서울특별시","중구","신당동","중국집","48"
"20180123","화","남","50대","서울특별시","중구","을지로1가","중국집","5"
"20180123","화","남","20대","서울특별시","중구","신당동","중국집","48"
"20180123","화","남","50대","서울특별시","중구","을지로3가","중국집","5"
"20180123","화","남","30대","서울특별시","중구","을지로6가","중국집","5"
"20180123","화","남","40대","서울특별시","중구","필동2가","중국집","5"
"20180123","화","남","50대","서울특별시","중구","주교동","중국집","5"
"20180123","화","남","50대","서울특별시","중구","수하동","중국집","69"
"20180123","화","남","60대이상","서울특별시","중구","수하동","중국집","18"
"20180123","화","남","40대","서울특별시","중구","신당동","중국집","75"
"20180123","화","남","60대이상","서울특별시","중구","을지로6가","중국집","5"
"20180123","화","여","10대","서울특별시","중구","수하동","중국집","5"
"20180123","화","남","40대","서울특별시","중구","을지로6가","중국집","5"
"20180123","화","여","10대","서울특별시","중구","신당동","중국집","5"
"20180123","화","남","60대이상","서울특별시","중구","충무로1가","중국집","5"
"20180123","화","남","20대","서울특별시","중구","필동2가","중국집","5"
"20180123","화","남","10대","서울특별시","중구","필동2가","중국집","5"
"20180123","화","여","20대","서울특별시","중구","수하동","중국집","17"
"20180123","화","여","20대","서울특별시","중구","을지로1가","중국집","5"
"20180123","화","여","20대","서울특별시","중구","을지로3가","중국집","5"
"20180123","화","여","20대","서울특별시","중구","을지로6가","중국집","5"
"20180123","화","남","60대이상","서울특별시","중구","신당동","중국집","41"
"20180123","화","여","20대","서울특별시","중구","충무로1가","중국집","5"
"20180123","화","여","20대","서울특별시","중구","필동2가","중국집","5"
"20180123","화","남","60대이상","서울특별시","중구","회현동1가","중국집","5"
"20180123","화","여","30대","서울특별시","중구","명동1가","중국집","5"
"20180123","화","남","30대","서울특별시","중구","을지로3가","중국집","5"
"20180123","화","여","30대","서울특별시","중구","수하동","중국집","36"
"20180123","화","여","30대","서울특별시","중구","신당동","중국집","45"
"20180123","화","여","30대","서울특별시","중구","을지로1가","중국집","5"
"20180123","화","여","30대","서울특별시","중구","을지로6가","중국집","5"
"20180123","화","여","30대","서울특별시","중구","주교동","중국집","5"
"20180123","화","여","30대","서울특별시","중구","충무로1가","중국집","5"
"20180123","화","여","40대","서울특별시","중구","수하동","중국집","32"
"20180123","화","여","40대","서울특별시","중구","신당동","중국집","57"
"20180123","화","남","40대","서울특별시","중구","충무로1가","중국집","5"
"20180123","화","남","30대","서울특별시","중구","수하동","중국집","80"
"20180123","화","여","40대","서울특별시","중구","을지로6가","중국집","5"
"20180123","화","여","40대","서울특별시","중구","회현동1가","중국집","5"
"20180123","화","남","50대","서울특별시","중구","충무로1가","중국집","5"
"20180123","화","여","50대","서울특별시","중구","수하동","중국집","12"
"20180123","화","여","50대","서울특별시","중구","신당동","중국집","42"
"20180123","화","남","50대","서울특별시","중구","을지로6가","중국집","6"
"20180123","화","여","50대","서울특별시","중구","을지로3가","중국집","5"
"20180123","화","여","40대","서울특별시","중구","무교동","중국집","5"
"20180123","화","남","30대","서울특별시","중구","필동2가","중국집","5"
"20180123","화","여","50대","서울특별시","중구","을지로6가","중국집","5"
"20180123","화","여","50대","서울특별시","중구","필동2가","중국집","5"
"20180123","화","여","20대","서울특별시","중구","신당동","중국집","33"
"20180123","화","여","60대이상","서울특별시","중구","수하동","중국집","23"
"20180123","화","여","60대이상","서울특별시","중구","신당동","중국집","27"
"20180123","화","여","60대이상","서울특별시","중구","필동2가","중국집","5"
"20180123","화","여","60대이상","서울특별시","중구","충무로1가","중국집","5"
"20180123","화","남","20대","서울특별시","중랑구","면목동","중국집","20"
"20180123","화","남","20대","서울특별시","중랑구","망우동","중국집","5"
"20180123","화","남","20대","서울특별시","중랑구","묵동","중국집","5"
"20180123","화","남","30대","서울특별시","중랑구","망우동","중국집","5"
"20180123","화","남","30대","서울특별시","중랑구","면목동","중국집","34"
"20180123","화","남","30대","서울특별시","중랑구","묵동","중국집","5"
"20180123","화","남","30대","서울특별시","중랑구","상봉동","중국집","5"
"20180123","화","남","30대","서울특별시","중랑구","중화동","중국집","5"
"20180123","화","남","40대","서울특별시","중랑구","망우동","중국집","5"
"20180123","화","남","40대","서울특별시","중랑구","면목동","중국집","51"
"20180123","화","남","40대","서울특별시","중랑구","묵동","중국집","5"
"20180123","화","남","50대","서울특별시","중랑구","망우동","중국집","5"
"20180123","화","남","50대","서울특별시","중랑구","묵동","중국집","5"
"20180123","화","남","60대이상","서울특별시","중랑구","신내동","중국집","5"
"20180123","화","남","60대이상","서울특별시","중랑구","중화동","중국집","5"
"20180123","화","여","10대","서울특별시","중랑구","면목동","중국집","5"
"20180123","화","남","40대","서울특별시","중랑구","신내동","중국집","5"
"20180123","화","남","60대이상","서울특별시","중랑구","묵동","중국집","5"
"20180123","화","여","10대","서울특별시","중랑구","묵동","중국집","5"
"20180123","화","여","10대","서울특별시","중랑구","신내동","중국집","5"
"20180123","화","여","20대","서울특별시","중랑구","망우동","중국집","5"
"20180123","화","여","20대","서울특별시","중랑구","면목동","중국집","9"
"20180123","화","여","20대","서울특별시","중랑구","묵동","중국집","5"
"20180123","화","여","30대","서울특별시","중랑구","망우동","중국집","5"
"20180123","화","여","30대","서울특별시","중랑구","면목동","중국집","39"
"20180123","화","여","30대","서울특별시","중랑구","묵동","중국집","5"
"20180123","화","여","30대","서울특별시","중랑구","신내동","중국집","5"
"20180123","화","남","60대이상","서울특별시","중랑구","면목동","중국집","22"
"20180123","화","남","10대","서울특별시","중랑구","면목동","중국집","6"
"20180123","화","여","40대","서울특별시","중랑구","면목동","중국집","47"
"20180123","화","남","10대","서울특별시","중랑구","묵동","중국집","5"
"20180123","화","여","40대","서울특별시","중랑구","묵동","중국집","5"
"20180123","화","여","40대","서울특별시","중랑구","상봉동","중국집","5"
"20180123","화","여","40대","서울특별시","중랑구","신내동","중국집","5"
"20180123","화","여","50대","서울특별시","중랑구","망우동","중국집","5"
"20180123","화","남","20대","서울특별시","중랑구","신내동","중국집","5"
"20180123","화","여","50대","서울특별시","중랑구","면목동","중국집","37"
"20180123","화","남","50대","서울특별시","중랑구","면목동","중국집","35"
"20180123","화","여","60대이상","서울특별시","중랑구","망우동","중국집","5"
"20180123","화","여","40대","서울특별시","중랑구","망우동","중국집","5"
"20180123","화","여","60대이상","서울특별시","중랑구","면목동","중국집","14"
"20180123","화","여","60대이상","서울특별시","중랑구","신내동","중국집","5"
"20180124","수","남","10대","서울특별시","강남구","논현동","중국집","5"
"20180124","수","남","10대","서울특별시","강남구","역삼동","중국집","5"
"20180124","수","남","20대","서울특별시","강남구","개포동","중국집","5"
"20180124","수","남","20대","서울특별시","강남구","대치동","중국집","5"
"20180124","수","남","20대","서울특별시","강남구","도곡동","중국집","5"
"20180124","수","남","20대","서울특별시","강남구","삼성동","중국집","41"
"20180124","수","남","20대","서울특별시","강남구","일원동","중국집","5"
"20180124","수","남","30대","서울특별시","강남구","대치동","중국집","5"
"20180124","수","남","30대","서울특별시","강남구","도곡동","중국집","6"
"20180124","수","남","20대","서울특별시","강남구","역삼동","중국집","53"
"20180124","수","남","30대","서울특별시","강남구","세곡동","중국집","14"
"20180124","수","남","30대","서울특별시","강남구","압구정동","중국집","5"
"20180124","수","남","30대","서울특별시","강남구","역삼동","중국집","94"
"20180124","수","남","30대","서울특별시","강남구","일원동","중국집","5"
"20180124","수","남","40대","서울특별시","강남구","삼성동","중국집","78"
"20180124","수","남","40대","서울특별시","강남구","개포동","중국집","5"
"20180124","수","남","40대","서울특별시","강남구","세곡동","중국집","9"
"20180124","수","남","40대","서울특별시","강남구","역삼동","중국집","81"
"20180124","수","남","50대","서울특별시","강남구","논현동","중국집","36"
"20180124","수","남","50대","서울특별시","강남구","대치동","중국집","5"
"20180124","수","남","30대","서울특별시","강남구","삼성동","중국집","134"
"20180124","수","남","50대","서울특별시","강남구","도곡동","중국집","7"
"20180124","수","남","50대","서울특별시","강남구","삼성동","중국집","62"
"20180124","수","남","50대","서울특별시","강남구","수서동","중국집","5"
"20180124","수","남","50대","서울특별시","강남구","역삼동","중국집","46"
"20180124","수","남","10대","서울특별시","강남구","압구정동","중국집","5"
"20180124","수","남","50대","서울특별시","강남구","일원동","중국집","5"
"20180124","수","남","40대","서울특별시","강남구","압구정동","중국집","5"
"20180124","수","남","60대이상","서울특별시","강남구","논현동","중국집","19"
"20180124","수","남","30대","서울특별시","강남구","논현동","중국집","79"
"20180124","수","남","60대이상","서울특별시","강남구","삼성동","중국집","36"
"20180124","수","남","60대이상","서울특별시","강남구","일원동","중국집","5"
"20180124","수","남","60대이상","서울특별시","강남구","청담동","중국집","5"
"20180124","수","여","10대","서울특별시","강남구","논현동","중국집","5"
"20180124","수","여","10대","서울특별시","강남구","도곡동","중국집","5"
"20180124","수","여","10대","서울특별시","강남구","삼성동","중국집","5"
"20180124","수","여","10대","서울특별시","강남구","압구정동","중국집","5"
"20180124","수","여","10대","서울특별시","강남구","역삼동","중국집","5"
"20180124","수","남","20대","서울특별시","강남구","세곡동","중국집","9"
"20180124","수","여","20대","서울특별시","강남구","논현동","중국집","48"
"20180124","수","여","20대","서울특별시","강남구","대치동","중국집","5"
"20180124","수","남","30대","서울특별시","강남구","수서동","중국집","5"
"20180124","수","남","60대이상","서울특별시","강남구","압구정동","중국집","5"
"20180124","수","여","20대","서울특별시","강남구","도곡동","중국집","5"
"20180124","수","남","10대","서울특별시","강남구","도곡동","중국집","5"
"20180124","수","남","60대이상","서울특별시","강남구","개포동","중국집","5"
"20180124","수","여","20대","서울특별시","강남구","삼성동","중국집","39"
"20180124","수","남","50대","서울특별시","강남구","세곡동","중국집","5"
"20180124","수","여","20대","서울특별시","강남구","역삼동","중국집","41"
"20180124","수","남","40대","서울특별시","강남구","논현동","중국집","67"
"20180124","수","여","20대","서울특별시","강남구","청담동","중국집","5"
"20180124","수","여","30대","서울특별시","강남구","대치동","중국집","5"
"20180124","수","여","30대","서울특별시","강남구","도곡동","중국집","6"
"20180124","수","여","30대","서울특별시","강남구","삼성동","중국집","67"
"20180124","수","여","30대","서울특별시","강남구","논현동","중국집","25"
"20180124","수","남","40대","서울특별시","강남구","도곡동","중국집","5"
"20180124","수","여","30대","서울특별시","강남구","세곡동","중국집","8"
"20180124","수","여","30대","서울특별시","강남구","수서동","중국집","5"
"20180124","수","여","30대","서울특별시","강남구","일원동","중국집","5"
"20180124","수","여","20대","서울특별시","강남구","세곡동","중국집","5"
"20180124","수","여","40대","서울특별시","강남구","개포동","중국집","5"
"20180124","수","여","40대","서울특별시","강남구","논현동","중국집","55"
"20180124","수","여","40대","서울특별시","강남구","도곡동","중국집","12"
"20180124","수","여","40대","서울특별시","강남구","대치동","중국집","5"
"20180124","수","여","40대","서울특별시","강남구","삼성동","중국집","121"
"20180124","수","여","40대","서울특별시","강남구","세곡동","중국집","12"
"20180124","수","여","40대","서울특별시","강남구","수서동","중국집","5"
"20180124","수","남","20대","서울특별시","강남구","압구정동","중국집","5"
"20180124","수","남","10대","서울특별시","강남구","삼성동","중국집","10"
"20180124","수","여","40대","서울특별시","강남구","압구정동","중국집","5"
"20180124","수","남","40대","서울특별시","강남구","수서동","중국집","6"
"20180124","수","여","40대","서울특별시","강남구","역삼동","중국집","60"
"20180124","수","여","50대","서울특별시","강남구","논현동","중국집","31"
"20180124","수","여","50대","서울특별시","강남구","도곡동","중국집","5"
"20180124","수","여","50대","서울특별시","강남구","삼성동","중국집","52"
"20180124","수","여","50대","서울특별시","강남구","세곡동","중국집","5"
"20180124","수","여","50대","서울특별시","강남구","역삼동","중국집","39"
"20180124","수","여","60대이상","서울특별시","강남구","논현동","중국집","19"
"20180124","수","남","60대이상","서울특별시","강남구","세곡동","중국집","5"
"20180124","수","남","20대","서울특별시","강남구","논현동","중국집","28"
"20180124","수","남","20대","서울특별시","강남구","수서동","중국집","5"
"20180124","수","여","60대이상","서울특별시","강남구","도곡동","중국집","5"
"20180124","수","남","60대이상","서울특별시","강남구","역삼동","중국집","26"
"20180124","수","여","60대이상","서울특별시","강남구","삼성동","중국집","16"
"20180124","수","여","60대이상","서울특별시","강남구","세곡동","중국집","5"
"20180124","수","여","60대이상","서울특별시","강남구","수서동","중국집","5"
"20180124","수","여","60대이상","서울특별시","강남구","역삼동","중국집","20"
"20180124","수","여","30대","서울특별시","강남구","역삼동","중국집","59"
"20180124","수","여","40대","서울특별시","강남구","일원동","중국집","5"
"20180124","수","남","20대","서울특별시","강동구","명일동","중국집","5"
"20180124","수","남","20대","서울특별시","강동구","성내동","중국집","5"
"20180124","수","남","30대","서울특별시","강동구","명일동","중국집","5"
"20180124","수","남","30대","서울특별시","강동구","성내동","중국집","7"
"20180124","수","남","10대","서울특별시","강동구","천호동","중국집","5"
"20180124","수","남","30대","서울특별시","강동구","암사동","중국집","5"
"20180124","수","남","30대","서울특별시","강동구","천호동","중국집","5"
"20180124","수","남","40대","서울특별시","강동구","길동","중국집","92"
"20180124","수","남","40대","서울특별시","강동구","명일동","중국집","5"
"20180124","수","남","40대","서울특별시","강동구","성내동","중국집","7"
"20180124","수","남","40대","서울특별시","강동구","암사동","중국집","5"
"20180124","수","남","50대","서울특별시","강동구","길동","중국집","60"
"20180124","수","남","50대","서울특별시","강동구","명일동","중국집","5"
"20180124","수","남","60대이상","서울특별시","강동구","상일동","중국집","5"
"20180124","수","남","60대이상","서울특별시","강동구","성내동","중국집","5"
"20180124","수","남","60대이상","서울특별시","강동구","암사동","중국집","5"
"20180124","수","남","50대","서울특별시","강동구","암사동","중국집","5"
"20180124","수","남","60대이상","서울특별시","강동구","천호동","중국집","5"
"20180124","수","여","10대","서울특별시","강동구","명일동","중국집","5"
"20180124","수","여","10대","서울특별시","강동구","성내동","중국집","5"
"20180124","수","여","20대","서울특별시","강동구","둔촌동","중국집","5"
"20180124","수","남","20대","서울특별시","강동구","암사동","중국집","5"
"20180124","수","여","20대","서울특별시","강동구","암사동","중국집","5"
"20180124","수","여","20대","서울특별시","강동구","천호동","중국집","5"
"20180124","수","여","30대","서울특별시","강동구","길동","중국집","76"
"20180124","수","남","20대","서울특별시","강동구","길동","중국집","47"
"20180124","수","여","30대","서울특별시","강동구","명일동","중국집","5"
"20180124","수","여","30대","서울특별시","강동구","상일동","중국집","5"
"20180124","수","여","30대","서울특별시","강동구","성내동","중국집","5"
"20180124","수","여","20대","서울특별시","강동구","길동","중국집","32"
"20180124","수","여","30대","서울특별시","강동구","천호동","중국집","6"
"20180124","수","남","40대","서울특별시","강동구","천호동","중국집","5"
"20180124","수","여","40대","서울특별시","강동구","길동","중국집","107"
"20180124","수","여","40대","서울특별시","강동구","명일동","중국집","5"
"20180124","수","남","10대","서울특별시","강동구","길동","중국집","15"
"20180124","수","여","40대","서울특별시","강동구","상일동","중국집","5"
"20180124","수","여","30대","서울특별시","강동구","암사동","중국집","5"
"20180124","수","여","40대","서울특별시","강동구","성내동","중국집","7"
"20180124","수","여","40대","서울특별시","강동구","천호동","중국집","5"
"20180124","수","남","60대이상","서울특별시","강동구","길동","중국집","27"
"20180124","수","여","10대","서울특별시","강동구","길동","중국집","6"
"20180124","수","여","50대","서울특별시","강동구","길동","중국집","60"
"20180124","수","여","50대","서울특별시","강동구","명일동","중국집","5"
"20180124","수","여","50대","서울특별시","강동구","상일동","중국집","5"
"20180124","수","남","10대","서울특별시","강동구","성내동","중국집","5"
"20180124","수","여","50대","서울특별시","강동구","성내동","중국집","5"
"20180124","수","남","50대","서울특별시","강동구","성내동","중국집","8"
"20180124","수","여","50대","서울특별시","강동구","천호동","중국집","5"
"20180124","수","여","60대이상","서울특별시","강동구","길동","중국집","36"
"20180124","수","남","10대","서울특별시","강동구","명일동","중국집","5"
"20180124","수","남","30대","서울특별시","강동구","길동","중국집","70"
"20180124","수","남","60대이상","서울특별시","강동구","명일동","중국집","5"
"20180124","수","여","60대이상","서울특별시","강동구","성내동","중국집","5"
"20180124","수","여","20대","서울특별시","강동구","성내동","중국집","9"
"20180124","수","여","40대","서울특별시","강동구","암사동","중국집","5"
"20180124","수","여","60대이상","서울특별시","강동구","천호동","중국집","5"
"20180124","수","남","10대","서울특별시","강북구","미아동","중국집","7"
"20180124","수","남","20대","서울특별시","강북구","미아동","중국집","40"
"20180124","수","남","20대","서울특별시","강북구","번동","중국집","10"
"20180124","수","남","20대","서울특별시","강북구","우이동","중국집","5"
"20180124","수","남","30대","서울특별시","강북구","미아동","중국집","68"
"20180124","수","남","30대","서울특별시","강북구","번동","중국집","14"
"20180124","수","남","40대","서울특별시","강북구","미아동","중국집","84"
"20180124","수","남","50대","서울특별시","강북구","미아동","중국집","58"
"20180124","수","남","60대이상","서울특별시","강북구","미아동","중국집","30"
"20180124","수","남","60대이상","서울특별시","강북구","번동","중국집","5"
"20180124","수","남","60대이상","서울특별시","강북구","수유동","중국집","5"
"20180124","수","여","20대","서울특별시","강북구","미아동","중국집","31"
"20180124","수","여","20대","서울특별시","강북구","번동","중국집","5"
"20180124","수","여","20대","서울특별시","강북구","우이동","중국집","5"
"20180124","수","여","30대","서울특별시","강북구","미아동","중국집","62"
"20180124","수","여","30대","서울특별시","강북구","번동","중국집","12"
"20180124","수","남","40대","서울특별시","강북구","번동","중국집","18"
"20180124","수","여","30대","서울특별시","강북구","우이동","중국집","5"
"20180124","수","남","40대","서울특별시","강북구","우이동","중국집","5"
"20180124","수","여","40대","서울특별시","강북구","미아동","중국집","113"
"20180124","수","여","40대","서울특별시","강북구","수유동","중국집","5"
"20180124","수","여","40대","서울특별시","강북구","우이동","중국집","6"
"20180124","수","여","50대","서울특별시","강북구","미아동","중국집","62"
"20180124","수","여","50대","서울특별시","강북구","번동","중국집","9"
"20180124","수","여","10대","서울특별시","강북구","번동","중국집","5"
"20180124","수","여","60대이상","서울특별시","강북구","미아동","중국집","38"
"20180124","수","남","30대","서울특별시","강북구","우이동","중국집","5"
"20180124","수","여","40대","서울특별시","강북구","번동","중국집","14"
"20180124","수","남","50대","서울특별시","강북구","번동","중국집","10"
"20180124","수","여","60대이상","서울특별시","강북구","번동","중국집","6"
"20180124","수","여","10대","서울특별시","강북구","미아동","중국집","10"
"20180124","수","여","60대이상","서울특별시","강북구","수유동","중국집","5"
"20180124","수","여","60대이상","서울특별시","강북구","우이동","중국집","5"
"20180124","수","남","10대","서울특별시","강서구","마곡동","중국집","5"
"20180124","수","남","10대","서울특별시","강서구","방화동","중국집","5"
"20180124","수","남","10대","서울특별시","강서구","내발산동","중국집","9"
"20180124","수","남","10대","서울특별시","강서구","외발산동","중국집","5"
"20180124","수","남","20대","서울특별시","강서구","내발산동","중국집","26"
"20180124","수","남","30대","서울특별시","강서구","가양동","중국집","44"
"20180124","수","남","10대","서울특별시","강서구","가양동","중국집","5"
"20180124","수","남","30대","서울특별시","강서구","내발산동","중국집","63"
"20180124","수","남","30대","서울특별시","강서구","등촌동","중국집","22"
"20180124","수","남","30대","서울특별시","강서구","화곡동","중국집","37"
"20180124","수","남","40대","서울특별시","강서구","내발산동","중국집","58"
"20180124","수","남","10대","서울특별시","강서구","화곡동","중국집","13"
"20180124","수","남","40대","서울특별시","강서구","방화동","중국집","5"
"20180124","수","남","30대","서울특별시","강서구","마곡동","중국집","5"
"20180124","수","남","40대","서울특별시","강서구","화곡동","중국집","58"
"20180124","수","남","50대","서울특별시","강서구","내발산동","중국집","32"
"20180124","수","남","50대","서울특별시","강서구","등촌동","중국집","26"
"20180124","수","남","50대","서울특별시","강서구","방화동","중국집","5"
"20180124","수","남","20대","서울특별시","강서구","화곡동","중국집","32"
"20180124","수","남","50대","서울특별시","강서구","화곡동","중국집","40"
"20180124","수","남","60대이상","서울특별시","강서구","가양동","중국집","11"
"20180124","수","남","20대","서울특별시","강서구","가양동","중국집","29"
"20180124","수","남","60대이상","서울특별시","강서구","내발산동","중국집","20"
"20180124","수","여","10대","서울특별시","강서구","등촌동","중국집","5"
"20180124","수","여","10대","서울특별시","강서구","마곡동","중국집","5"
"20180124","수","여","10대","서울특별시","강서구","화곡동","중국집","7"
"20180124","수","여","20대","서울특별시","강서구","내발산동","중국집","12"
"20180124","수","여","20대","서울특별시","강서구","마곡동","중국집","5"
"20180124","수","여","20대","서울특별시","강서구","방화동","중국집","5"
"20180124","수","여","30대","서울특별시","강서구","가양동","중국집","21"
"20180124","수","남","30대","서울특별시","강서구","방화동","중국집","5"
"20180124","수","여","10대","서울특별시","강서구","내발산동","중국집","5"
"20180124","수","남","40대","서울특별시","강서구","마곡동","중국집","5"
"20180124","수","여","30대","서울특별시","강서구","내발산동","중국집","43"
"20180124","수","여","30대","서울특별시","강서구","등촌동","중국집","15"
"20180124","수","여","30대","서울특별시","강서구","마곡동","중국집","5"
"20180124","수","남","20대","서울특별시","강서구","방화동","중국집","5"
"20180124","수","여","30대","서울특별시","강서구","방화동","중국집","5"
"20180124","수","여","30대","서울특별시","강서구","외발산동","중국집","5"
"20180124","수","여","30대","서울특별시","강서구","화곡동","중국집","45"
"20180124","수","여","20대","서울특별시","강서구","가양동","중국집","10"
"20180124","수","남","50대","서울특별시","강서구","가양동","중국집","17"
"20180124","수","여","40대","서울특별시","강서구","가양동","중국집","37"
"20180124","수","여","20대","서울특별시","강서구","화곡동","중국집","11"
"20180124","수","여","40대","서울특별시","강서구","내발산동","중국집","111"
"20180124","수","여","40대","서울특별시","강서구","등촌동","중국집","38"
"20180124","수","남","60대이상","서울특별시","강서구","방화동","중국집","5"
"20180124","수","여","20대","서울특별시","강서구","등촌동","중국집","9"
"20180124","수","남","40대","서울특별시","강서구","가양동","중국집","27"
"20180124","수","여","40대","서울특별시","강서구","마곡동","중국집","5"
"20180124","수","여","40대","서울특별시","강서구","방화동","중국집","5"
"20180124","수","여","50대","서울특별시","강서구","가양동","중국집","21"
"20180124","수","여","40대","서울특별시","강서구","화곡동","중국집","100"
"20180124","수","남","30대","서울특별시","강서구","외발산동","중국집","5"
"20180124","수","여","50대","서울특별시","강서구","내발산동","중국집","38"
"20180124","수","여","50대","서울특별시","강서구","등촌동","중국집","17"
"20180124","수","여","60대이상","서울특별시","강서구","가양동","중국집","21"
"20180124","수","남","60대이상","서울특별시","강서구","마곡동","중국집","5"
"20180124","수","여","60대이상","서울특별시","강서구","내발산동","중국집","18"
"20180124","수","남","60대이상","서울특별시","강서구","화곡동","중국집","34"
"20180124","수","남","20대","서울특별시","강서구","등촌동","중국집","22"
"20180124","수","여","50대","서울특별시","강서구","화곡동","중국집","54"
"20180124","수","여","60대이상","서울특별시","강서구","등촌동","중국집","16"
"20180124","수","남","40대","서울특별시","강서구","등촌동","중국집","23"
"20180124","수","여","60대이상","서울특별시","강서구","방화동","중국집","5"
"20180124","수","여","60대이상","서울특별시","강서구","외발산동","중국집","5"
"20180124","수","남","10대","서울특별시","강서구","등촌동","중국집","5"
"20180124","수","여","60대이상","서울특별시","강서구","화곡동","중국집","19"
"20180124","수","남","60대이상","서울특별시","강서구","등촌동","중국집","7"
"20180124","수","남","10대","서울특별시","관악구","봉천동","중국집","5"
"20180124","수","남","10대","서울특별시","관악구","신림동","중국집","5"
"20180124","수","남","20대","서울특별시","관악구","봉천동","중국집","15"
"20180124","수","남","20대","서울특별시","관악구","신림동","중국집","29"
"20180124","수","남","30대","서울특별시","관악구","봉천동","중국집","5"
"20180124","수","남","30대","서울특별시","관악구","신림동","중국집","21"
"20180124","수","남","50대","서울특별시","관악구","봉천동","중국집","7"
"20180124","수","남","50대","서울특별시","관악구","신림동","중국집","5"
"20180124","수","여","10대","서울특별시","관악구","신림동","중국집","5"
"20180124","수","여","20대","서울특별시","관악구","봉천동","중국집","5"
"20180124","수","여","20대","서울특별시","관악구","신림동","중국집","7"
"20180124","수","여","30대","서울특별시","관악구","봉천동","중국집","9"
"20180124","수","여","30대","서울특별시","관악구","신림동","중국집","7"
"20180124","수","여","40대","서울특별시","관악구","봉천동","중국집","11"
"20180124","수","여","40대","서울특별시","관악구","신림동","중국집","5"
"20180124","수","여","50대","서울특별시","관악구","봉천동","중국집","8"
"20180124","수","여","50대","서울특별시","관악구","신림동","중국집","5"
"20180124","수","남","60대이상","서울특별시","관악구","신림동","중국집","5"
"20180124","수","여","60대이상","서울특별시","관악구","봉천동","중국집","6"
"20180124","수","여","60대이상","서울특별시","관악구","신림동","중국집","5"
"20180124","수","남","40대","서울특별시","관악구","신림동","중국집","9"
"20180124","수","남","40대","서울특별시","관악구","봉천동","중국집","6"
"20180124","수","남","60대이상","서울특별시","관악구","봉천동","중국집","5"
"20180124","수","남","10대","서울특별시","광진구","화양동","중국집","5"
"20180124","수","남","20대","서울특별시","광진구","구의동","중국집","5"
"20180124","수","남","20대","서울특별시","광진구","자양동","중국집","9"
"20180124","수","남","20대","서울특별시","광진구","화양동","중국집","5"
"20180124","수","남","30대","서울특별시","광진구","광장동","중국집","5"
"20180124","수","남","30대","서울특별시","광진구","능동","중국집","5"
"20180124","수","남","10대","서울특별시","광진구","능동","중국집","5"
"20180124","수","남","40대","서울특별시","광진구","능동","중국집","5"
"20180124","수","남","40대","서울특별시","광진구","자양동","중국집","5"
"20180124","수","남","40대","서울특별시","광진구","화양동","중국집","5"
"20180124","수","남","50대","서울특별시","광진구","자양동","중국집","5"
"20180124","수","남","20대","서울특별시","광진구","능동","중국집","5"
"20180124","수","남","60대이상","서울특별시","광진구","구의동","중국집","5"
"20180124","수","남","60대이상","서울특별시","광진구","능동","중국집","5"
"20180124","수","남","60대이상","서울특별시","광진구","자양동","중국집","5"
"20180124","수","여","10대","서울특별시","광진구","능동","중국집","5"
"20180124","수","여","20대","서울특별시","광진구","구의동","중국집","5"
"20180124","수","여","10대","서울특별시","광진구","광장동","중국집","5"
"20180124","수","여","20대","서울특별시","광진구","능동","중국집","5"
"20180124","수","여","20대","서울특별시","광진구","자양동","중국집","10"
"20180124","수","남","30대","서울특별시","광진구","자양동","중국집","8"
"20180124","수","여","20대","서울특별시","광진구","화양동","중국집","5"
"20180124","수","여","30대","서울특별시","광진구","광장동","중국집","5"
"20180124","수","여","30대","서울특별시","광진구","구의동","중국집","5"
"20180124","수","여","30대","서울특별시","광진구","능동","중국집","5"
"20180124","수","여","20대","서울특별시","광진구","광장동","중국집","5"
"20180124","수","여","30대","서울특별시","광진구","자양동","중국집","6"
"20180124","수","여","10대","서울특별시","광진구","자양동","중국집","5"
"20180124","수","여","40대","서울특별시","광진구","광장동","중국집","5"
"20180124","수","여","40대","서울특별시","광진구","구의동","중국집","5"
"20180124","수","여","40대","서울특별시","광진구","능동","중국집","5"
"20180124","수","여","40대","서울특별시","광진구","자양동","중국집","15"
"20180124","수","여","40대","서울특별시","광진구","중곡동","중국집","5"
"20180124","수","여","50대","서울특별시","광진구","광장동","중국집","5"
"20180124","수","여","50대","서울특별시","광진구","자양동","중국집","5"
"20180124","수","여","60대이상","서울특별시","광진구","자양동","중국집","5"
"20180124","수","여","30대","서울특별시","광진구","중곡동","중국집","5"
"20180124","수","남","10대","서울특별시","구로구","개봉동","중국집","6"
"20180124","수","남","10대","서울특별시","구로구","궁동","중국집","5"
"20180124","수","남","20대","서울특별시","구로구","개봉동","중국집","22"
"20180124","수","남","20대","서울특별시","구로구","구로동","중국집","5"
"20180124","수","남","20대","서울특별시","구로구","궁동","중국집","5"
"20180124","수","남","20대","서울특별시","구로구","신도림동","중국집","5"
"20180124","수","남","30대","서울특별시","구로구","개봉동","중국집","38"
"20180124","수","남","30대","서울특별시","구로구","구로동","중국집","5"
"20180124","수","남","40대","서울특별시","구로구","개봉동","중국집","29"
"20180124","수","남","30대","서울특별시","구로구","신도림동","중국집","5"
"20180124","수","남","40대","서울특별시","구로구","구로동","중국집","5"
"20180124","수","남","40대","서울특별시","구로구","궁동","중국집","5"
"20180124","수","남","40대","서울특별시","구로구","신도림동","중국집","5"
"20180124","수","남","50대","서울특별시","구로구","개봉동","중국집","30"
"20180124","수","남","50대","서울특별시","구로구","구로동","중국집","5"
"20180124","수","여","10대","서울특별시","구로구","개봉동","중국집","5"
"20180124","수","여","10대","서울특별시","구로구","궁동","중국집","5"
"20180124","수","여","20대","서울특별시","구로구","개봉동","중국집","11"
"20180124","수","여","20대","서울특별시","구로구","궁동","중국집","5"
"20180124","수","여","30대","서울특별시","구로구","개봉동","중국집","32"
"20180124","수","여","30대","서울특별시","구로구","구로동","중국집","5"
"20180124","수","여","30대","서울특별시","구로구","궁동","중국집","5"
"20180124","수","여","30대","서울특별시","구로구","신도림동","중국집","5"
"20180124","수","여","40대","서울특별시","구로구","개봉동","중국집","52"
"20180124","수","여","40대","서울특별시","구로구","구로동","중국집","5"
"20180124","수","남","30대","서울특별시","구로구","천왕동","중국집","5"
"20180124","수","여","40대","서울특별시","구로구","궁동","중국집","5"
"20180124","수","여","50대","서울특별시","구로구","개봉동","중국집","19"
"20180124","수","남","30대","서울특별시","구로구","궁동","중국집","5"
"20180124","수","여","50대","서울특별시","구로구","구로동","중국집","5"
"20180124","수","여","50대","서울특별시","구로구","신도림동","중국집","5"
"20180124","수","여","60대이상","서울특별시","구로구","개봉동","중국집","10"
"20180124","수","여","60대이상","서울특별시","구로구","구로동","중국집","5"
"20180124","수","여","60대이상","서울특별시","구로구","궁동","중국집","5"
"20180124","수","남","60대이상","서울특별시","구로구","개봉동","중국집","14"
"20180124","수","남","10대","서울특별시","금천구","가산동","중국집","6"
"20180124","수","남","10대","서울특별시","금천구","시흥동","중국집","5"
"20180124","수","남","20대","서울특별시","금천구","가산동","중국집","10"
"20180124","수","남","20대","서울특별시","금천구","독산동","중국집","5"
"20180124","수","남","20대","서울특별시","금천구","시흥동","중국집","5"
"20180124","수","남","30대","서울특별시","금천구","독산동","중국집","5"
"20180124","수","남","30대","서울특별시","금천구","시흥동","중국집","5"
"20180124","수","남","40대","서울특별시","금천구","가산동","중국집","24"
"20180124","수","남","40대","서울특별시","금천구","시흥동","중국집","5"
"20180124","수","남","50대","서울특별시","금천구","가산동","중국집","20"
"20180124","수","남","60대이상","서울특별시","금천구","가산동","중국집","17"
"20180124","수","남","60대이상","서울특별시","금천구","독산동","중국집","5"
"20180124","수","여","10대","서울특별시","금천구","가산동","중국집","5"
"20180124","수","여","20대","서울특별시","금천구","가산동","중국집","11"
"20180124","수","남","50대","서울특별시","금천구","시흥동","중국집","5"
"20180124","수","남","40대","서울특별시","금천구","독산동","중국집","7"
"20180124","수","여","20대","서울특별시","금천구","독산동","중국집","6"
"20180124","수","여","20대","서울특별시","금천구","시흥동","중국집","5"
"20180124","수","여","30대","서울특별시","금천구","가산동","중국집","23"
"20180124","수","여","30대","서울특별시","금천구","시흥동","중국집","5"
"20180124","수","남","30대","서울특별시","금천구","가산동","중국집","18"
"20180124","수","여","40대","서울특별시","금천구","가산동","중국집","16"
"20180124","수","여","40대","서울특별시","금천구","독산동","중국집","5"
"20180124","수","여","40대","서울특별시","금천구","시흥동","중국집","5"
"20180124","수","여","50대","서울특별시","금천구","가산동","중국집","12"
"20180124","수","여","50대","서울특별시","금천구","시흥동","중국집","6"
"20180124","수","여","60대이상","서울특별시","금천구","가산동","중국집","5"
"20180124","수","여","60대이상","서울특별시","금천구","독산동","중국집","5"
"20180124","수","남","10대","서울특별시","노원구","상계동","중국집","7"
"20180124","수","남","20대","서울특별시","노원구","상계동","중국집","26"
"20180124","수","남","20대","서울특별시","노원구","월계동","중국집","5"
"20180124","수","남","20대","서울특별시","노원구","중계동","중국집","5"
"20180124","수","남","30대","서울특별시","노원구","상계동","중국집","36"
"20180124","수","남","40대","서울특별시","노원구","상계동","중국집","50"
"20180124","수","남","40대","서울특별시","노원구","월계동","중국집","5"
"20180124","수","남","40대","서울특별시","노원구","중계동","중국집","5"
"20180124","수","남","30대","서울특별시","노원구","중계동","중국집","5"
"20180124","수","남","50대","서울특별시","노원구","공릉동","중국집","5"
"20180124","수","남","50대","서울특별시","노원구","상계동","중국집","33"
"20180124","수","남","50대","서울특별시","노원구","중계동","중국집","5"
"20180124","수","남","60대이상","서울특별시","노원구","상계동","중국집","34"
"20180124","수","여","10대","서울특별시","노원구","상계동","중국집","7"
"20180124","수","여","10대","서울특별시","노원구","중계동","중국집","5"
"20180124","수","여","20대","서울특별시","노원구","상계동","중국집","11"
"20180124","수","남","40대","서울특별시","노원구","공릉동","중국집","5"
"20180124","수","남","60대이상","서울특별시","노원구","월계동","중국집","5"
"20180124","수","여","30대","서울특별시","노원구","공릉동","중국집","5"
"20180124","수","여","30대","서울특별시","노원구","상계동","중국집","42"
"20180124","수","여","40대","서울특별시","노원구","공릉동","중국집","6"
"20180124","수","여","40대","서울특별시","노원구","상계동","중국집","95"
"20180124","수","여","20대","서울특별시","노원구","공릉동","중국집","5"
"20180124","수","여","40대","서울특별시","노원구","월계동","중국집","5"
"20180124","수","여","40대","서울특별시","노원구","중계동","중국집","7"
"20180124","수","여","50대","서울특별시","노원구","공릉동","중국집","5"
"20180124","수","여","50대","서울특별시","노원구","상계동","중국집","36"
"20180124","수","여","50대","서울특별시","노원구","중계동","중국집","5"
"20180124","수","여","60대이상","서울특별시","노원구","공릉동","중국집","5"
"20180124","수","남","20대","서울특별시","노원구","공릉동","중국집","5"
"20180124","수","여","60대이상","서울특별시","노원구","중계동","중국집","5"
"20180124","수","남","50대","서울특별시","노원구","월계동","중국집","5"
"20180124","수","여","60대이상","서울특별시","노원구","상계동","중국집","25"
"20180124","수","남","30대","서울특별시","노원구","월계동","중국집","5"
"20180124","수","남","10대","서울특별시","도봉구","쌍문동","중국집","5"
"20180124","수","남","20대","서울특별시","도봉구","도봉동","중국집","5"
"20180124","수","남","20대","서울특별시","도봉구","방학동","중국집","5"
"20180124","수","남","20대","서울특별시","도봉구","쌍문동","중국집","5"
"20180124","수","남","30대","서울특별시","도봉구","방학동","중국집","5"
"20180124","수","남","30대","서울특별시","도봉구","쌍문동","중국집","5"
"20180124","수","남","40대","서울특별시","도봉구","방학동","중국집","5"
"20180124","수","남","40대","서울특별시","도봉구","쌍문동","중국집","5"
"20180124","수","남","50대","서울특별시","도봉구","쌍문동","중국집","5"
"20180124","수","남","60대이상","서울특별시","도봉구","방학동","중국집","5"
"20180124","수","여","10대","서울특별시","도봉구","쌍문동","중국집","5"
"20180124","수","여","20대","서울특별시","도봉구","쌍문동","중국집","6"
"20180124","수","여","30대","서울특별시","도봉구","도봉동","중국집","5"
"20180124","수","여","30대","서울특별시","도봉구","방학동","중국집","5"
"20180124","수","여","40대","서울특별시","도봉구","도봉동","중국집","5"
"20180124","수","여","40대","서울특별시","도봉구","방학동","중국집","5"
"20180124","수","여","40대","서울특별시","도봉구","쌍문동","중국집","7"
"20180124","수","여","50대","서울특별시","도봉구","도봉동","중국집","5"
"20180124","수","여","50대","서울특별시","도봉구","방학동","중국집","5"
"20180124","수","여","50대","서울특별시","도봉구","쌍문동","중국집","5"
"20180124","수","남","60대이상","서울특별시","도봉구","도봉동","중국집","5"
"20180124","수","여","30대","서울특별시","도봉구","쌍문동","중국집","5"
"20180124","수","남","50대","서울특별시","도봉구","방학동","중국집","5"
"20180124","수","여","60대이상","서울특별시","도봉구","도봉동","중국집","5"
"20180124","수","여","60대이상","서울특별시","도봉구","방학동","중국집","5"
"20180124","수","여","60대이상","서울특별시","도봉구","쌍문동","중국집","5"
"20180124","수","남","10대","서울특별시","동대문구","전농동","중국집","5"
"20180124","수","남","20대","서울특별시","동대문구","답십리동","중국집","5"
"20180124","수","남","20대","서울특별시","동대문구","장안동","중국집","37"
"20180124","수","남","20대","서울특별시","동대문구","전농동","중국집","6"
"20180124","수","남","20대","서울특별시","동대문구","제기동","중국집","58"
"20180124","수","남","30대","서울특별시","동대문구","장안동","중국집","50"
"20180124","수","남","10대","서울특별시","동대문구","제기동","중국집","11"
"20180124","수","남","30대","서울특별시","동대문구","전농동","중국집","5"
"20180124","수","남","30대","서울특별시","동대문구","제기동","중국집","53"
"20180124","수","남","40대","서울특별시","동대문구","답십리동","중국집","5"
"20180124","수","남","50대","서울특별시","동대문구","답십리동","중국집","5"
"20180124","수","남","50대","서울특별시","동대문구","장안동","중국집","37"
"20180124","수","남","50대","서울특별시","동대문구","전농동","중국집","5"
"20180124","수","남","50대","서울특별시","동대문구","제기동","중국집","29"
"20180124","수","남","60대이상","서울특별시","동대문구","답십리동","중국집","5"
"20180124","수","남","60대이상","서울특별시","동대문구","장안동","중국집","15"
"20180124","수","남","60대이상","서울특별시","동대문구","제기동","중국집","28"
"20180124","수","여","10대","서울특별시","동대문구","제기동","중국집","5"
"20180124","수","여","10대","서울특별시","동대문구","휘경동","중국집","5"
"20180124","수","여","20대","서울특별시","동대문구","답십리동","중국집","5"
"20180124","수","여","20대","서울특별시","동대문구","장안동","중국집","16"
"20180124","수","여","20대","서울특별시","동대문구","제기동","중국집","19"
"20180124","수","남","10대","서울특별시","동대문구","휘경동","중국집","5"
"20180124","수","여","30대","서울특별시","동대문구","답십리동","중국집","5"
"20180124","수","여","10대","서울특별시","동대문구","장안동","중국집","7"
"20180124","수","여","30대","서울특별시","동대문구","장안동","중국집","56"
"20180124","수","여","30대","서울특별시","동대문구","전농동","중국집","5"
"20180124","수","여","30대","서울특별시","동대문구","제기동","중국집","20"
"20180124","수","여","30대","서울특별시","동대문구","휘경동","중국집","5"
"20180124","수","남","60대이상","서울특별시","동대문구","전농동","중국집","5"
"20180124","수","여","40대","서울특별시","동대문구","제기동","중국집","45"
"20180124","수","남","40대","서울특별시","동대문구","제기동","중국집","55"
"20180124","수","여","40대","서울특별시","동대문구","휘경동","중국집","5"
"20180124","수","여","50대","서울특별시","동대문구","장안동","중국집","23"
"20180124","수","여","50대","서울특별시","동대문구","전농동","중국집","5"
"20180124","수","여","40대","서울특별시","동대문구","장안동","중국집","52"
"20180124","수","여","50대","서울특별시","동대문구","제기동","중국집","18"
"20180124","수","여","10대","서울특별시","동대문구","전농동","중국집","5"
"20180124","수","남","10대","서울특별시","동대문구","장안동","중국집","13"
"20180124","수","여","60대이상","서울특별시","동대문구","답십리동","중국집","5"
"20180124","수","여","60대이상","서울특별시","동대문구","장안동","중국집","23"
"20180124","수","여","60대이상","서울특별시","동대문구","전농동","중국집","5"
"20180124","수","남","30대","서울특별시","동대문구","답십리동","중국집","5"
"20180124","수","여","60대이상","서울특별시","동대문구","제기동","중국집","20"
"20180124","수","남","40대","서울특별시","동대문구","장안동","중국집","60"
"20180124","수","여","40대","서울특별시","동대문구","전농동","중국집","5"
"20180124","수","남","10대","서울특별시","동작구","신대방동","중국집","15"
"20180124","수","남","20대","서울특별시","동작구","사당동","중국집","5"
"20180124","수","남","20대","서울특별시","동작구","상도동","중국집","5"
"20180124","수","남","20대","서울특별시","동작구","대방동","중국집","5"
"20180124","수","남","30대","서울특별시","동작구","노량진동","중국집","5"
"20180124","수","남","20대","서울특별시","동작구","노량진동","중국집","5"
"20180124","수","남","30대","서울특별시","동작구","본동","중국집","5"
"20180124","수","남","30대","서울특별시","동작구","사당동","중국집","5"
"20180124","수","남","30대","서울특별시","동작구","흑석동","중국집","5"
"20180124","수","남","40대","서울특별시","동작구","노량진동","중국집","5"
"20180124","수","남","40대","서울특별시","동작구","상도동","중국집","5"
"20180124","수","남","50대","서울특별시","동작구","사당동","중국집","5"
"20180124","수","남","50대","서울특별시","동작구","신대방동","중국집","54"
"20180124","수","남","40대","서울특별시","동작구","본동","중국집","5"
"20180124","수","남","60대이상","서울특별시","동작구","노량진동","중국집","5"
"20180124","수","남","60대이상","서울특별시","동작구","사당동","중국집","5"
"20180124","수","남","30대","서울특별시","동작구","신대방동","중국집","116"
"20180124","수","남","60대이상","서울특별시","동작구","신대방동","중국집","45"
"20180124","수","여","10대","서울특별시","동작구","신대방동","중국집","5"
"20180124","수","여","20대","서울특별시","동작구","노량진동","중국집","5"
"20180124","수","여","20대","서울특별시","동작구","본동","중국집","5"
"20180124","수","남","20대","서울특별시","동작구","본동","중국집","5"
"20180124","수","여","20대","서울특별시","동작구","사당동","중국집","5"
"20180124","수","남","40대","서울특별시","동작구","사당동","중국집","5"
"20180124","수","남","50대","서울특별시","동작구","본동","중국집","5"
"20180124","수","여","20대","서울특별시","동작구","신대방동","중국집","39"
"20180124","수","여","30대","서울특별시","동작구","노량진동","중국집","5"
"20180124","수","여","30대","서울특별시","동작구","상도동","중국집","5"
"20180124","수","남","60대이상","서울특별시","동작구","본동","중국집","5"
"20180124","수","여","30대","서울특별시","동작구","신대방동","중국집","100"
"20180124","수","남","60대이상","서울특별시","동작구","상도동","중국집","5"
"20180124","수","남","10대","서울특별시","동작구","상도동","중국집","5"
"20180124","수","여","30대","서울특별시","동작구","사당동","중국집","5"
"20180124","수","여","40대","서울특별시","동작구","노량진동","중국집","5"
"20180124","수","남","20대","서울특별시","동작구","신대방동","중국집","106"
"20180124","수","여","30대","서울특별시","동작구","흑석동","중국집","5"
"20180124","수","여","40대","서울특별시","동작구","본동","중국집","5"
"20180124","수","여","20대","서울특별시","동작구","상도동","중국집","5"
"20180124","수","여","40대","서울특별시","동작구","상도동","중국집","5"
"20180124","수","여","40대","서울특별시","동작구","신대방동","중국집","132"
"20180124","수","여","30대","서울특별시","동작구","본동","중국집","5"
"20180124","수","여","20대","서울특별시","동작구","대방동","중국집","5"
"20180124","수","여","50대","서울특별시","동작구","노량진동","중국집","5"
"20180124","수","여","50대","서울특별시","동작구","사당동","중국집","5"
"20180124","수","여","50대","서울특별시","동작구","상도동","중국집","5"
"20180124","수","여","50대","서울특별시","동작구","신대방동","중국집","54"
"20180124","수","남","40대","서울특별시","동작구","신대방동","중국집","113"
"20180124","수","남","30대","서울특별시","동작구","상도동","중국집","5"
"20180124","수","여","50대","서울특별시","동작구","흑석동","중국집","5"
"20180124","수","여","60대이상","서울특별시","동작구","본동","중국집","5"
"20180124","수","남","20대","서울특별시","동작구","흑석동","중국집","5"
"20180124","수","여","60대이상","서울특별시","동작구","상도동","중국집","5"
"20180124","수","여","60대이상","서울특별시","동작구","신대방동","중국집","40"
"20180124","수","남","20대","서울특별시","마포구","노고산동","중국집","5"
"20180124","수","남","20대","서울특별시","마포구","망원동","중국집","5"
"20180124","수","남","20대","서울특별시","마포구","상수동","중국집","5"
"20180124","수","남","20대","서울특별시","마포구","신공덕동","중국집","5"
"20180124","수","남","30대","서울특별시","마포구","상수동","중국집","5"
"20180124","수","남","30대","서울특별시","마포구","상암동","중국집","16"
"20180124","수","남","20대","서울특별시","마포구","창전동","중국집","5"
"20180124","수","남","30대","서울특별시","마포구","신수동","중국집","5"
"20180124","수","남","30대","서울특별시","마포구","공덕동","중국집","5"
"20180124","수","남","30대","서울특별시","마포구","아현동","중국집","5"
"20180124","수","남","30대","서울특별시","마포구","염리동","중국집","5"
"20180124","수","남","30대","서울특별시","마포구","합정동","중국집","24"
"20180124","수","남","40대","서울특별시","마포구","대흥동","중국집","5"
"20180124","수","남","40대","서울특별시","마포구","마포동","중국집","5"
"20180124","수","남","40대","서울특별시","마포구","망원동","중국집","5"
"20180124","수","남","40대","서울특별시","마포구","서교동","중국집","5"
"20180124","수","남","40대","서울특별시","마포구","신공덕동","중국집","5"
"20180124","수","남","40대","서울특별시","마포구","합정동","중국집","17"
"20180124","수","남","50대","서울특별시","마포구","상암동","중국집","14"
"20180124","수","남","50대","서울특별시","마포구","합정동","중국집","11"
"20180124","수","남","20대","서울특별시","마포구","상암동","중국집","13"
"20180124","수","남","10대","서울특별시","마포구","대흥동","중국집","5"
"20180124","수","남","60대이상","서울특별시","마포구","신공덕동","중국집","5"
"20180124","수","남","60대이상","서울특별시","마포구","염리동","중국집","5"
"20180124","수","여","10대","서울특별시","마포구","상암동","중국집","5"
"20180124","수","여","10대","서울특별시","마포구","서교동","중국집","5"
"20180124","수","남","30대","서울특별시","마포구","신공덕동","중국집","5"
"20180124","수","여","10대","서울특별시","마포구","합정동","중국집","5"
"20180124","수","남","20대","서울특별시","마포구","신수동","중국집","5"
"20180124","수","남","60대이상","서울특별시","마포구","상암동","중국집","18"
"20180124","수","남","20대","서울특별시","마포구","합정동","중국집","9"
"20180124","수","여","20대","서울특별시","마포구","대흥동","중국집","5"
"20180124","수","남","50대","서울특별시","마포구","신공덕동","중국집","5"
"20180124","수","여","20대","서울특별시","마포구","망원동","중국집","5"
"20180124","수","여","20대","서울특별시","마포구","염리동","중국집","8"
"20180124","수","여","30대","서울특별시","마포구","공덕동","중국집","5"
"20180124","수","여","30대","서울특별시","마포구","대흥동","중국집","5"
"20180124","수","남","60대이상","서울특별시","마포구","합정동","중국집","9"
"20180124","수","여","30대","서울특별시","마포구","마포동","중국집","5"
"20180124","수","여","20대","서울특별시","마포구","공덕동","중국집","5"
"20180124","수","남","10대","서울특별시","마포구","상암동","중국집","5"
"20180124","수","남","30대","서울특별시","마포구","대흥동","중국집","5"
"20180124","수","여","30대","서울특별시","마포구","상암동","중국집","16"
"20180124","수","남","60대이상","서울특별시","마포구","아현동","중국집","5"
"20180124","수","여","30대","서울특별시","마포구","창전동","중국집","5"
"20180124","수","여","20대","서울특별시","마포구","상암동","중국집","7"
"20180124","수","여","30대","서울특별시","마포구","합정동","중국집","7"
"20180124","수","여","40대","서울특별시","마포구","대흥동","중국집","5"
"20180124","수","남","20대","서울특별시","마포구","대흥동","중국집","5"
"20180124","수","여","40대","서울특별시","마포구","상암동","중국집","36"
"20180124","수","여","40대","서울특별시","마포구","신공덕동","중국집","5"
"20180124","수","남","30대","서울특별시","마포구","마포동","중국집","5"
"20180124","수","여","40대","서울특별시","마포구","신수동","중국집","5"
"20180124","수","남","50대","서울특별시","마포구","신수동","중국집","5"
"20180124","수","여","40대","서울특별시","마포구","아현동","중국집","5"
"20180124","수","남","20대","서울특별시","마포구","염리동","중국집","5"
"20180124","수","여","40대","서울특별시","마포구","염리동","중국집","5"
"20180124","수","남","50대","서울특별시","마포구","대흥동","중국집","5"
"20180124","수","여","40대","서울특별시","마포구","창전동","중국집","5"
"20180124","수","여","20대","서울특별시","마포구","합정동","중국집","6"
"20180124","수","여","40대","서울특별시","마포구","합정동","중국집","12"
"20180124","수","여","30대","서울특별시","마포구","아현동","중국집","5"
"20180124","수","여","50대","서울특별시","마포구","대흥동","중국집","5"
"20180124","수","여","50대","서울특별시","마포구","망원동","중국집","5"
"20180124","수","여","50대","서울특별시","마포구","상암동","중국집","13"
"20180124","수","여","50대","서울특별시","마포구","신수동","중국집","5"
"20180124","수","여","50대","서울특별시","마포구","신공덕동","중국집","5"
"20180124","수","여","10대","서울특별시","마포구","신공덕동","중국집","5"
"20180124","수","남","40대","서울특별시","마포구","상암동","중국집","34"
"20180124","수","여","40대","서울특별시","마포구","마포동","중국집","5"
"20180124","수","여","50대","서울특별시","마포구","합정동","중국집","6"
"20180124","수","여","60대이상","서울특별시","마포구","마포동","중국집","5"
"20180124","수","여","60대이상","서울특별시","마포구","상암동","중국집","27"
"20180124","수","여","60대이상","서울특별시","마포구","신공덕동","중국집","5"
"20180124","수","여","30대","서울특별시","마포구","염리동","중국집","5"
"20180124","수","여","60대이상","서울특별시","마포구","합정동","중국집","5"
"20180124","수","남","10대","서울특별시","서대문구","충정로3가","중국집","5"
"20180124","수","남","10대","서울특별시","서대문구","홍제동","중국집","5"
"20180124","수","남","10대","서울특별시","서대문구","북아현동","중국집","5"
"20180124","수","남","20대","서울특별시","서대문구","홍제동","중국집","20"
"20180124","수","남","30대","서울특별시","서대문구","연희동","중국집","55"
"20180124","수","남","30대","서울특별시","서대문구","창천동","중국집","37"
"20180124","수","남","30대","서울특별시","서대문구","충정로3가","중국집","5"
"20180124","수","남","40대","서울특별시","서대문구","남가좌동","중국집","5"
"20180124","수","남","40대","서울특별시","서대문구","연희동","중국집","58"
"20180124","수","남","30대","서울특별시","서대문구","남가좌동","중국집","5"
"20180124","수","남","10대","서울특별시","서대문구","연희동","중국집","9"
"20180124","수","남","40대","서울특별시","서대문구","창천동","중국집","37"
"20180124","수","남","40대","서울특별시","서대문구","충정로3가","중국집","5"
"20180124","수","남","30대","서울특별시","서대문구","홍제동","중국집","39"
"20180124","수","남","50대","서울특별시","서대문구","북아현동","중국집","5"
"20180124","수","남","30대","서울특별시","서대문구","홍은동","중국집","5"
"20180124","수","남","50대","서울특별시","서대문구","창천동","중국집","29"
"20180124","수","남","50대","서울특별시","서대문구","홍제동","중국집","28"
"20180124","수","남","20대","서울특별시","서대문구","연희동","중국집","46"
"20180124","수","남","60대이상","서울특별시","서대문구","북아현동","중국집","5"
"20180124","수","남","60대이상","서울특별시","서대문구","연희동","중국집","16"
"20180124","수","남","10대","서울특별시","서대문구","창천동","중국집","5"
"20180124","수","남","60대이상","서울특별시","서대문구","홍은동","중국집","5"
"20180124","수","여","10대","서울특별시","서대문구","연희동","중국집","5"
"20180124","수","남","20대","서울특별시","서대문구","홍은동","중국집","5"
"20180124","수","여","10대","서울특별시","서대문구","창천동","중국집","5"
"20180124","수","여","10대","서울특별시","서대문구","충정로3가","중국집","5"
"20180124","수","여","10대","서울특별시","서대문구","홍제동","중국집","5"
"20180124","수","여","20대","서울특별시","서대문구","남가좌동","중국집","5"
"20180124","수","여","20대","서울특별시","서대문구","충정로3가","중국집","5"
"20180124","수","여","20대","서울특별시","서대문구","홍은동","중국집","5"
"20180124","수","여","20대","서울특별시","서대문구","홍제동","중국집","11"
"20180124","수","여","30대","서울특별시","서대문구","남가좌동","중국집","5"
"20180124","수","남","20대","서울특별시","서대문구","창천동","중국집","12"
"20180124","수","여","30대","서울특별시","서대문구","북가좌동","중국집","5"
"20180124","수","여","30대","서울특별시","서대문구","충정로3가","중국집","5"
"20180124","수","남","20대","서울특별시","서대문구","남가좌동","중국집","5"
"20180124","수","여","30대","서울특별시","서대문구","홍은동","중국집","5"
"20180124","수","남","60대이상","서울특별시","서대문구","홍제동","중국집","17"
"20180124","수","여","30대","서울특별시","서대문구","창천동","중국집","23"
"20180124","수","여","40대","서울특별시","서대문구","남가좌동","중국집","5"
"20180124","수","여","40대","서울특별시","서대문구","연희동","중국집","53"
"20180124","수","남","20대","서울특별시","서대문구","충정로3가","중국집","5"
"20180124","수","여","40대","서울특별시","서대문구","충정로3가","중국집","5"
"20180124","수","여","30대","서울특별시","서대문구","연희동","중국집","41"
"20180124","수","여","40대","서울특별시","서대문구","홍제동","중국집","25"
"20180124","수","여","30대","서울특별시","서대문구","홍제동","중국집","36"
"20180124","수","여","50대","서울특별시","서대문구","남가좌동","중국집","5"
"20180124","수","여","50대","서울특별시","서대문구","연희동","중국집","35"
"20180124","수","여","50대","서울특별시","서대문구","창천동","중국집","29"
"20180124","수","여","50대","서울특별시","서대문구","홍제동","중국집","30"
"20180124","수","여","60대이상","서울특별시","서대문구","연희동","중국집","24"
"20180124","수","남","40대","서울특별시","서대문구","홍제동","중국집","30"
"20180124","수","여","20대","서울특별시","서대문구","창천동","중국집","14"
"20180124","수","여","60대이상","서울특별시","서대문구","창천동","중국집","9"
"20180124","수","여","20대","서울특별시","서대문구","연희동","중국집","47"
"20180124","수","여","60대이상","서울특별시","서대문구","충정로3가","중국집","5"
"20180124","수","여","40대","서울특별시","서대문구","창천동","중국집","34"
"20180124","수","여","60대이상","서울특별시","서대문구","홍은동","중국집","5"
"20180124","수","여","60대이상","서울특별시","서대문구","홍제동","중국집","35"
"20180124","수","남","50대","서울특별시","서대문구","홍은동","중국집","5"
"20180124","수","남","50대","서울특별시","서대문구","연희동","중국집","26"
"20180124","수","남","60대이상","서울특별시","서대문구","창천동","중국집","15"
"20180124","수","남","10대","서울특별시","서초구","반포동","중국집","5"
"20180124","수","남","10대","서울특별시","서초구","방배동","중국집","5"
"20180124","수","남","10대","서울특별시","서초구","양재동","중국집","5"
"20180124","수","남","20대","서울특별시","서초구","서초동","중국집","5"
"20180124","수","남","30대","서울특별시","서초구","반포동","중국집","10"
"20180124","수","남","30대","서울특별시","서초구","방배동","중국집","62"
"20180124","수","남","30대","서울특별시","서초구","양재동","중국집","71"
"20180124","수","남","40대","서울특별시","서초구","내곡동","중국집","5"
"20180124","수","남","40대","서울특별시","서초구","반포동","중국집","14"
"20180124","수","남","40대","서울특별시","서초구","양재동","중국집","52"
"20180124","수","남","50대","서울특별시","서초구","내곡동","중국집","5"
"20180124","수","남","50대","서울특별시","서초구","반포동","중국집","12"
"20180124","수","남","60대이상","서울특별시","서초구","반포동","중국집","8"
"20180124","수","남","20대","서울특별시","서초구","내곡동","중국집","5"
"20180124","수","남","60대이상","서울특별시","서초구","서초동","중국집","5"
"20180124","수","남","60대이상","서울특별시","서초구","양재동","중국집","22"
"20180124","수","남","30대","서울특별시","서초구","서초동","중국집","22"
"20180124","수","여","10대","서울특별시","서초구","서초동","중국집","5"
"20180124","수","여","20대","서울특별시","서초구","내곡동","중국집","5"
"20180124","수","여","20대","서울특별시","서초구","방배동","중국집","19"
"20180124","수","남","40대","서울특별시","서초구","서초동","중국집","20"
"20180124","수","남","20대","서울특별시","서초구","방배동","중국집","46"
"20180124","수","여","20대","서울특별시","서초구","서초동","중국집","6"
"20180124","수","여","20대","서울특별시","서초구","양재동","중국집","16"
"20180124","수","여","30대","서울특별시","서초구","내곡동","중국집","5"
"20180124","수","여","30대","서울특별시","서초구","반포동","중국집","12"
"20180124","수","남","60대이상","서울특별시","서초구","방배동","중국집","54"
"20180124","수","여","30대","서울특별시","서초구","방배동","중국집","52"
"20180124","수","여","30대","서울특별시","서초구","서초동","중국집","13"
"20180124","수","남","50대","서울특별시","서초구","양재동","중국집","29"
"20180124","수","남","40대","서울특별시","서초구","방배동","중국집","75"
"20180124","수","여","10대","서울특별시","서초구","방배동","중국집","8"
"20180124","수","남","50대","서울특별시","서초구","서초동","중국집","10"
"20180124","수","여","30대","서울특별시","서초구","양재동","중국집","23"
"20180124","수","여","40대","서울특별시","서초구","반포동","중국집","28"
"20180124","수","남","20대","서울특별시","서초구","양재동","중국집","30"
"20180124","수","남","50대","서울특별시","서초구","방배동","중국집","39"
"20180124","수","여","40대","서울특별시","서초구","방배동","중국집","76"
"20180124","수","여","40대","서울특별시","서초구","서초동","중국집","11"
"20180124","수","여","40대","서울특별시","서초구","양재동","중국집","48"
"20180124","수","여","50대","서울특별시","서초구","반포동","중국집","17"
"20180124","수","여","50대","서울특별시","서초구","방배동","중국집","68"
"20180124","수","여","50대","서울특별시","서초구","서초동","중국집","5"
"20180124","수","남","20대","서울특별시","서초구","반포동","중국집","5"
"20180124","수","남","10대","서울특별시","서초구","서초동","중국집","5"
"20180124","수","여","50대","서울특별시","서초구","양재동","중국집","18"
"20180124","수","여","60대이상","서울특별시","서초구","반포동","중국집","7"
"20180124","수","여","60대이상","서울특별시","서초구","방배동","중국집","13"
"20180124","수","여","50대","서울특별시","서초구","내곡동","중국집","5"
"20180124","수","여","60대이상","서울특별시","서초구","서초동","중국집","5"
"20180124","수","여","10대","서울특별시","서초구","반포동","중국집","5"
"20180124","수","여","60대이상","서울특별시","서초구","양재동","중국집","11"
"20180124","수","여","60대이상","서울특별시","서초구","잠원동","중국집","5"
"20180124","수","남","10대","서울특별시","성동구","성수동2가","중국집","11"
"20180124","수","남","20대","서울특별시","성동구","성수동2가","중국집","76"
"20180124","수","남","20대","서울특별시","성동구","옥수동","중국집","15"
"20180124","수","남","30대","서울특별시","성동구","마장동","중국집","5"
"20180124","수","남","30대","서울특별시","성동구","성수동2가","중국집","132"
"20180124","수","남","30대","서울특별시","성동구","옥수동","중국집","28"
"20180124","수","남","40대","서울특별시","성동구","성수동1가","중국집","5"
"20180124","수","남","40대","서울특별시","성동구","성수동2가","중국집","100"
"20180124","수","남","40대","서울특별시","성동구","옥수동","중국집","32"
"20180124","수","남","50대","서울특별시","성동구","옥수동","중국집","40"
"20180124","수","남","60대이상","서울특별시","성동구","성수동2가","중국집","33"
"20180124","수","남","60대이상","서울특별시","성동구","옥수동","중국집","11"
"20180124","수","여","10대","서울특별시","성동구","성수동2가","중국집","8"
"20180124","수","여","20대","서울특별시","성동구","성수동2가","중국집","41"
"20180124","수","남","10대","서울특별시","성동구","옥수동","중국집","5"
"20180124","수","여","20대","서울특별시","성동구","옥수동","중국집","8"
"20180124","수","여","30대","서울특별시","성동구","마장동","중국집","5"
"20180124","수","여","30대","서울특별시","성동구","성수동2가","중국집","81"
"20180124","수","여","30대","서울특별시","성동구","옥수동","중국집","14"
"20180124","수","여","40대","서울특별시","성동구","성수동2가","중국집","102"
"20180124","수","여","40대","서울특별시","성동구","옥수동","중국집","27"
"20180124","수","남","50대","서울특별시","성동구","성수동2가","중국집","56"
"20180124","수","여","50대","서울특별시","성동구","성수동2가","중국집","65"
"20180124","수","여","50대","서울특별시","성동구","옥수동","중국집","12"
"20180124","수","여","60대이상","서울특별시","성동구","성수동2가","중국집","37"
"20180124","수","여","60대이상","서울특별시","성동구","옥수동","중국집","18"
"20180124","수","남","10대","서울특별시","성북구","삼선동5가","중국집","5"
"20180124","수","남","20대","서울특별시","성북구","성북동","중국집","5"
"20180124","수","남","30대","서울특별시","성북구","길음동","중국집","5"
"20180124","수","남","30대","서울특별시","성북구","동선동2가","중국집","47"
"20180124","수","남","30대","서울특별시","성북구","삼선동5가","중국집","5"
"20180124","수","남","30대","서울특별시","성북구","종암동","중국집","5"
"20180124","수","남","20대","서울특별시","성북구","정릉동","중국집","5"
"20180124","수","남","30대","서울특별시","성북구","하월곡동","중국집","5"
"20180124","수","남","40대","서울특별시","성북구","동선동2가","중국집","56"
"20180124","수","남","40대","서울특별시","성북구","길음동","중국집","5"
"20180124","수","남","40대","서울특별시","성북구","상월곡동","중국집","5"
"20180124","수","남","40대","서울특별시","성북구","성북동","중국집","5"
"20180124","수","남","50대","서울특별시","성북구","장위동","중국집","5"
"20180124","수","남","30대","서울특별시","성북구","정릉동","중국집","5"
"20180124","수","남","50대","서울특별시","성북구","종암동","중국집","5"
"20180124","수","남","50대","서울특별시","성북구","하월곡동","중국집","5"
"20180124","수","남","40대","서울특별시","성북구","종암동","중국집","5"
"20180124","수","남","60대이상","서울특별시","성북구","길음동","중국집","5"
"20180124","수","남","60대이상","서울특별시","성북구","동선동2가","중국집","37"
"20180124","수","남","10대","서울특별시","성북구","길음동","중국집","5"
"20180124","수","남","40대","서울특별시","성북구","하월곡동","중국집","5"
"20180124","수","남","60대이상","서울특별시","성북구","삼선동5가","중국집","5"
"20180124","수","남","50대","서울특별시","성북구","정릉동","중국집","5"
"20180124","수","남","60대이상","서울특별시","성북구","상월곡동","중국집","5"
"20180124","수","남","60대이상","서울특별시","성북구","장위동","중국집","5"
"20180124","수","여","10대","서울특별시","성북구","동선동2가","중국집","5"
"20180124","수","여","20대","서울특별시","성북구","동선동3가","중국집","5"
"20180124","수","여","20대","서울특별시","성북구","삼선동5가","중국집","5"
"20180124","수","여","20대","서울특별시","성북구","정릉동","중국집","5"
"20180124","수","남","60대이상","서울특별시","성북구","정릉동","중국집","5"
"20180124","수","여","30대","서울특별시","성북구","성북동","중국집","5"
"20180124","수","여","30대","서울특별시","성북구","삼선동5가","중국집","5"
"20180124","수","여","30대","서울특별시","성북구","정릉동","중국집","5"
"20180124","수","남","50대","서울특별시","성북구","삼선동5가","중국집","5"
"20180124","수","여","30대","서울특별시","성북구","하월곡동","중국집","5"
"20180124","수","남","50대","서울특별시","성북구","성북동","중국집","5"
"20180124","수","여","30대","서울특별시","성북구","동선동2가","중국집","33"
"20180124","수","여","40대","서울특별시","성북구","동선동2가","중국집","55"
"20180124","수","남","10대","서울특별시","성북구","동선동2가","중국집","11"
"20180124","수","남","20대","서울특별시","성북구","종암동","중국집","5"
"20180124","수","여","40대","서울특별시","성북구","삼선동5가","중국집","5"
"20180124","수","여","40대","서울특별시","성북구","종암동","중국집","5"
"20180124","수","남","60대이상","서울특별시","성북구","하월곡동","중국집","5"
"20180124","수","여","50대","서울특별시","성북구","동선동2가","중국집","29"
"20180124","수","남","20대","서울특별시","성북구","동선동2가","중국집","29"
"20180124","수","여","40대","서울특별시","성북구","정릉동","중국집","9"
"20180124","수","여","50대","서울특별시","성북구","안암동5가","중국집","5"
"20180124","수","남","50대","서울특별시","성북구","동선동2가","중국집","48"
"20180124","수","여","30대","서울특별시","성북구","상월곡동","중국집","5"
"20180124","수","여","50대","서울특별시","성북구","정릉동","중국집","5"
"20180124","수","남","10대","서울특별시","성북구","하월곡동","중국집","5"
"20180124","수","여","50대","서울특별시","성북구","종암동","중국집","5"
"20180124","수","여","50대","서울특별시","성북구","성북동","중국집","5"
"20180124","수","남","20대","서울특별시","성북구","삼선동5가","중국집","5"
"20180124","수","여","60대이상","서울특별시","성북구","동선동2가","중국집","17"
"20180124","수","여","20대","서울특별시","성북구","동선동2가","중국집","13"
"20180124","수","남","10대","서울특별시","성북구","정릉동","중국집","5"
"20180124","수","여","60대이상","서울특별시","성북구","성북동","중국집","5"
"20180124","수","여","60대이상","서울특별시","성북구","정릉동","중국집","5"
"20180124","수","여","60대이상","서울특별시","성북구","종암동","중국집","5"
"20180124","수","남","40대","서울특별시","성북구","정릉동","중국집","5"
"20180124","수","여","20대","서울특별시","성북구","길음동","중국집","5"
"20180124","수","남","10대","서울특별시","송파구","풍납동","중국집","5"
"20180124","수","남","20대","서울특별시","송파구","송파동","중국집","60"
"20180124","수","남","30대","서울특별시","송파구","가락동","중국집","9"
"20180124","수","남","30대","서울특별시","송파구","방이동","중국집","5"
"20180124","수","남","30대","서울특별시","송파구","송파동","중국집","99"
"20180124","수","남","30대","서울특별시","송파구","풍납동","중국집","5"
"20180124","수","남","40대","서울특별시","송파구","가락동","중국집","14"
"20180124","수","남","40대","서울특별시","송파구","풍납동","중국집","5"
"20180124","수","남","40대","서울특별시","송파구","송파동","중국집","86"
"20180124","수","남","50대","서울특별시","송파구","가락동","중국집","7"
"20180124","수","남","50대","서울특별시","송파구","송파동","중국집","48"
"20180124","수","남","50대","서울특별시","송파구","풍납동","중국집","5"
"20180124","수","남","10대","서울특별시","송파구","방이동","중국집","5"
"20180124","수","남","60대이상","서울특별시","송파구","송파동","중국집","45"
"20180124","수","여","20대","서울특별시","송파구","가락동","중국집","5"
"20180124","수","여","20대","서울특별시","송파구","마천동","중국집","5"
"20180124","수","여","20대","서울특별시","송파구","방이동","중국집","5"
"20180124","수","여","20대","서울특별시","송파구","풍납동","중국집","5"
"20180124","수","남","20대","서울특별시","송파구","마천동","중국집","5"
"20180124","수","여","30대","서울특별시","송파구","가락동","중국집","6"
"20180124","수","여","30대","서울특별시","송파구","거여동","중국집","5"
"20180124","수","여","30대","서울특별시","송파구","마천동","중국집","5"
"20180124","수","여","20대","서울특별시","송파구","송파동","중국집","32"
"20180124","수","남","10대","서울특별시","송파구","마천동","중국집","5"
"20180124","수","여","10대","서울특별시","송파구","송파동","중국집","5"
"20180124","수","남","10대","서울특별시","송파구","가락동","중국집","5"
"20180124","수","여","30대","서울특별시","송파구","송파동","중국집","64"
"20180124","수","여","30대","서울특별시","송파구","풍납동","중국집","5"
"20180124","수","여","40대","서울특별시","송파구","가락동","중국집","14"
"20180124","수","여","40대","서울특별시","송파구","마천동","중국집","5"
"20180124","수","여","40대","서울특별시","송파구","송파동","중국집","87"
"20180124","수","남","50대","서울특별시","송파구","마천동","중국집","5"
"20180124","수","여","40대","서울특별시","송파구","잠실동","중국집","5"
"20180124","수","남","60대이상","서울특별시","송파구","풍납동","중국집","5"
"20180124","수","여","40대","서울특별시","송파구","풍납동","중국집","5"
"20180124","수","여","50대","서울특별시","송파구","가락동","중국집","16"
"20180124","수","여","50대","서울특별시","송파구","방이동","중국집","5"
"20180124","수","남","20대","서울특별시","송파구","가락동","중국집","5"
"20180124","수","여","50대","서울특별시","송파구","송파동","중국집","71"
"20180124","수","남","10대","서울특별시","송파구","송파동","중국집","5"
"20180124","수","남","40대","서울특별시","송파구","마천동","중국집","5"
"20180124","수","여","50대","서울특별시","송파구","풍납동","중국집","5"
"20180124","수","여","10대","서울특별시","송파구","마천동","중국집","5"
"20180124","수","여","60대이상","서울특별시","송파구","가락동","중국집","7"
"20180124","수","여","60대이상","서울특별시","송파구","송파동","중국집","26"
"20180124","수","남","60대이상","서울특별시","송파구","가락동","중국집","5"
"20180124","수","여","60대이상","서울특별시","송파구","풍납동","중국집","5"
"20180124","수","남","10대","서울특별시","양천구","목동","중국집","5"
"20180124","수","남","10대","서울특별시","양천구","신정동","중국집","7"
"20180124","수","남","20대","서울특별시","양천구","목동","중국집","5"
"20180124","수","남","20대","서울특별시","양천구","신월동","중국집","5"
"20180124","수","남","20대","서울특별시","양천구","신정동","중국집","10"
"20180124","수","남","30대","서울특별시","양천구","목동","중국집","5"
"20180124","수","남","30대","서울특별시","양천구","신월동","중국집","5"
"20180124","수","남","30대","서울특별시","양천구","신정동","중국집","10"
"20180124","수","남","40대","서울특별시","양천구","신정동","중국집","8"
"20180124","수","남","60대이상","서울특별시","양천구","신월동","중국집","5"
"20180124","수","남","60대이상","서울특별시","양천구","신정동","중국집","5"
"20180124","수","여","10대","서울특별시","양천구","목동","중국집","5"
"20180124","수","여","10대","서울특별시","양천구","신정동","중국집","5"
"20180124","수","여","20대","서울특별시","양천구","목동","중국집","5"
"20180124","수","여","20대","서울특별시","양천구","신월동","중국집","5"
"20180124","수","여","20대","서울특별시","양천구","신정동","중국집","7"
"20180124","수","여","30대","서울특별시","양천구","신월동","중국집","5"
"20180124","수","여","30대","서울특별시","양천구","신정동","중국집","8"
"20180124","수","여","40대","서울특별시","양천구","목동","중국집","5"
"20180124","수","남","50대","서울특별시","양천구","신월동","중국집","5"
"20180124","수","여","40대","서울특별시","양천구","신월동","중국집","5"
"20180124","수","여","40대","서울특별시","양천구","신정동","중국집","44"
"20180124","수","남","50대","서울특별시","양천구","신정동","중국집","5"
"20180124","수","여","50대","서울특별시","양천구","신월동","중국집","5"
"20180124","수","여","50대","서울특별시","양천구","신정동","중국집","14"
"20180124","수","여","60대이상","서울특별시","양천구","신월동","중국집","5"
"20180124","수","여","60대이상","서울특별시","양천구","신정동","중국집","5"
"20180124","수","남","20대","서울특별시","영등포구","문래동2가","중국집","7"
"20180124","수","남","20대","서울특별시","영등포구","문래동3가","중국집","7"
"20180124","수","남","10대","서울특별시","영등포구","대림동","중국집","5"
"20180124","수","남","20대","서울특별시","영등포구","영등포동1가","중국집","5"
"20180124","수","남","30대","서울특별시","영등포구","문래동2가","중국집","20"
"20180124","수","남","30대","서울특별시","영등포구","영등포동1가","중국집","5"
"20180124","수","남","40대","서울특별시","영등포구","대림동","중국집","5"
"20180124","수","남","40대","서울특별시","영등포구","문래동3가","중국집","50"
"20180124","수","남","40대","서울특별시","영등포구","영등포동1가","중국집","5"
"20180124","수","남","40대","서울특별시","영등포구","영등포동7가","중국집","5"
"20180124","수","남","50대","서울특별시","영등포구","대림동","중국집","5"
"20180124","수","남","50대","서울특별시","영등포구","신길동","중국집","5"
"20180124","수","남","60대이상","서울특별시","영등포구","당산동6가","중국집","5"
"20180124","수","남","10대","서울특별시","영등포구","여의도동","중국집","5"
"20180124","수","남","60대이상","서울특별시","영등포구","대림동","중국집","5"
"20180124","수","남","20대","서울특별시","영등포구","대림동","중국집","5"
"20180124","수","남","60대이상","서울특별시","영등포구","문래동2가","중국집","8"
"20180124","수","남","60대이상","서울특별시","영등포구","신길동","중국집","5"
"20180124","수","남","40대","서울특별시","영등포구","문래동2가","중국집","15"
"20180124","수","남","60대이상","서울특별시","영등포구","여의도동","중국집","5"
"20180124","수","여","10대","서울특별시","영등포구","문래동2가","중국집","5"
"20180124","수","남","10대","서울특별시","영등포구","문래동3가","중국집","5"
"20180124","수","여","10대","서울특별시","영등포구","신길동","중국집","5"
"20180124","수","여","20대","서울특별시","영등포구","여의도동","중국집","16"
"20180124","수","여","20대","서울특별시","영등포구","문래동2가","중국집","5"
"20180124","수","여","30대","서울특별시","영등포구","대림동","중국집","5"
"20180124","수","남","30대","서울특별시","영등포구","여의도동","중국집","44"
"20180124","수","여","30대","서울특별시","영등포구","문래동2가","중국집","13"
"20180124","수","여","30대","서울특별시","영등포구","문래동3가","중국집","28"
"20180124","수","남","20대","서울특별시","영등포구","영등포동7가","중국집","5"
"20180124","수","여","30대","서울특별시","영등포구","신길동","중국집","5"
"20180124","수","남","20대","서울특별시","영등포구","영등포동8가","중국집","5"
"20180124","수","여","30대","서울특별시","영등포구","영등포동1가","중국집","5"
"20180124","수","남","60대이상","서울특별시","영등포구","문래동3가","중국집","13"
"20180124","수","여","30대","서울특별시","영등포구","영등포동7가","중국집","5"
"20180124","수","여","30대","서울특별시","영등포구","영등포동8가","중국집","5"
"20180124","수","여","30대","서울특별시","영등포구","여의도동","중국집","16"
"20180124","수","남","30대","서울특별시","영등포구","문래동3가","중국집","27"
"20180124","수","여","40대","서울특별시","영등포구","문래동2가","중국집","39"
"20180124","수","여","40대","서울특별시","영등포구","문래동3가","중국집","21"
"20180124","수","남","50대","서울특별시","영등포구","영등포동1가","중국집","5"
"20180124","수","남","50대","서울특별시","영등포구","문래동3가","중국집","35"
"20180124","수","여","40대","서울특별시","영등포구","영등포동1가","중국집","5"
"20180124","수","여","50대","서울특별시","영등포구","문래동2가","중국집","16"
"20180124","수","여","50대","서울특별시","영등포구","문래동3가","중국집","14"
"20180124","수","여","50대","서울특별시","영등포구","영등포동1가","중국집","5"
"20180124","수","남","10대","서울특별시","영등포구","문래동2가","중국집","6"
"20180124","수","여","60대이상","서울특별시","영등포구","대림동","중국집","5"
"20180124","수","남","30대","서울특별시","영등포구","영등포동7가","중국집","5"
"20180124","수","여","10대","서울특별시","영등포구","문래동3가","중국집","5"
"20180124","수","여","60대이상","서울특별시","영등포구","문래동2가","중국집","12"
"20180124","수","여","50대","서울특별시","영등포구","여의도동","중국집","5"
"20180124","수","여","60대이상","서울특별시","영등포구","문래동3가","중국집","5"
"20180124","수","여","20대","서울특별시","영등포구","문래동3가","중국집","7"
"20180124","수","남","50대","서울특별시","영등포구","문래동2가","중국집","16"
"20180124","수","여","20대","서울특별시","영등포구","신길동","중국집","5"
"20180124","수","남","40대","서울특별시","영등포구","신길동","중국집","5"
"20180124","수","여","60대이상","서울특별시","영등포구","신길동","중국집","5"
"20180124","수","여","40대","서울특별시","영등포구","여의도동","중국집","19"
"20180124","수","남","50대","서울특별시","영등포구","여의도동","중국집","21"
"20180124","수","남","20대","서울특별시","영등포구","여의도동","중국집","11"
"20180124","수","여","40대","서울특별시","영등포구","신길동","중국집","5"
"20180124","수","여","60대이상","서울특별시","영등포구","여의도동","중국집","7"
"20180124","수","남","40대","서울특별시","영등포구","여의도동","중국집","43"
"20180124","수","여","60대이상","서울특별시","영등포구","영등포동1가","중국집","5"
"20180124","수","남","10대","서울특별시","용산구","한강로3가","중국집","5"
"20180124","수","남","20대","서울특별시","용산구","신계동","중국집","5"
"20180124","수","남","20대","서울특별시","용산구","이태원동","중국집","5"
"20180124","수","남","30대","서울특별시","용산구","도원동","중국집","5"
"20180124","수","남","30대","서울특별시","용산구","원효로4가","중국집","5"
"20180124","수","남","30대","서울특별시","용산구","한강로3가","중국집","53"
"20180124","수","남","30대","서울특별시","용산구","후암동","중국집","41"
"20180124","수","남","40대","서울특별시","용산구","신계동","중국집","5"
"20180124","수","남","40대","서울특별시","용산구","원효로4가","중국집","5"
"20180124","수","남","40대","서울특별시","용산구","한강로3가","중국집","48"
"20180124","수","남","40대","서울특별시","용산구","후암동","중국집","42"
"20180124","수","남","30대","서울특별시","용산구","이태원동","중국집","5"
"20180124","수","남","50대","서울특별시","용산구","동자동","중국집","5"
"20180124","수","남","50대","서울특별시","용산구","보광동","중국집","5"
"20180124","수","남","50대","서울특별시","용산구","한남동","중국집","5"
"20180124","수","남","40대","서울특별시","용산구","한남동","중국집","5"
"20180124","수","남","50대","서울특별시","용산구","후암동","중국집","42"
"20180124","수","남","60대이상","서울특별시","용산구","한강로3가","중국집","18"
"20180124","수","남","60대이상","서울특별시","용산구","후암동","중국집","18"
"20180124","수","여","10대","서울특별시","용산구","한강로3가","중국집","5"
"20180124","수","남","30대","서울특별시","용산구","신계동","중국집","5"
"20180124","수","남","50대","서울특별시","용산구","원효로4가","중국집","5"
"20180124","수","남","40대","서울특별시","용산구","보광동","중국집","5"
"20180124","수","여","10대","서울특별시","용산구","후암동","중국집","5"
"20180124","수","여","20대","서울특별시","용산구","도원동","중국집","5"
"20180124","수","남","20대","서울특별시","용산구","도원동","중국집","5"
"20180124","수","남","20대","서울특별시","용산구","보광동","중국집","5"
"20180124","수","여","20대","서울특별시","용산구","보광동","중국집","5"
"20180124","수","남","50대","서울특별시","용산구","이태원동","중국집","5"
"20180124","수","여","20대","서울특별시","용산구","원효로4가","중국집","5"
"20180124","수","여","20대","서울특별시","용산구","이촌동","중국집","5"
"20180124","수","여","20대","서울특별시","용산구","이태원동","중국집","5"
"20180124","수","남","50대","서울특별시","용산구","신계동","중국집","5"
"20180124","수","남","40대","서울특별시","용산구","이태원동","중국집","5"
"20180124","수","남","20대","서울특별시","용산구","동자동","중국집","5"
"20180124","수","여","20대","서울특별시","용산구","후암동","중국집","19"
"20180124","수","여","30대","서울특별시","용산구","동자동","중국집","5"
"20180124","수","남","60대이상","서울특별시","용산구","보광동","중국집","5"
"20180124","수","여","30대","서울특별시","용산구","보광동","중국집","5"
"20180124","수","남","60대이상","서울특별시","용산구","도원동","중국집","5"
"20180124","수","여","30대","서울특별시","용산구","원효로4가","중국집","5"
"20180124","수","여","30대","서울특별시","용산구","이태원동","중국집","5"
"20180124","수","남","20대","서울특별시","용산구","후암동","중국집","13"
"20180124","수","여","30대","서울특별시","용산구","이촌동","중국집","5"
"20180124","수","여","30대","서울특별시","용산구","한강로3가","중국집","21"
"20180124","수","남","30대","서울특별시","용산구","한남동","중국집","5"
"20180124","수","남","10대","서울특별시","용산구","후암동","중국집","5"
"20180124","수","남","40대","서울특별시","용산구","이촌동","중국집","5"
"20180124","수","남","10대","서울특별시","용산구","보광동","중국집","5"
"20180124","수","여","30대","서울특별시","용산구","후암동","중국집","14"
"20180124","수","여","20대","서울특별시","용산구","신계동","중국집","5"
"20180124","수","여","40대","서울특별시","용산구","도원동","중국집","5"
"20180124","수","여","40대","서울특별시","용산구","보광동","중국집","5"
"20180124","수","여","40대","서울특별시","용산구","신계동","중국집","5"
"20180124","수","남","30대","서울특별시","용산구","보광동","중국집","5"
"20180124","수","여","40대","서울특별시","용산구","원효로4가","중국집","5"
"20180124","수","남","30대","서울특별시","용산구","이촌동","중국집","5"
"20180124","수","남","60대이상","서울특별시","용산구","원효로4가","중국집","5"
"20180124","수","여","40대","서울특별시","용산구","이촌동","중국집","5"
"20180124","수","여","40대","서울특별시","용산구","동자동","중국집","5"
"20180124","수","남","20대","서울특별시","용산구","한강로3가","중국집","33"
"20180124","수","여","40대","서울특별시","용산구","이태원동","중국집","5"
"20180124","수","여","30대","서울특별시","용산구","한남동","중국집","5"
"20180124","수","여","40대","서울특별시","용산구","한강로3가","중국집","39"
"20180124","수","여","40대","서울특별시","용산구","한남동","중국집","5"
"20180124","수","여","30대","서울특별시","용산구","신계동","중국집","5"
"20180124","수","여","20대","서울특별시","용산구","갈월동","중국집","5"
"20180124","수","여","40대","서울특별시","용산구","후암동","중국집","23"
"20180124","수","남","40대","서울특별시","용산구","동자동","중국집","5"
"20180124","수","여","50대","서울특별시","용산구","동자동","중국집","5"
"20180124","수","여","50대","서울특별시","용산구","보광동","중국집","5"
"20180124","수","여","50대","서울특별시","용산구","원효로4가","중국집","5"
"20180124","수","여","50대","서울특별시","용산구","이촌동","중국집","5"
"20180124","수","남","60대이상","서울특별시","용산구","이촌동","중국집","5"
"20180124","수","여","20대","서울특별시","용산구","한강로3가","중국집","16"
"20180124","수","여","50대","서울특별시","용산구","이태원동","중국집","5"
"20180124","수","남","60대이상","서울특별시","용산구","한남동","중국집","5"
"20180124","수","여","50대","서울특별시","용산구","한강로3가","중국집","15"
"20180124","수","남","50대","서울특별시","용산구","한강로3가","중국집","32"
"20180124","수","여","20대","서울특별시","용산구","한남동","중국집","5"
"20180124","수","여","50대","서울특별시","용산구","후암동","중국집","17"
"20180124","수","여","60대이상","서울특별시","용산구","동자동","중국집","5"
"20180124","수","남","20대","서울특별시","용산구","이촌동","중국집","5"
"20180124","수","남","60대이상","서울특별시","용산구","신계동","중국집","5"
"20180124","수","여","60대이상","서울특별시","용산구","이태원동","중국집","5"
"20180124","수","남","50대","서울특별시","용산구","이촌동","중국집","5"
"20180124","수","여","60대이상","서울특별시","용산구","한강로3가","중국집","12"
"20180124","수","여","60대이상","서울특별시","용산구","한남동","중국집","5"
"20180124","수","남","40대","서울특별시","용산구","도원동","중국집","5"
"20180124","수","여","60대이상","서울특별시","용산구","후암동","중국집","11"
"20180124","수","남","20대","서울특별시","은평구","불광동","중국집","27"
"20180124","수","남","20대","서울특별시","은평구","증산동","중국집","7"
"20180124","수","남","40대","서울특별시","은평구","구산동","중국집","5"
"20180124","수","남","40대","서울특별시","은평구","불광동","중국집","53"
"20180124","수","남","40대","서울특별시","은평구","수색동","중국집","5"
"20180124","수","남","40대","서울특별시","은평구","증산동","중국집","5"
"20180124","수","남","40대","서울특별시","은평구","진관동","중국집","5"
"20180124","수","남","30대","서울특별시","은평구","수색동","중국집","5"
"20180124","수","남","50대","서울특별시","은평구","구산동","중국집","5"
"20180124","수","남","10대","서울특별시","은평구","증산동","중국집","5"
"20180124","수","남","50대","서울특별시","은평구","불광동","중국집","42"
"20180124","수","남","20대","서울특별시","은평구","구산동","중국집","5"
"20180124","수","남","50대","서울특별시","은평구","증산동","중국집","5"
"20180124","수","남","60대이상","서울특별시","은평구","불광동","중국집","12"
"20180124","수","남","30대","서울특별시","은평구","진관동","중국집","5"
"20180124","수","남","30대","서울특별시","은평구","불광동","중국집","34"
"20180124","수","남","60대이상","서울특별시","은평구","수색동","중국집","5"
"20180124","수","남","60대이상","서울특별시","은평구","증산동","중국집","5"
"20180124","수","여","10대","서울특별시","은평구","불광동","중국집","7"
"20180124","수","여","20대","서울특별시","은평구","구산동","중국집","5"
"20180124","수","남","10대","서울특별시","은평구","구산동","중국집","5"
"20180124","수","여","20대","서울특별시","은평구","불광동","중국집","14"
"20180124","수","여","20대","서울특별시","은평구","증산동","중국집","5"
"20180124","수","여","30대","서울특별시","은평구","구산동","중국집","5"
"20180124","수","여","30대","서울특별시","은평구","불광동","중국집","54"
"20180124","수","남","10대","서울특별시","은평구","불광동","중국집","10"
"20180124","수","여","30대","서울특별시","은평구","증산동","중국집","5"
"20180124","수","여","40대","서울특별시","은평구","구산동","중국집","5"
"20180124","수","여","40대","서울특별시","은평구","불광동","중국집","58"
"20180124","수","남","30대","서울특별시","은평구","구산동","중국집","5"
"20180124","수","여","40대","서울특별시","은평구","수색동","중국집","5"
"20180124","수","여","50대","서울특별시","은평구","갈현동","중국집","5"
"20180124","수","여","50대","서울특별시","은평구","대조동","중국집","5"
"20180124","수","여","50대","서울특별시","은평구","불광동","중국집","35"
"20180124","수","여","50대","서울특별시","은평구","증산동","중국집","5"
"20180124","수","여","60대이상","서울특별시","은평구","불광동","중국집","29"
"20180124","수","여","40대","서울특별시","은평구","증산동","중국집","5"
"20180124","수","여","60대이상","서울특별시","은평구","증산동","중국집","5"
"20180124","수","남","10대","서울특별시","종로구","명륜1가","중국집","5"
"20180124","수","남","10대","서울특별시","종로구","창신동","중국집","5"
"20180124","수","남","20대","서울특별시","종로구","낙원동","중국집","5"
"20180124","수","남","20대","서울특별시","종로구","동숭동","중국집","6"
"20180124","수","남","20대","서울특별시","종로구","교남동","중국집","5"
"20180124","수","남","20대","서울특별시","종로구","신문로2가","중국집","5"
"20180124","수","남","20대","서울특별시","종로구","창성동","중국집","5"
"20180124","수","남","30대","서울특별시","종로구","관수동","중국집","5"
"20180124","수","남","30대","서울특별시","종로구","낙원동","중국집","5"
"20180124","수","남","30대","서울특별시","종로구","신문로2가","중국집","5"
"20180124","수","남","40대","서울특별시","종로구","숭인동","중국집","5"
"20180124","수","남","40대","서울특별시","종로구","신문로2가","중국집","5"
"20180124","수","남","40대","서울특별시","종로구","안국동","중국집","5"
"20180124","수","남","40대","서울특별시","종로구","종로6가","중국집","5"
"20180124","수","남","40대","서울특별시","종로구","창성동","중국집","5"
"20180124","수","남","30대","서울특별시","종로구","숭인동","중국집","5"
"20180124","수","남","40대","서울특별시","종로구","평창동","중국집","5"
"20180124","수","남","50대","서울특별시","종로구","경운동","중국집","5"
"20180124","수","남","50대","서울특별시","종로구","숭인동","중국집","5"
"20180124","수","남","50대","서울특별시","종로구","종로5가","중국집","5"
"20180124","수","남","40대","서울특별시","종로구","경운동","중국집","5"
"20180124","수","남","40대","서울특별시","종로구","낙원동","중국집","5"
"20180124","수","남","50대","서울특별시","종로구","종로6가","중국집","5"
"20180124","수","남","50대","서울특별시","종로구","창성동","중국집","5"
"20180124","수","남","60대이상","서울특별시","종로구","동숭동","중국집","5"
"20180124","수","남","60대이상","서울특별시","종로구","명륜1가","중국집","5"
"20180124","수","남","30대","서울특별시","종로구","원서동","중국집","6"
"20180124","수","남","30대","서울특별시","종로구","평창동","중국집","5"
"20180124","수","남","60대이상","서울특별시","종로구","명륜3가","중국집","5"
"20180124","수","남","60대이상","서울특별시","종로구","숭인동","중국집","5"
"20180124","수","남","20대","서울특별시","종로구","원서동","중국집","5"
"20180124","수","여","10대","서울특별시","종로구","교남동","중국집","5"
"20180124","수","여","10대","서울특별시","종로구","원서동","중국집","5"
"20180124","수","여","20대","서울특별시","종로구","경운동","중국집","5"
"20180124","수","여","20대","서울특별시","종로구","서린동","중국집","5"
"20180124","수","남","30대","서울특별시","종로구","교남동","중국집","5"
"20180124","수","여","20대","서울특별시","종로구","숭인동","중국집","5"
"20180124","수","여","20대","서울특별시","종로구","신문로2가","중국집","5"
"20180124","수","남","60대이상","서울특별시","종로구","원서동","중국집","5"
"20180124","수","남","20대","서울특별시","종로구","평창동","중국집","5"
"20180124","수","남","20대","서울특별시","종로구","경운동","중국집","5"
"20180124","수","여","20대","서울특별시","종로구","옥인동","중국집","5"
"20180124","수","남","30대","서울특별시","종로구","창성동","중국집","5"
"20180124","수","여","20대","서울특별시","종로구","원서동","중국집","5"
"20180124","수","남","40대","서울특별시","종로구","교남동","중국집","5"
"20180124","수","남","50대","서울특별시","종로구","평창동","중국집","5"
"20180124","수","남","50대","서울특별시","종로구","교남동","중국집","5"
"20180124","수","여","20대","서울특별시","종로구","낙원동","중국집","5"
"20180124","수","여","30대","서울특별시","종로구","낙원동","중국집","5"
"20180124","수","남","10대","서울특별시","종로구","창성동","중국집","5"
"20180124","수","여","30대","서울특별시","종로구","동숭동","중국집","5"
"20180124","수","남","40대","서울특별시","종로구","원서동","중국집","5"
"20180124","수","남","20대","서울특별시","종로구","명륜1가","중국집","5"
"20180124","수","여","30대","서울특별시","종로구","신문로2가","중국집","5"
"20180124","수","남","40대","서울특별시","종로구","서린동","중국집","5"
"20180124","수","여","30대","서울특별시","종로구","관수동","중국집","5"
"20180124","수","여","30대","서울특별시","종로구","옥인동","중국집","5"
"20180124","수","여","30대","서울특별시","종로구","원서동","중국집","5"
"20180124","수","여","40대","서울특별시","종로구","관수동","중국집","5"
"20180124","수","여","40대","서울특별시","종로구","교남동","중국집","5"
"20180124","수","남","30대","서울특별시","종로구","동숭동","중국집","9"
"20180124","수","남","30대","서울특별시","종로구","서린동","중국집","5"
"20180124","수","여","40대","서울특별시","종로구","낙원동","중국집","5"
"20180124","수","남","50대","서울특별시","종로구","낙원동","중국집","5"
"20180124","수","여","40대","서울특별시","종로구","동숭동","중국집","5"
"20180124","수","여","40대","서울특별시","종로구","원서동","중국집","5"
"20180124","수","여","40대","서울특별시","종로구","창성동","중국집","5"
"20180124","수","여","10대","서울특별시","종로구","경운동","중국집","5"
"20180124","수","남","50대","서울특별시","종로구","원서동","중국집","5"
"20180124","수","여","10대","서울특별시","종로구","동숭동","중국집","5"
"20180124","수","여","50대","서울특별시","종로구","경운동","중국집","5"
"20180124","수","여","50대","서울특별시","종로구","교남동","중국집","5"
"20180124","수","남","40대","서울특별시","종로구","관수동","중국집","5"
"20180124","수","남","20대","서울특별시","종로구","서린동","중국집","5"
"20180124","수","여","30대","서울특별시","종로구","서린동","중국집","5"
"20180124","수","여","50대","서울특별시","종로구","명륜1가","중국집","5"
"20180124","수","여","50대","서울특별시","종로구","관수동","중국집","5"
"20180124","수","여","20대","서울특별시","종로구","창성동","중국집","5"
"20180124","수","여","50대","서울특별시","종로구","신문로2가","중국집","5"
"20180124","수","남","50대","서울특별시","종로구","관수동","중국집","5"
"20180124","수","여","30대","서울특별시","종로구","숭인동","중국집","5"
"20180124","수","여","30대","서울특별시","종로구","창성동","중국집","5"
"20180124","수","여","50대","서울특별시","종로구","평창동","중국집","5"
"20180124","수","여","60대이상","서울특별시","종로구","관수동","중국집","5"
"20180124","수","여","40대","서울특별시","종로구","평창동","중국집","5"
"20180124","수","여","60대이상","서울특별시","종로구","교남동","중국집","5"
"20180124","수","여","60대이상","서울특별시","종로구","낙원동","중국집","5"
"20180124","수","남","20대","서울특별시","종로구","숭인동","중국집","5"
"20180124","수","여","60대이상","서울특별시","종로구","명륜1가","중국집","5"
"20180124","수","여","10대","서울특별시","종로구","숭인동","중국집","5"
"20180124","수","여","60대이상","서울특별시","종로구","서린동","중국집","5"
"20180124","수","남","10대","서울특별시","종로구","교남동","중국집","5"
"20180124","수","여","40대","서울특별시","종로구","신문로2가","중국집","5"
"20180124","수","여","60대이상","서울특별시","종로구","숭인동","중국집","5"
"20180124","수","남","60대이상","서울특별시","종로구","창성동","중국집","5"
"20180124","수","여","60대이상","서울특별시","종로구","원서동","중국집","5"
"20180124","수","남","40대","서울특별시","종로구","동숭동","중국집","5"
"20180124","수","남","50대","서울특별시","종로구","동숭동","중국집","5"
"20180124","수","여","60대이상","서울특별시","종로구","창성동","중국집","5"
"20180124","수","남","20대","서울특별시","중구","을지로3가","중국집","5"
"20180124","수","남","20대","서울특별시","중구","충무로1가","중국집","5"
"20180124","수","남","30대","서울특별시","중구","무교동","중국집","5"
"20180124","수","남","30대","서울특별시","중구","을지로6가","중국집","5"
"20180124","수","남","30대","서울특별시","중구","주교동","중국집","5"
"20180124","수","남","30대","서울특별시","중구","충무로1가","중국집","5"
"20180124","수","남","20대","서울특별시","중구","을지로6가","중국집","5"
"20180124","수","남","40대","서울특별시","중구","무교동","중국집","5"
"20180124","수","남","40대","서울특별시","중구","수표동","중국집","5"
"20180124","수","남","40대","서울특별시","중구","수하동","중국집","105"
"20180124","수","남","40대","서울특별시","중구","신당동","중국집","89"
"20180124","수","남","40대","서울특별시","중구","을지로1가","중국집","5"
"20180124","수","남","40대","서울특별시","중구","을지로6가","중국집","5"
"20180124","수","남","20대","서울특별시","중구","장충동2가","중국집","5"
"20180124","수","남","50대","서울특별시","중구","수표동","중국집","5"
"20180124","수","남","50대","서울특별시","중구","수하동","중국집","66"
"20180124","수","남","50대","서울특별시","중구","신당동","중국집","84"
"20180124","수","남","50대","서울특별시","중구","을지로6가","중국집","5"
"20180124","수","남","50대","서울특별시","중구","장충동2가","중국집","5"
"20180124","수","남","10대","서울특별시","중구","신당동","중국집","7"
"20180124","수","남","20대","서울특별시","중구","필동2가","중국집","5"
"20180124","수","남","50대","서울특별시","중구","충무로1가","중국집","5"
"20180124","수","남","60대이상","서울특별시","중구","수하동","중국집","32"
"20180124","수","여","10대","서울특별시","중구","수하동","중국집","5"
"20180124","수","남","10대","서울특별시","중구","수하동","중국집","7"
"20180124","수","여","10대","서울특별시","중구","신당동","중국집","7"
"20180124","수","여","20대","서울특별시","중구","수하동","중국집","21"
"20180124","수","남","60대이상","서울특별시","중구","신당동","중국집","25"
"20180124","수","여","20대","서울특별시","중구","신당동","중국집","36"
"20180124","수","남","30대","서울특별시","중구","필동2가","중국집","5"
"20180124","수","여","20대","서울특별시","중구","을지로3가","중국집","5"
"20180124","수","남","30대","서울특별시","중구","수하동","중국집","100"
"20180124","수","여","20대","서울특별시","중구","을지로6가","중국집","5"
"20180124","수","여","10대","서울특별시","중구","서소문동","중국집","5"
"20180124","수","여","20대","서울특별시","중구","필동2가","중국집","5"
"20180124","수","여","30대","서울특별시","중구","수하동","중국집","30"
"20180124","수","여","30대","서울특별시","중구","신당동","중국집","67"
"20180124","수","여","30대","서울특별시","중구","을지로1가","중국집","5"
"20180124","수","남","20대","서울특별시","중구","을지로1가","중국집","5"
"20180124","수","남","40대","서울특별시","중구","필동2가","중국집","5"
"20180124","수","여","30대","서울특별시","중구","을지로6가","중국집","5"
"20180124","수","남","50대","서울특별시","중구","주교동","중국집","5"
"20180124","수","여","30대","서울특별시","중구","필동2가","중국집","5"
"20180124","수","남","60대이상","서울특별시","중구","을지로6가","중국집","5"
"20180124","수","남","40대","서울특별시","중구","주교동","중국집","5"
"20180124","수","남","30대","서울특별시","중구","을지로3가","중국집","5"
"20180124","수","여","30대","서울특별시","중구","회현동1가","중국집","5"
"20180124","수","여","40대","서울특별시","중구","수표동","중국집","5"
"20180124","수","남","20대","서울특별시","중구","수하동","중국집","45"
"20180124","수","여","40대","서울특별시","중구","신당동","중국집","68"
"20180124","수","남","40대","서울특별시","중구","을지로3가","중국집","5"
"20180124","수","여","40대","서울특별시","중구","충무로1가","중국집","5"
"20180124","수","여","30대","서울특별시","중구","을지로3가","중국집","5"
"20180124","수","여","50대","서울특별시","중구","명동1가","중국집","5"
"20180124","수","여","50대","서울특별시","중구","수하동","중국집","21"
"20180124","수","남","30대","서울특별시","중구","신당동","중국집","79"
"20180124","수","여","50대","서울특별시","중구","신당동","중국집","43"
"20180124","수","여","20대","서울특별시","중구","명동1가","중국집","5"
"20180124","수","남","60대이상","서울특별시","중구","충무로1가","중국집","5"
"20180124","수","남","20대","서울특별시","중구","신당동","중국집","60"
"20180124","수","여","50대","서울특별시","중구","을지로3가","중국집","5"
"20180124","수","남","60대이상","서울특별시","중구","을지로3가","중국집","5"
"20180124","수","여","40대","서울특별시","중구","주교동","중국집","5"
"20180124","수","여","50대","서울특별시","중구","을지로4가","중국집","5"
"20180124","수","여","50대","서울특별시","중구","을지로1가","중국집","5"
"20180124","수","여","30대","서울특별시","중구","명동1가","중국집","5"
"20180124","수","여","40대","서울특별시","중구","정동","중국집","5"
"20180124","수","여","40대","서울특별시","중구","수하동","중국집","34"
"20180124","수","여","50대","서울특별시","중구","주교동","중국집","5"
"20180124","수","여","40대","서울특별시","중구","을지로6가","중국집","5"
"20180124","수","남","50대","서울특별시","중구","필동2가","중국집","5"
"20180124","수","여","50대","서울특별시","중구","필동2가","중국집","5"
"20180124","수","여","50대","서울특별시","중구","태평로1가","중국집","5"
"20180124","수","여","60대이상","서울특별시","중구","명동1가","중국집","5"
"20180124","수","남","50대","서울특별시","중구","명동1가","중국집","5"
"20180124","수","여","60대이상","서울특별시","중구","수하동","중국집","25"
"20180124","수","여","60대이상","서울특별시","중구","신당동","중국집","34"
"20180124","수","남","50대","서울특별시","중구","정동","중국집","5"
"20180124","수","남","30대","서울특별시","중구","태평로1가","중국집","5"
"20180124","수","여","40대","서울특별시","중구","을지로1가","중국집","5"
"20180124","수","여","20대","서울특별시","중구","충무로1가","중국집","5"
"20180124","수","여","60대이상","서울특별시","중구","태평로1가","중국집","5"
"20180124","수","여","40대","서울특별시","중구","을지로3가","중국집","5"
"20180124","수","남","20대","서울특별시","중랑구","면목동","중국집","22"
"20180124","수","남","20대","서울특별시","중랑구","묵동","중국집","5"
"20180124","수","남","20대","서울특별시","중랑구","신내동","중국집","5"
"20180124","수","남","30대","서울특별시","중랑구","면목동","중국집","55"
"20180124","수","남","30대","서울특별시","중랑구","묵동","중국집","5"
"20180124","수","남","30대","서울특별시","중랑구","중화동","중국집","5"
"20180124","수","남","40대","서울특별시","중랑구","면목동","중국집","57"
"20180124","수","남","40대","서울특별시","중랑구","묵동","중국집","5"
"20180124","수","남","40대","서울특별시","중랑구","상봉동","중국집","5"
"20180124","수","남","50대","서울특별시","중랑구","면목동","중국집","34"
"20180124","수","남","10대","서울특별시","중랑구","면목동","중국집","9"
"20180124","수","남","50대","서울특별시","중랑구","상봉동","중국집","5"
"20180124","수","남","60대이상","서울특별시","중랑구","면목동","중국집","18"
"20180124","수","남","30대","서울특별시","중랑구","신내동","중국집","5"
"20180124","수","남","60대이상","서울특별시","중랑구","묵동","중국집","7"
"20180124","수","남","40대","서울특별시","중랑구","신내동","중국집","5"
"20180124","수","남","60대이상","서울특별시","중랑구","신내동","중국집","5"
"20180124","수","여","10대","서울특별시","중랑구","망우동","중국집","5"
"20180124","수","여","10대","서울특별시","중랑구","면목동","중국집","5"
"20180124","수","남","50대","서울특별시","중랑구","망우동","중국집","10"
"20180124","수","여","20대","서울특별시","중랑구","망우동","중국집","5"
"20180124","수","남","30대","서울특별시","중랑구","망우동","중국집","5"
"20180124","수","여","20대","서울특별시","중랑구","면목동","중국집","6"
"20180124","수","여","30대","서울특별시","중랑구","신내동","중국집","5"
"20180124","수","여","30대","서울특별시","중랑구","망우동","중국집","5"
"20180124","수","여","40대","서울특별시","중랑구","망우동","중국집","5"
"20180124","수","여","40대","서울특별시","중랑구","면목동","중국집","56"
"20180124","수","남","50대","서울특별시","중랑구","묵동","중국집","5"
"20180124","수","여","40대","서울특별시","중랑구","묵동","중국집","5"
"20180124","수","여","40대","서울특별시","중랑구","신내동","중국집","5"
"20180124","수","남","20대","서울특별시","중랑구","망우동","중국집","5"
"20180124","수","여","40대","서울특별시","중랑구","중화동","중국집","5"
"20180124","수","여","20대","서울특별시","중랑구","묵동","중국집","5"
"20180124","수","여","50대","서울특별시","중랑구","망우동","중국집","7"
"20180124","수","여","50대","서울특별시","중랑구","면목동","중국집","39"
"20180124","수","남","40대","서울특별시","중랑구","망우동","중국집","5"
"20180124","수","여","30대","서울특별시","중랑구","묵동","중국집","5"
"20180124","수","여","50대","서울특별시","중랑구","묵동","중국집","5"
"20180124","수","여","30대","서울특별시","중랑구","면목동","중국집","36"
"20180124","수","여","60대이상","서울특별시","중랑구","망우동","중국집","5"
"20180124","수","여","60대이상","서울특별시","중랑구","면목동","중국집","16"
"20180125","목","남","10대","서울특별시","강남구","삼성동","중국집","13"
"20180125","목","남","10대","서울특별시","강남구","개포동","중국집","5"
"20180125","목","남","20대","서울특별시","강남구","도곡동","중국집","5"
"20180125","목","남","30대","서울특별시","강남구","세곡동","중국집","10"
"20180125","목","남","30대","서울특별시","강남구","수서동","중국집","6"
"20180125","목","남","40대","서울특별시","강남구","논현동","중국집","46"
"20180125","목","남","40대","서울특별시","강남구","도곡동","중국집","5"
"20180125","목","남","20대","서울특별시","강남구","역삼동","중국집","47"
"20180125","목","남","40대","서울특별시","강남구","삼성동","중국집","73"
"20180125","목","남","40대","서울특별시","강남구","세곡동","중국집","11"
"20180125","목","남","40대","서울특별시","강남구","역삼동","중국집","75"
"20180125","목","남","20대","서울특별시","강남구","논현동","중국집","25"
"20180125","목","남","40대","서울특별시","강남구","일원동","중국집","5"
"20180125","목","남","30대","서울특별시","강남구","일원동","중국집","5"
"20180125","목","남","30대","서울특별시","강남구","대치동","중국집","5"
"20180125","목","남","50대","서울특별시","강남구","논현동","중국집","29"
"20180125","목","남","50대","서울특별시","강남구","대치동","중국집","5"
"20180125","목","남","50대","서울특별시","강남구","세곡동","중국집","5"
"20180125","목","남","20대","서울특별시","강남구","개포동","중국집","5"
"20180125","목","남","60대이상","서울특별시","강남구","개포동","중국집","5"
"20180125","목","남","50대","서울특별시","강남구","삼성동","중국집","54"
"20180125","목","남","60대이상","서울특별시","강남구","논현동","중국집","15"
"20180125","목","남","60대이상","서울특별시","강남구","대치동","중국집","5"
"20180125","목","남","30대","서울특별시","강남구","도곡동","중국집","6"
"20180125","목","남","50대","서울특별시","강남구","도곡동","중국집","5"
"20180125","목","남","60대이상","서울특별시","강남구","세곡동","중국집","5"
"20180125","목","남","60대이상","서울특별시","강남구","압구정동","중국집","5"
"20180125","목","남","50대","서울특별시","강남구","수서동","중국집","5"
"20180125","목","여","10대","서울특별시","강남구","도곡동","중국집","5"
"20180125","목","여","10대","서울특별시","강남구","삼성동","중국집","5"
"20180125","목","여","10대","서울특별시","강남구","압구정동","중국집","5"
"20180125","목","여","20대","서울특별시","강남구","논현동","중국집","27"
"20180125","목","남","60대이상","서울특별시","강남구","일원동","중국집","5"
"20180125","목","여","20대","서울특별시","강남구","삼성동","중국집","34"
"20180125","목","남","60대이상","서울특별시","강남구","도곡동","중국집","5"
"20180125","목","남","30대","서울특별시","강남구","논현동","중국집","42"
"20180125","목","여","20대","서울특별시","강남구","도곡동","중국집","5"
"20180125","목","여","20대","서울특별시","강남구","세곡동","중국집","5"
"20180125","목","여","20대","서울특별시","강남구","압구정동","중국집","5"
"20180125","목","여","20대","서울특별시","강남구","역삼동","중국집","50"
"20180125","목","여","30대","서울특별시","강남구","도곡동","중국집","8"
"20180125","목","여","30대","서울특별시","강남구","삼성동","중국집","54"
"20180125","목","여","30대","서울특별시","강남구","세곡동","중국집","10"
"20180125","목","남","20대","서울특별시","강남구","삼성동","중국집","33"
"20180125","목","남","30대","서울특별시","강남구","역삼동","중국집","101"
"20180125","목","여","30대","서울특별시","강남구","압구정동","중국집","5"
"20180125","목","여","30대","서울특별시","강남구","논현동","중국집","46"
"20180125","목","여","30대","서울특별시","강남구","역삼동","중국집","60"
"20180125","목","남","40대","서울특별시","강남구","수서동","중국집","5"
"20180125","목","여","40대","서울특별시","강남구","논현동","중국집","47"
"20180125","목","여","30대","서울특별시","강남구","수서동","중국집","5"
"20180125","목","여","40대","서울특별시","강남구","대치동","중국집","5"
"20180125","목","남","50대","서울특별시","강남구","개포동","중국집","5"
"20180125","목","여","10대","서울특별시","강남구","세곡동","중국집","5"
"20180125","목","여","10대","서울특별시","강남구","역삼동","중국집","5"
"20180125","목","여","40대","서울특별시","강남구","도곡동","중국집","6"
"20180125","목","여","40대","서울특별시","강남구","세곡동","중국집","11"
"20180125","목","남","10대","서울특별시","강남구","역삼동","중국집","5"
"20180125","목","여","40대","서울특별시","강남구","수서동","중국집","5"
"20180125","목","여","20대","서울특별시","강남구","대치동","중국집","5"
"20180125","목","여","40대","서울특별시","강남구","압구정동","중국집","5"
"20180125","목","여","40대","서울특별시","강남구","역삼동","중국집","73"
"20180125","목","여","10대","서울특별시","강남구","대치동","중국집","5"
"20180125","목","여","40대","서울특별시","강남구","일원동","중국집","5"
"20180125","목","여","50대","서울특별시","강남구","개포동","중국집","5"
"20180125","목","남","50대","서울특별시","강남구","역삼동","중국집","40"
"20180125","목","남","20대","서울특별시","강남구","세곡동","중국집","6"
"20180125","목","여","50대","서울특별시","강남구","논현동","중국집","26"
"20180125","목","여","50대","서울특별시","강남구","도곡동","중국집","12"
"20180125","목","여","50대","서울특별시","강남구","삼성동","중국집","47"
"20180125","목","남","10대","서울특별시","강남구","논현동","중국집","5"
"20180125","목","남","60대이상","서울특별시","강남구","삼성동","중국집","41"
"20180125","목","여","10대","서울특별시","강남구","논현동","중국집","5"
"20180125","목","남","50대","서울특별시","강남구","압구정동","중국집","5"
"20180125","목","여","50대","서울특별시","강남구","수서동","중국집","5"
"20180125","목","여","10대","서울특별시","강남구","개포동","중국집","5"
"20180125","목","남","20대","서울특별시","강남구","수서동","중국집","5"
"20180125","목","여","60대이상","서울특별시","강남구","논현동","중국집","24"
"20180125","목","남","30대","서울특별시","강남구","삼성동","중국집","92"
"20180125","목","남","10대","서울특별시","강남구","일원동","중국집","5"
"20180125","목","여","60대이상","서울특별시","강남구","대치동","중국집","5"
"20180125","목","여","60대이상","서울특별시","강남구","도곡동","중국집","9"
"20180125","목","여","30대","서울특별시","강남구","대치동","중국집","5"
"20180125","목","여","60대이상","서울특별시","강남구","삼성동","중국집","27"
"20180125","목","남","20대","서울특별시","강남구","일원동","중국집","5"
"20180125","목","여","50대","서울특별시","강남구","역삼동","중국집","37"
"20180125","목","여","60대이상","서울특별시","강남구","세곡동","중국집","5"
"20180125","목","여","40대","서울특별시","강남구","개포동","중국집","5"
"20180125","목","여","40대","서울특별시","강남구","삼성동","중국집","95"
"20180125","목","여","60대이상","서울특별시","강남구","수서동","중국집","5"
"20180125","목","남","60대이상","서울특별시","강남구","역삼동","중국집","30"
"20180125","목","여","60대이상","서울특별시","강남구","역삼동","중국집","24"
"20180125","목","여","30대","서울특별시","강남구","개포동","중국집","5"
"20180125","목","여","50대","서울특별시","강남구","세곡동","중국집","7"
"20180125","목","여","60대이상","서울특별시","강남구","일원동","중국집","5"
"20180125","목","남","10대","서울특별시","강동구","명일동","중국집","5"
"20180125","목","남","10대","서울특별시","강동구","성내동","중국집","6"
"20180125","목","남","20대","서울특별시","강동구","명일동","중국집","5"
"20180125","목","남","20대","서울특별시","강동구","성내동","중국집","8"
"20180125","목","남","20대","서울특별시","강동구","천호동","중국집","5"
"20180125","목","남","30대","서울특별시","강동구","길동","중국집","85"
"20180125","목","남","30대","서울특별시","강동구","암사동","중국집","5"
"20180125","목","남","30대","서울특별시","강동구","명일동","중국집","5"
"20180125","목","남","30대","서울특별시","강동구","천호동","중국집","5"
"20180125","목","남","40대","서울특별시","강동구","길동","중국집","62"
"20180125","목","남","40대","서울특별시","강동구","둔촌동","중국집","5"
"20180125","목","남","40대","서울특별시","강동구","명일동","중국집","5"
"20180125","목","남","10대","서울특별시","강동구","길동","중국집","13"
"20180125","목","남","40대","서울특별시","강동구","상일동","중국집","5"
"20180125","목","남","40대","서울특별시","강동구","성내동","중국집","7"
"20180125","목","남","50대","서울특별시","강동구","길동","중국집","48"
"20180125","목","남","50대","서울특별시","강동구","성내동","중국집","5"
"20180125","목","남","50대","서울특별시","강동구","천호동","중국집","5"
"20180125","목","남","60대이상","서울특별시","강동구","명일동","중국집","5"
"20180125","목","남","60대이상","서울특별시","강동구","성내동","중국집","5"
"20180125","목","남","60대이상","서울특별시","강동구","암사동","중국집","5"
"20180125","목","남","60대이상","서울특별시","강동구","천호동","중국집","5"
"20180125","목","남","40대","서울특별시","강동구","천호동","중국집","5"
"20180125","목","여","10대","서울특별시","강동구","길동","중국집","8"
"20180125","목","여","10대","서울특별시","강동구","명일동","중국집","5"
"20180125","목","남","30대","서울특별시","강동구","성내동","중국집","8"
"20180125","목","남","20대","서울특별시","강동구","길동","중국집","31"
"20180125","목","여","20대","서울특별시","강동구","길동","중국집","12"
"20180125","목","남","50대","서울특별시","강동구","암사동","중국집","5"
"20180125","목","여","30대","서울특별시","강동구","길동","중국집","62"
"20180125","목","여","30대","서울특별시","강동구","명일동","중국집","5"
"20180125","목","여","30대","서울특별시","강동구","성내동","중국집","5"
"20180125","목","여","30대","서울특별시","강동구","암사동","중국집","5"
"20180125","목","여","40대","서울특별시","강동구","길동","중국집","101"
"20180125","목","여","40대","서울특별시","강동구","명일동","중국집","8"
"20180125","목","남","40대","서울특별시","강동구","암사동","중국집","5"
"20180125","목","여","40대","서울특별시","강동구","성내동","중국집","5"
"20180125","목","여","20대","서울특별시","강동구","명일동","중국집","5"
"20180125","목","여","40대","서울특별시","강동구","암사동","중국집","5"
"20180125","목","남","60대이상","서울특별시","강동구","길동","중국집","35"
"20180125","목","여","40대","서울특별시","강동구","천호동","중국집","5"
"20180125","목","여","50대","서울특별시","강동구","길동","중국집","69"
"20180125","목","여","50대","서울특별시","강동구","성내동","중국집","5"
"20180125","목","여","50대","서울특별시","강동구","암사동","중국집","5"
"20180125","목","남","10대","서울특별시","강동구","암사동","중국집","5"
"20180125","목","여","50대","서울특별시","강동구","천호동","중국집","5"
"20180125","목","여","20대","서울특별시","강동구","성내동","중국집","5"
"20180125","목","여","60대이상","서울특별시","강동구","길동","중국집","38"
"20180125","목","남","20대","서울특별시","강동구","상일동","중국집","5"
"20180125","목","여","20대","서울특별시","강동구","암사동","중국집","5"
"20180125","목","여","60대이상","서울특별시","강동구","명일동","중국집","5"
"20180125","목","남","50대","서울특별시","강동구","명일동","중국집","5"
"20180125","목","여","30대","서울특별시","강동구","천호동","중국집","9"
"20180125","목","여","60대이상","서울특별시","강동구","성내동","중국집","5"
"20180125","목","여","60대이상","서울특별시","강동구","암사동","중국집","5"
"20180125","목","여","60대이상","서울특별시","강동구","천호동","중국집","5"
"20180125","목","남","20대","서울특별시","강동구","암사동","중국집","5"
"20180125","목","남","10대","서울특별시","강북구","미아동","중국집","10"
"20180125","목","남","10대","서울특별시","강북구","번동","중국집","5"
"20180125","목","남","20대","서울특별시","강북구","번동","중국집","9"
"20180125","목","남","10대","서울특별시","강북구","수유동","중국집","5"
"20180125","목","남","30대","서울특별시","강북구","미아동","중국집","66"
"20180125","목","남","30대","서울특별시","강북구","번동","중국집","17"
"20180125","목","남","40대","서울특별시","강북구","번동","중국집","23"
"20180125","목","남","40대","서울특별시","강북구","우이동","중국집","5"
"20180125","목","남","50대","서울특별시","강북구","미아동","중국집","66"
"20180125","목","남","50대","서울특별시","강북구","수유동","중국집","5"
"20180125","목","남","60대이상","서울특별시","강북구","미아동","중국집","32"
"20180125","목","남","60대이상","서울특별시","강북구","수유동","중국집","5"
"20180125","목","여","10대","서울특별시","강북구","미아동","중국집","5"
"20180125","목","여","10대","서울특별시","강북구","번동","중국집","5"
"20180125","목","여","20대","서울특별시","강북구","미아동","중국집","25"
"20180125","목","남","40대","서울특별시","강북구","미아동","중국집","73"
"20180125","목","남","60대이상","서울특별시","강북구","번동","중국집","5"
"20180125","목","여","20대","서울특별시","강북구","번동","중국집","5"
"20180125","목","남","50대","서울특별시","강북구","번동","중국집","11"
"20180125","목","여","20대","서울특별시","강북구","우이동","중국집","5"
"20180125","목","여","30대","서울특별시","강북구","미아동","중국집","67"
"20180125","목","여","30대","서울특별시","강북구","번동","중국집","10"
"20180125","목","여","30대","서울특별시","강북구","수유동","중국집","5"
"20180125","목","여","40대","서울특별시","강북구","미아동","중국집","96"
"20180125","목","여","40대","서울특별시","강북구","번동","중국집","19"
"20180125","목","여","50대","서울특별시","강북구","미아동","중국집","43"
"20180125","목","여","50대","서울특별시","강북구","우이동","중국집","5"
"20180125","목","여","60대이상","서울특별시","강북구","미아동","중국집","38"
"20180125","목","여","60대이상","서울특별시","강북구","번동","중국집","5"
"20180125","목","남","20대","서울특별시","강북구","미아동","중국집","47"
"20180125","목","남","30대","서울특별시","강북구","우이동","중국집","5"
"20180125","목","여","60대이상","서울특별시","강북구","우이동","중국집","5"
"20180125","목","여","50대","서울특별시","강북구","번동","중국집","7"
"20180125","목","남","10대","서울특별시","강서구","마곡동","중국집","5"
"20180125","목","남","10대","서울특별시","강서구","화곡동","중국집","11"
"20180125","목","남","20대","서울특별시","강서구","가양동","중국집","24"
"20180125","목","남","20대","서울특별시","강서구","마곡동","중국집","5"
"20180125","목","남","20대","서울특별시","강서구","방화동","중국집","5"
"20180125","목","남","20대","서울특별시","강서구","화곡동","중국집","22"
"20180125","목","남","30대","서울특별시","강서구","등촌동","중국집","34"
"20180125","목","남","30대","서울특별시","강서구","방화동","중국집","6"
"20180125","목","남","30대","서울특별시","강서구","외발산동","중국집","5"
"20180125","목","남","30대","서울특별시","강서구","화곡동","중국집","59"
"20180125","목","남","40대","서울특별시","강서구","가양동","중국집","41"
"20180125","목","남","40대","서울특별시","강서구","내발산동","중국집","62"
"20180125","목","남","40대","서울특별시","강서구","등촌동","중국집","20"
"20180125","목","남","10대","서울특별시","강서구","등촌동","중국집","5"
"20180125","목","남","50대","서울특별시","강서구","가양동","중국집","21"
"20180125","목","남","50대","서울특별시","강서구","방화동","중국집","5"
"20180125","목","남","30대","서울특별시","강서구","마곡동","중국집","5"
"20180125","목","남","50대","서울특별시","강서구","외발산동","중국집","5"
"20180125","목","남","60대이상","서울특별시","강서구","내발산동","중국집","28"
"20180125","목","남","60대이상","서울특별시","강서구","등촌동","중국집","5"
"20180125","목","남","60대이상","서울특별시","강서구","방화동","중국집","5"
"20180125","목","남","60대이상","서울특별시","강서구","화곡동","중국집","38"
"20180125","목","여","10대","서울특별시","강서구","가양동","중국집","5"
"20180125","목","남","10대","서울특별시","강서구","가양동","중국집","10"
"20180125","목","남","20대","서울특별시","강서구","등촌동","중국집","15"
"20180125","목","여","10대","서울특별시","강서구","마곡동","중국집","5"
"20180125","목","남","50대","서울특별시","강서구","화곡동","중국집","28"
"20180125","목","남","40대","서울특별시","강서구","마곡동","중국집","5"
"20180125","목","여","10대","서울특별시","강서구","방화동","중국집","5"
"20180125","목","남","20대","서울특별시","강서구","외발산동","중국집","5"
"20180125","목","남","50대","서울특별시","강서구","내발산동","중국집","48"
"20180125","목","여","10대","서울특별시","강서구","화곡동","중국집","9"
"20180125","목","남","40대","서울특별시","강서구","외발산동","중국집","5"
"20180125","목","여","20대","서울특별시","강서구","가양동","중국집","11"
"20180125","목","여","10대","서울특별시","강서구","내발산동","중국집","6"
"20180125","목","여","20대","서울특별시","강서구","내발산동","중국집","18"
"20180125","목","여","20대","서울특별시","강서구","등촌동","중국집","7"
"20180125","목","여","20대","서울특별시","강서구","방화동","중국집","5"
"20180125","목","남","30대","서울특별시","강서구","가양동","중국집","47"
"20180125","목","여","20대","서울특별시","강서구","화곡동","중국집","16"
"20180125","목","여","30대","서울특별시","강서구","가양동","중국집","13"
"20180125","목","남","50대","서울특별시","강서구","등촌동","중국집","13"
"20180125","목","여","30대","서울특별시","강서구","마곡동","중국집","5"
"20180125","목","남","20대","서울특별시","강서구","내발산동","중국집","29"
"20180125","목","여","30대","서울특별시","강서구","방화동","중국집","5"
"20180125","목","여","30대","서울특별시","강서구","화곡동","중국집","47"
"20180125","목","남","10대","서울특별시","강서구","내발산동","중국집","16"
"20180125","목","남","60대이상","서울특별시","강서구","가양동","중국집","14"
"20180125","목","여","40대","서울특별시","강서구","방화동","중국집","5"
"20180125","목","여","40대","서울특별시","강서구","외발산동","중국집","5"
"20180125","목","여","40대","서울특별시","강서구","화곡동","중국집","97"
"20180125","목","여","40대","서울특별시","강서구","가양동","중국집","44"
"20180125","목","여","50대","서울특별시","강서구","가양동","중국집","11"
"20180125","목","여","30대","서울특별시","강서구","내발산동","중국집","56"
"20180125","목","여","50대","서울특별시","강서구","내발산동","중국집","43"
"20180125","목","여","30대","서울특별시","강서구","등촌동","중국집","18"
"20180125","목","여","50대","서울특별시","강서구","등촌동","중국집","9"
"20180125","목","남","30대","서울특별시","강서구","내발산동","중국집","55"
"20180125","목","여","40대","서울특별시","강서구","등촌동","중국집","32"
"20180125","목","여","50대","서울특별시","강서구","화곡동","중국집","47"
"20180125","목","여","60대이상","서울특별시","강서구","가양동","중국집","13"
"20180125","목","여","60대이상","서울특별시","강서구","내발산동","중국집","23"
"20180125","목","남","40대","서울특별시","강서구","화곡동","중국집","55"
"20180125","목","여","60대이상","서울특별시","강서구","등촌동","중국집","7"
"20180125","목","여","60대이상","서울특별시","강서구","화곡동","중국집","20"
"20180125","목","여","40대","서울특별시","강서구","내발산동","중국집","78"
"20180125","목","남","10대","서울특별시","관악구","신림동","중국집","5"
"20180125","목","남","20대","서울특별시","관악구","봉천동","중국집","10"
"20180125","목","남","20대","서울특별시","관악구","신림동","중국집","11"
"20180125","목","남","30대","서울특별시","관악구","봉천동","중국집","5"
"20180125","목","남","30대","서울특별시","관악구","신림동","중국집","10"
"20180125","목","남","40대","서울특별시","관악구","봉천동","중국집","5"
"20180125","목","남","40대","서울특별시","관악구","신림동","중국집","11"
"20180125","목","남","50대","서울특별시","관악구","신림동","중국집","5"
"20180125","목","남","60대이상","서울특별시","관악구","신림동","중국집","5"
"20180125","목","여","10대","서울특별시","관악구","봉천동","중국집","5"
"20180125","목","여","10대","서울특별시","관악구","신림동","중국집","5"
"20180125","목","여","20대","서울특별시","관악구","봉천동","중국집","6"
"20180125","목","여","20대","서울특별시","관악구","신림동","중국집","6"
"20180125","목","여","30대","서울특별시","관악구","봉천동","중국집","10"
"20180125","목","여","30대","서울특별시","관악구","신림동","중국집","5"
"20180125","목","여","40대","서울특별시","관악구","봉천동","중국집","7"
"20180125","목","여","40대","서울특별시","관악구","신림동","중국집","5"
"20180125","목","여","50대","서울특별시","관악구","봉천동","중국집","5"
"20180125","목","여","50대","서울특별시","관악구","신림동","중국집","8"
"20180125","목","여","60대이상","서울특별시","관악구","봉천동","중국집","5"
"20180125","목","남","10대","서울특별시","관악구","봉천동","중국집","5"
"20180125","목","여","60대이상","서울특별시","관악구","신림동","중국집","5"
"20180125","목","남","10대","서울특별시","광진구","자양동","중국집","6"
"20180125","목","남","20대","서울특별시","광진구","자양동","중국집","11"
"20180125","목","남","20대","서울특별시","광진구","화양동","중국집","5"
"20180125","목","남","30대","서울특별시","광진구","자양동","중국집","5"
"20180125","목","남","40대","서울특별시","광진구","능동","중국집","5"
"20180125","목","남","40대","서울특별시","광진구","자양동","중국집","5"
"20180125","목","남","40대","서울특별시","광진구","중곡동","중국집","5"
"20180125","목","남","40대","서울특별시","광진구","화양동","중국집","5"
"20180125","목","남","50대","서울특별시","광진구","광장동","중국집","5"
"20180125","목","남","50대","서울특별시","광진구","능동","중국집","5"
"20180125","목","남","50대","서울특별시","광진구","자양동","중국집","5"
"20180125","목","남","60대이상","서울특별시","광진구","능동","중국집","5"
"20180125","목","남","60대이상","서울특별시","광진구","자양동","중국집","5"
"20180125","목","남","60대이상","서울특별시","광진구","중곡동","중국집","5"
"20180125","목","여","10대","서울특별시","광진구","화양동","중국집","5"
"20180125","목","여","20대","서울특별시","광진구","광장동","중국집","5"
"20180125","목","여","20대","서울특별시","광진구","자양동","중국집","7"
"20180125","목","여","20대","서울특별시","광진구","능동","중국집","5"
"20180125","목","여","30대","서울특별시","광진구","광장동","중국집","5"
"20180125","목","남","30대","서울특별시","광진구","능동","중국집","5"
"20180125","목","여","30대","서울특별시","광진구","능동","중국집","5"
"20180125","목","여","30대","서울특별시","광진구","자양동","중국집","6"
"20180125","목","여","30대","서울특별시","광진구","화양동","중국집","5"
"20180125","목","여","10대","서울특별시","광진구","자양동","중국집","5"
"20180125","목","여","40대","서울특별시","광진구","중곡동","중국집","5"
"20180125","목","여","40대","서울특별시","광진구","화양동","중국집","5"
"20180125","목","여","50대","서울특별시","광진구","능동","중국집","5"
"20180125","목","여","40대","서울특별시","광진구","구의동","중국집","5"
"20180125","목","여","50대","서울특별시","광진구","자양동","중국집","5"
"20180125","목","여","60대이상","서울특별시","광진구","능동","중국집","5"
"20180125","목","여","40대","서울특별시","광진구","자양동","중국집","10"
"20180125","목","여","60대이상","서울특별시","광진구","자양동","중국집","9"
"20180125","목","남","30대","서울특별시","광진구","광장동","중국집","5"
"20180125","목","남","20대","서울특별시","구로구","개봉동","중국집","6"
"20180125","목","남","20대","서울특별시","구로구","구로동","중국집","5"
"20180125","목","남","20대","서울특별시","구로구","궁동","중국집","5"
"20180125","목","남","30대","서울특별시","구로구","개봉동","중국집","19"
"20180125","목","남","30대","서울특별시","구로구","신도림동","중국집","5"
"20180125","목","남","40대","서울특별시","구로구","개봉동","중국집","27"
"20180125","목","남","40대","서울특별시","구로구","궁동","중국집","5"
"20180125","목","남","50대","서울특별시","구로구","개봉동","중국집","22"
"20180125","목","남","10대","서울특별시","구로구","개봉동","중국집","7"
"20180125","목","남","50대","서울특별시","구로구","신도림동","중국집","5"
"20180125","목","남","60대이상","서울특별시","구로구","궁동","중국집","5"
"20180125","목","여","10대","서울특별시","구로구","개봉동","중국집","7"
"20180125","목","여","20대","서울특별시","구로구","개봉동","중국집","8"
"20180125","목","여","20대","서울특별시","구로구","신도림동","중국집","5"
"20180125","목","여","30대","서울특별시","구로구","개봉동","중국집","29"
"20180125","목","여","30대","서울특별시","구로구","구로동","중국집","5"
"20180125","목","남","60대이상","서울특별시","구로구","개봉동","중국집","14"
"20180125","목","여","30대","서울특별시","구로구","궁동","중국집","5"
"20180125","목","여","30대","서울특별시","구로구","신도림동","중국집","5"
"20180125","목","남","40대","서울특별시","구로구","구로동","중국집","5"
"20180125","목","여","40대","서울특별시","구로구","개봉동","중국집","45"
"20180125","목","남","50대","서울특별시","구로구","구로동","중국집","5"
"20180125","목","여","40대","서울특별시","구로구","궁동","중국집","5"
"20180125","목","여","50대","서울특별시","구로구","개봉동","중국집","17"
"20180125","목","여","50대","서울특별시","구로구","구로동","중국집","5"
"20180125","목","여","50대","서울특별시","구로구","궁동","중국집","5"
"20180125","목","여","10대","서울특별시","구로구","구로동","중국집","5"
"20180125","목","여","60대이상","서울특별시","구로구","개봉동","중국집","13"
"20180125","목","남","10대","서울특별시","금천구","가산동","중국집","6"
"20180125","목","남","20대","서울특별시","금천구","가산동","중국집","19"
"20180125","목","남","20대","서울특별시","금천구","시흥동","중국집","5"
"20180125","목","남","30대","서울특별시","금천구","독산동","중국집","5"
"20180125","목","남","40대","서울특별시","금천구","가산동","중국집","16"
"20180125","목","남","40대","서울특별시","금천구","시흥동","중국집","5"
"20180125","목","남","50대","서울특별시","금천구","시흥동","중국집","5"
"20180125","목","남","30대","서울특별시","금천구","시흥동","중국집","5"
"20180125","목","남","60대이상","서울특별시","금천구","가산동","중국집","7"
"20180125","목","남","60대이상","서울특별시","금천구","독산동","중국집","5"
"20180125","목","남","40대","서울특별시","금천구","독산동","중국집","5"
"20180125","목","남","60대이상","서울특별시","금천구","시흥동","중국집","5"
"20180125","목","여","10대","서울특별시","금천구","가산동","중국집","5"
"20180125","목","여","10대","서울특별시","금천구","시흥동","중국집","5"
"20180125","목","여","20대","서울특별시","금천구","가산동","중국집","9"
"20180125","목","남","20대","서울특별시","금천구","독산동","중국집","5"
"20180125","목","남","30대","서울특별시","금천구","가산동","중국집","34"
"20180125","목","여","20대","서울특별시","금천구","시흥동","중국집","5"
"20180125","목","여","30대","서울특별시","금천구","가산동","중국집","18"
"20180125","목","남","50대","서울특별시","금천구","가산동","중국집","10"
"20180125","목","여","30대","서울특별시","금천구","시흥동","중국집","5"
"20180125","목","여","40대","서울특별시","금천구","가산동","중국집","15"
"20180125","목","여","20대","서울특별시","금천구","독산동","중국집","5"
"20180125","목","여","40대","서울특별시","금천구","독산동","중국집","5"
"20180125","목","여","40대","서울특별시","금천구","시흥동","중국집","5"
"20180125","목","여","50대","서울특별시","금천구","가산동","중국집","17"
"20180125","목","여","50대","서울특별시","금천구","독산동","중국집","5"
"20180125","목","여","50대","서울특별시","금천구","시흥동","중국집","5"
"20180125","목","여","60대이상","서울특별시","금천구","가산동","중국집","7"
"20180125","목","여","60대이상","서울특별시","금천구","독산동","중국집","5"
"20180125","목","여","30대","서울특별시","금천구","독산동","중국집","5"
"20180125","목","여","60대이상","서울특별시","금천구","시흥동","중국집","5"
"20180125","목","남","10대","서울특별시","노원구","공릉동","중국집","5"
"20180125","목","남","10대","서울특별시","노원구","상계동","중국집","6"
"20180125","목","남","20대","서울특별시","노원구","중계동","중국집","5"
"20180125","목","남","30대","서울특별시","노원구","상계동","중국집","38"
"20180125","목","남","40대","서울특별시","노원구","공릉동","중국집","5"
"20180125","목","남","40대","서울특별시","노원구","상계동","중국집","47"
"20180125","목","남","40대","서울특별시","노원구","월계동","중국집","5"
"20180125","목","남","40대","서울특별시","노원구","중계동","중국집","5"
"20180125","목","남","50대","서울특별시","노원구","상계동","중국집","35"
"20180125","목","남","50대","서울특별시","노원구","월계동","중국집","5"
"20180125","목","여","20대","서울특별시","노원구","공릉동","중국집","5"
"20180125","목","남","10대","서울특별시","노원구","중계동","중국집","5"
"20180125","목","여","20대","서울특별시","노원구","상계동","중국집","22"
"20180125","목","여","20대","서울특별시","노원구","중계동","중국집","5"
"20180125","목","여","30대","서울특별시","노원구","상계동","중국집","42"
"20180125","목","여","30대","서울특별시","노원구","월계동","중국집","5"
"20180125","목","남","20대","서울특별시","노원구","공릉동","중국집","6"
"20180125","목","여","30대","서울특별시","노원구","공릉동","중국집","5"
"20180125","목","여","30대","서울특별시","노원구","중계동","중국집","5"
"20180125","목","여","40대","서울특별시","노원구","공릉동","중국집","5"
"20180125","목","여","40대","서울특별시","노원구","상계동","중국집","101"
"20180125","목","여","40대","서울특별시","노원구","월계동","중국집","5"
"20180125","목","남","60대이상","서울특별시","노원구","상계동","중국집","20"
"20180125","목","여","40대","서울특별시","노원구","중계동","중국집","5"
"20180125","목","여","50대","서울특별시","노원구","공릉동","중국집","5"
"20180125","목","여","50대","서울특별시","노원구","상계동","중국집","43"
"20180125","목","여","50대","서울특별시","노원구","월계동","중국집","7"
"20180125","목","남","30대","서울특별시","노원구","월계동","중국집","8"
"20180125","목","남","20대","서울특별시","노원구","월계동","중국집","5"
"20180125","목","여","50대","서울특별시","노원구","중계동","중국집","5"
"20180125","목","여","10대","서울특별시","노원구","상계동","중국집","6"
"20180125","목","남","20대","서울특별시","노원구","상계동","중국집","21"
"20180125","목","여","60대이상","서울특별시","노원구","공릉동","중국집","5"
"20180125","목","여","60대이상","서울특별시","노원구","상계동","중국집","31"
"20180125","목","남","30대","서울특별시","노원구","공릉동","중국집","5"
"20180125","목","여","60대이상","서울특별시","노원구","월계동","중국집","5"
"20180125","목","여","60대이상","서울특별시","노원구","중계동","중국집","5"
"20180125","목","남","10대","서울특별시","도봉구","쌍문동","중국집","5"
"20180125","목","남","30대","서울특별시","도봉구","방학동","중국집","5"
"20180125","목","남","40대","서울특별시","도봉구","방학동","중국집","5"
"20180125","목","남","50대","서울특별시","도봉구","방학동","중국집","5"
"20180125","목","남","20대","서울특별시","도봉구","쌍문동","중국집","5"
"20180125","목","남","60대이상","서울특별시","도봉구","도봉동","중국집","5"
"20180125","목","남","60대이상","서울특별시","도봉구","방학동","중국집","5"
"20180125","목","남","60대이상","서울특별시","도봉구","쌍문동","중국집","5"
"20180125","목","여","20대","서울특별시","도봉구","방학동","중국집","5"
"20180125","목","남","40대","서울특별시","도봉구","쌍문동","중국집","7"
"20180125","목","여","30대","서울특별시","도봉구","도봉동","중국집","5"
"20180125","목","남","40대","서울특별시","도봉구","도봉동","중국집","5"
"20180125","목","여","30대","서울특별시","도봉구","방학동","중국집","5"
"20180125","목","여","30대","서울특별시","도봉구","쌍문동","중국집","5"
"20180125","목","여","40대","서울특별시","도봉구","방학동","중국집","5"
"20180125","목","여","40대","서울특별시","도봉구","쌍문동","중국집","5"
"20180125","목","여","50대","서울특별시","도봉구","쌍문동","중국집","5"
"20180125","목","남","10대","서울특별시","동대문구","제기동","중국집","8"
"20180125","목","남","20대","서울특별시","동대문구","답십리동","중국집","5"
"20180125","목","남","30대","서울특별시","동대문구","답십리동","중국집","5"
"20180125","목","남","30대","서울특별시","동대문구","장안동","중국집","46"
"20180125","목","남","30대","서울특별시","동대문구","전농동","중국집","5"
"20180125","목","남","40대","서울특별시","동대문구","장안동","중국집","57"
"20180125","목","남","40대","서울특별시","동대문구","답십리동","중국집","5"
"20180125","목","남","40대","서울특별시","동대문구","전농동","중국집","5"
"20180125","목","남","40대","서울특별시","동대문구","제기동","중국집","55"
"20180125","목","남","30대","서울특별시","동대문구","제기동","중국집","58"
"20180125","목","남","50대","서울특별시","동대문구","답십리동","중국집","5"
"20180125","목","남","50대","서울특별시","동대문구","장안동","중국집","44"
"20180125","목","남","50대","서울특별시","동대문구","제기동","중국집","31"
"20180125","목","남","60대이상","서울특별시","동대문구","장안동","중국집","15"
"20180125","목","남","10대","서울특별시","동대문구","답십리동","중국집","5"
"20180125","목","남","20대","서울특별시","동대문구","제기동","중국집","41"
"20180125","목","남","20대","서울특별시","동대문구","전농동","중국집","5"
"20180125","목","남","60대이상","서울특별시","동대문구","전농동","중국집","5"
"20180125","목","남","60대이상","서울특별시","동대문구","제기동","중국집","19"
"20180125","목","여","10대","서울특별시","동대문구","제기동","중국집","7"
"20180125","목","여","20대","서울특별시","동대문구","장안동","중국집","15"
"20180125","목","여","20대","서울특별시","동대문구","전농동","중국집","5"
"20180125","목","여","20대","서울특별시","동대문구","제기동","중국집","19"
"20180125","목","여","30대","서울특별시","동대문구","장안동","중국집","40"
"20180125","목","여","30대","서울특별시","동대문구","전농동","중국집","6"
"20180125","목","여","30대","서울특별시","동대문구","제기동","중국집","34"
"20180125","목","여","40대","서울특별시","동대문구","답십리동","중국집","5"
"20180125","목","남","20대","서울특별시","동대문구","휘경동","중국집","5"
"20180125","목","남","20대","서울특별시","동대문구","장안동","중국집","26"
"20180125","목","여","40대","서울특별시","동대문구","장안동","중국집","51"
"20180125","목","여","20대","서울특별시","동대문구","답십리동","중국집","5"
"20180125","목","남","10대","서울특별시","동대문구","장안동","중국집","9"
"20180125","목","여","40대","서울특별시","동대문구","전농동","중국집","5"
"20180125","목","여","40대","서울특별시","동대문구","제기동","중국집","46"
"20180125","목","여","50대","서울특별시","동대문구","답십리동","중국집","5"
"20180125","목","여","50대","서울특별시","동대문구","장안동","중국집","22"
"20180125","목","여","10대","서울특별시","동대문구","전농동","중국집","5"
"20180125","목","여","10대","서울특별시","동대문구","장안동","중국집","5"
"20180125","목","남","10대","서울특별시","동대문구","전농동","중국집","5"
"20180125","목","여","50대","서울특별시","동대문구","제기동","중국집","27"
"20180125","목","여","60대이상","서울특별시","동대문구","장안동","중국집","12"
"20180125","목","여","60대이상","서울특별시","동대문구","전농동","중국집","5"
"20180125","목","여","60대이상","서울특별시","동대문구","제기동","중국집","22"
"20180125","목","남","10대","서울특별시","동작구","신대방동","중국집","16"
"20180125","목","남","20대","서울특별시","동작구","사당동","중국집","5"
"20180125","목","남","30대","서울특별시","동작구","노량진동","중국집","5"
"20180125","목","남","30대","서울특별시","동작구","본동","중국집","5"
"20180125","목","남","30대","서울특별시","동작구","사당동","중국집","5"
"20180125","목","남","30대","서울특별시","동작구","상도동","중국집","5"
"20180125","목","남","30대","서울특별시","동작구","흑석동","중국집","5"
"20180125","목","남","40대","서울특별시","동작구","노량진동","중국집","5"
"20180125","목","남","40대","서울특별시","동작구","사당동","중국집","5"
"20180125","목","남","40대","서울특별시","동작구","흑석동","중국집","5"
"20180125","목","남","50대","서울특별시","동작구","노량진동","중국집","5"
"20180125","목","남","50대","서울특별시","동작구","신대방동","중국집","60"
"20180125","목","남","60대이상","서울특별시","동작구","사당동","중국집","5"
"20180125","목","남","60대이상","서울특별시","동작구","상도동","중국집","5"
"20180125","목","남","20대","서울특별시","동작구","노량진동","중국집","5"
"20180125","목","남","20대","서울특별시","동작구","신대방동","중국집","89"
"20180125","목","남","60대이상","서울특별시","동작구","신대방동","중국집","62"
"20180125","목","여","10대","서울특별시","동작구","신대방동","중국집","13"
"20180125","목","남","40대","서울특별시","동작구","본동","중국집","5"
"20180125","목","남","30대","서울특별시","동작구","신대방동","중국집","113"
"20180125","목","여","20대","서울특별시","동작구","상도동","중국집","5"
"20180125","목","여","10대","서울특별시","동작구","본동","중국집","5"
"20180125","목","여","20대","서울특별시","동작구","신대방동","중국집","44"
"20180125","목","여","30대","서울특별시","동작구","상도동","중국집","5"
"20180125","목","여","30대","서울특별시","동작구","사당동","중국집","5"
"20180125","목","여","40대","서울특별시","동작구","노량진동","중국집","5"
"20180125","목","여","40대","서울특별시","동작구","본동","중국집","5"
"20180125","목","남","40대","서울특별시","동작구","상도동","중국집","8"
"20180125","목","여","40대","서울특별시","동작구","사당동","중국집","5"
"20180125","목","여","30대","서울특별시","동작구","신대방동","중국집","76"
"20180125","목","남","20대","서울특별시","동작구","본동","중국집","5"
"20180125","목","여","40대","서울특별시","동작구","상도동","중국집","5"
"20180125","목","여","50대","서울특별시","동작구","본동","중국집","5"
"20180125","목","여","30대","서울특별시","동작구","노량진동","중국집","5"
"20180125","목","여","50대","서울특별시","동작구","사당동","중국집","5"
"20180125","목","여","40대","서울특별시","동작구","신대방동","중국집","135"
"20180125","목","여","50대","서울특별시","동작구","상도동","중국집","5"
"20180125","목","남","20대","서울특별시","동작구","대방동","중국집","5"
"20180125","목","여","50대","서울특별시","동작구","신대방동","중국집","76"
"20180125","목","여","60대이상","서울특별시","동작구","사당동","중국집","6"
"20180125","목","여","60대이상","서울특별시","동작구","상도동","중국집","5"
"20180125","목","여","60대이상","서울특별시","동작구","신대방동","중국집","42"
"20180125","목","남","40대","서울특별시","동작구","신대방동","중국집","105"
"20180125","목","여","20대","서울특별시","동작구","사당동","중국집","5"
"20180125","목","남","10대","서울특별시","마포구","상암동","중국집","17"
"20180125","목","남","20대","서울특별시","마포구","상암동","중국집","13"
"20180125","목","남","20대","서울특별시","마포구","신공덕동","중국집","5"
"20180125","목","남","20대","서울특별시","마포구","창전동","중국집","5"
"20180125","목","남","20대","서울특별시","마포구","합정동","중국집","16"
"20180125","목","남","30대","서울특별시","마포구","대흥동","중국집","5"
"20180125","목","남","20대","서울특별시","마포구","아현동","중국집","5"
"20180125","목","남","30대","서울특별시","마포구","신공덕동","중국집","5"
"20180125","목","남","30대","서울특별시","마포구","염리동","중국집","5"
"20180125","목","남","30대","서울특별시","마포구","창전동","중국집","5"
"20180125","목","남","40대","서울특별시","마포구","공덕동","중국집","5"
"20180125","목","남","30대","서울특별시","마포구","상암동","중국집","9"
"20180125","목","남","40대","서울특별시","마포구","합정동","중국집","29"
"20180125","목","남","50대","서울특별시","마포구","상암동","중국집","12"
"20180125","목","남","50대","서울특별시","마포구","신공덕동","중국집","5"
"20180125","목","남","50대","서울특별시","마포구","창전동","중국집","5"
"20180125","목","남","30대","서울특별시","마포구","마포동","중국집","5"
"20180125","목","남","50대","서울특별시","마포구","합정동","중국집","10"
"20180125","목","남","60대이상","서울특별시","마포구","망원동","중국집","5"
"20180125","목","남","60대이상","서울특별시","마포구","서교동","중국집","5"
"20180125","목","남","40대","서울특별시","마포구","염리동","중국집","5"
"20180125","목","남","60대이상","서울특별시","마포구","신수동","중국집","5"
"20180125","목","남","60대이상","서울특별시","마포구","창전동","중국집","5"
"20180125","목","여","20대","서울특별시","마포구","마포동","중국집","5"
"20180125","목","남","50대","서울특별시","마포구","염리동","중국집","5"
"20180125","목","남","60대이상","서울특별시","마포구","마포동","중국집","5"
"20180125","목","남","10대","서울특별시","마포구","서교동","중국집","5"
"20180125","목","남","40대","서울특별시","마포구","상암동","중국집","28"
"20180125","목","여","20대","서울특별시","마포구","상암동","중국집","7"
"20180125","목","여","20대","서울특별시","마포구","신공덕동","중국집","5"
"20180125","목","여","20대","서울특별시","마포구","염리동","중국집","5"
"20180125","목","여","20대","서울특별시","마포구","합정동","중국집","6"
"20180125","목","여","30대","서울특별시","마포구","노고산동","중국집","5"
"20180125","목","여","30대","서울특별시","마포구","대흥동","중국집","5"
"20180125","목","여","30대","서울특별시","마포구","마포동","중국집","5"
"20180125","목","여","30대","서울특별시","마포구","상암동","중국집","21"
"20180125","목","남","60대이상","서울특별시","마포구","대흥동","중국집","5"
"20180125","목","여","30대","서울특별시","마포구","신수동","중국집","5"
"20180125","목","여","10대","서울특별시","마포구","염리동","중국집","5"
"20180125","목","여","30대","서울특별시","마포구","아현동","중국집","5"
"20180125","목","여","30대","서울특별시","마포구","합정동","중국집","13"
"20180125","목","남","60대이상","서울특별시","마포구","상암동","중국집","15"
"20180125","목","여","40대","서울특별시","마포구","공덕동","중국집","5"
"20180125","목","여","10대","서울특별시","마포구","신수동","중국집","5"
"20180125","목","남","20대","서울특별시","마포구","대흥동","중국집","5"
"20180125","목","남","60대이상","서울특별시","마포구","합정동","중국집","6"
"20180125","목","여","40대","서울특별시","마포구","상암동","중국집","32"
"20180125","목","남","30대","서울특별시","마포구","신수동","중국집","5"
"20180125","목","남","40대","서울특별시","마포구","대흥동","중국집","5"
"20180125","목","여","40대","서울특별시","마포구","서교동","중국집","5"
"20180125","목","남","30대","서울특별시","마포구","공덕동","중국집","5"
"20180125","목","여","40대","서울특별시","마포구","신공덕동","중국집","5"
"20180125","목","여","10대","서울특별시","마포구","상암동","중국집","5"
"20180125","목","여","30대","서울특별시","마포구","염리동","중국집","5"
"20180125","목","여","40대","서울특별시","마포구","창전동","중국집","5"
"20180125","목","여","50대","서울특별시","마포구","대흥동","중국집","5"
"20180125","목","여","50대","서울특별시","마포구","망원동","중국집","5"
"20180125","목","여","50대","서울특별시","마포구","상암동","중국집","18"
"20180125","목","여","50대","서울특별시","마포구","신공덕동","중국집","5"
"20180125","목","여","20대","서울특별시","마포구","신수동","중국집","5"
"20180125","목","남","40대","서울특별시","마포구","창전동","중국집","5"
"20180125","목","여","40대","서울특별시","마포구","마포동","중국집","5"
"20180125","목","남","40대","서울특별시","마포구","노고산동","중국집","5"
"20180125","목","여","50대","서울특별시","마포구","염리동","중국집","5"
"20180125","목","여","50대","서울특별시","마포구","합정동","중국집","5"
"20180125","목","남","30대","서울특별시","마포구","합정동","중국집","25"
"20180125","목","여","60대이상","서울특별시","마포구","상암동","중국집","5"
"20180125","목","여","20대","서울특별시","마포구","대흥동","중국집","5"
"20180125","목","여","60대이상","서울특별시","마포구","합정동","중국집","5"
"20180125","목","여","40대","서울특별시","마포구","합정동","중국집","9"
"20180125","목","여","40대","서울특별시","마포구","신수동","중국집","5"
"20180125","목","남","50대","서울특별시","마포구","마포동","중국집","5"
"20180125","목","남","10대","서울특별시","서대문구","연희동","중국집","11"
"20180125","목","남","10대","서울특별시","서대문구","창천동","중국집","5"
"20180125","목","남","20대","서울특별시","서대문구","북가좌동","중국집","5"
"20180125","목","남","20대","서울특별시","서대문구","북아현동","중국집","5"
"20180125","목","남","20대","서울특별시","서대문구","연희동","중국집","45"
"20180125","목","남","20대","서울특별시","서대문구","창천동","중국집","20"
"20180125","목","남","20대","서울특별시","서대문구","홍제동","중국집","26"
"20180125","목","남","30대","서울특별시","서대문구","연희동","중국집","47"
"20180125","목","남","30대","서울특별시","서대문구","창천동","중국집","31"
"20180125","목","남","30대","서울특별시","서대문구","충정로3가","중국집","5"
"20180125","목","남","40대","서울특별시","서대문구","창천동","중국집","46"
"20180125","목","남","40대","서울특별시","서대문구","충정로3가","중국집","5"
"20180125","목","남","40대","서울특별시","서대문구","홍제동","중국집","34"
"20180125","목","남","50대","서울특별시","서대문구","북가좌동","중국집","5"
"20180125","목","남","50대","서울특별시","서대문구","충정로3가","중국집","5"
"20180125","목","남","50대","서울특별시","서대문구","홍은동","중국집","5"
"20180125","목","남","50대","서울특별시","서대문구","홍제동","중국집","20"
"20180125","목","남","40대","서울특별시","서대문구","연희동","중국집","30"
"20180125","목","남","60대이상","서울특별시","서대문구","북가좌동","중국집","5"
"20180125","목","남","60대이상","서울특별시","서대문구","연희동","중국집","28"
"20180125","목","남","60대이상","서울특별시","서대문구","합동","중국집","5"
"20180125","목","남","60대이상","서울특별시","서대문구","홍은동","중국집","5"
"20180125","목","남","50대","서울특별시","서대문구","창천동","중국집","25"
"20180125","목","남","60대이상","서울특별시","서대문구","홍제동","중국집","16"
"20180125","목","여","10대","서울특별시","서대문구","연희동","중국집","5"
"20180125","목","여","10대","서울특별시","서대문구","홍제동","중국집","5"
"20180125","목","여","10대","서울특별시","서대문구","홍은동","중국집","5"
"20180125","목","남","40대","서울특별시","서대문구","홍은동","중국집","5"
"20180125","목","여","20대","서울특별시","서대문구","연희동","중국집","28"
"20180125","목","남","10대","서울특별시","서대문구","홍제동","중국집","6"
"20180125","목","여","20대","서울특별시","서대문구","창천동","중국집","6"
"20180125","목","여","20대","서울특별시","서대문구","충정로2가","중국집","5"
"20180125","목","여","20대","서울특별시","서대문구","북아현동","중국집","5"
"20180125","목","남","30대","서울특별시","서대문구","홍제동","중국집","30"
"20180125","목","여","20대","서울특별시","서대문구","충정로3가","중국집","5"
"20180125","목","남","30대","서울특별시","서대문구","남가좌동","중국집","5"
"20180125","목","여","20대","서울특별시","서대문구","홍은동","중국집","5"
"20180125","목","남","20대","서울특별시","서대문구","충정로3가","중국집","6"
"20180125","목","여","30대","서울특별시","서대문구","북가좌동","중국집","5"
"20180125","목","여","30대","서울특별시","서대문구","연희동","중국집","41"
"20180125","목","여","30대","서울특별시","서대문구","홍은동","중국집","5"
"20180125","목","여","40대","서울특별시","서대문구","연희동","중국집","59"
"20180125","목","여","30대","서울특별시","서대문구","홍제동","중국집","29"
"20180125","목","여","40대","서울특별시","서대문구","창천동","중국집","37"
"20180125","목","여","40대","서울특별시","서대문구","충정로3가","중국집","5"
"20180125","목","여","30대","서울특별시","서대문구","창천동","중국집","28"
"20180125","목","여","40대","서울특별시","서대문구","홍제동","중국집","32"
"20180125","목","여","50대","서울특별시","서대문구","북가좌동","중국집","5"
"20180125","목","여","50대","서울특별시","서대문구","연희동","중국집","22"
"20180125","목","여","50대","서울특별시","서대문구","창천동","중국집","30"
"20180125","목","여","20대","서울특별시","서대문구","홍제동","중국집","17"
"20180125","목","남","60대이상","서울특별시","서대문구","창천동","중국집","17"
"20180125","목","여","50대","서울특별시","서대문구","홍제동","중국집","23"
"20180125","목","여","60대이상","서울특별시","서대문구","남가좌동","중국집","5"
"20180125","목","여","60대이상","서울특별시","서대문구","북아현동","중국집","5"
"20180125","목","여","60대이상","서울특별시","서대문구","연희동","중국집","24"
"20180125","목","남","50대","서울특별시","서대문구","연희동","중국집","33"
"20180125","목","남","30대","서울특별시","서대문구","북가좌동","중국집","5"
"20180125","목","여","60대이상","서울특별시","서대문구","창천동","중국집","8"
"20180125","목","여","60대이상","서울특별시","서대문구","충정로3가","중국집","5"
"20180125","목","여","60대이상","서울특별시","서대문구","홍은동","중국집","5"
"20180125","목","여","60대이상","서울특별시","서대문구","홍제동","중국집","15"
"20180125","목","남","10대","서울특별시","서초구","반포동","중국집","9"
"20180125","목","남","10대","서울특별시","서초구","방배동","중국집","7"
"20180125","목","남","10대","서울특별시","서초구","양재동","중국집","5"
"20180125","목","남","20대","서울특별시","서초구","반포동","중국집","6"
"20180125","목","남","20대","서울특별시","서초구","서초동","중국집","6"
"20180125","목","남","30대","서울특별시","서초구","내곡동","중국집","5"
"20180125","목","남","30대","서울특별시","서초구","방배동","중국집","58"
"20180125","목","남","40대","서울특별시","서초구","반포동","중국집","12"
"20180125","목","남","10대","서울특별시","서초구","서초동","중국집","5"
"20180125","목","남","40대","서울특별시","서초구","서초동","중국집","18"
"20180125","목","남","50대","서울특별시","서초구","내곡동","중국집","5"
"20180125","목","남","50대","서울특별시","서초구","반포동","중국집","11"
"20180125","목","남","50대","서울특별시","서초구","방배동","중국집","41"
"20180125","목","남","50대","서울특별시","서초구","양재동","중국집","28"
"20180125","목","남","60대이상","서울특별시","서초구","방배동","중국집","44"
"20180125","목","남","60대이상","서울특별시","서초구","서초동","중국집","5"
"20180125","목","여","10대","서울특별시","서초구","방배동","중국집","9"
"20180125","목","여","10대","서울특별시","서초구","서초동","중국집","5"
"20180125","목","남","40대","서울특별시","서초구","방배동","중국집","50"
"20180125","목","여","20대","서울특별시","서초구","반포동","중국집","8"
"20180125","목","남","30대","서울특별시","서초구","서초동","중국집","16"
"20180125","목","여","20대","서울특별시","서초구","서초동","중국집","5"
"20180125","목","남","60대이상","서울특별시","서초구","양재동","중국집","14"
"20180125","목","여","20대","서울특별시","서초구","양재동","중국집","19"
"20180125","목","남","30대","서울특별시","서초구","양재동","중국집","44"
"20180125","목","여","20대","서울특별시","서초구","잠원동","중국집","5"
"20180125","목","여","30대","서울특별시","서초구","방배동","중국집","56"
"20180125","목","남","40대","서울특별시","서초구","내곡동","중국집","5"
"20180125","목","여","30대","서울특별시","서초구","양재동","중국집","35"
"20180125","목","여","30대","서울특별시","서초구","서초동","중국집","12"
"20180125","목","여","40대","서울특별시","서초구","내곡동","중국집","5"
"20180125","목","남","60대이상","서울특별시","서초구","잠원동","중국집","5"
"20180125","목","여","40대","서울특별시","서초구","반포동","중국집","40"
"20180125","목","남","20대","서울특별시","서초구","방배동","중국집","46"
"20180125","목","여","30대","서울특별시","서초구","반포동","중국집","18"
"20180125","목","여","40대","서울특별시","서초구","서초동","중국집","15"
"20180125","목","여","40대","서울특별시","서초구","양재동","중국집","36"
"20180125","목","남","20대","서울특별시","서초구","양재동","중국집","26"
"20180125","목","여","40대","서울특별시","서초구","잠원동","중국집","5"
"20180125","목","여","50대","서울특별시","서초구","반포동","중국집","9"
"20180125","목","여","50대","서울특별시","서초구","방배동","중국집","47"
"20180125","목","여","50대","서울특별시","서초구","서초동","중국집","5"
"20180125","목","여","50대","서울특별시","서초구","양재동","중국집","36"
"20180125","목","여","20대","서울특별시","서초구","방배동","중국집","33"
"20180125","목","여","50대","서울특별시","서초구","잠원동","중국집","5"
"20180125","목","여","60대이상","서울특별시","서초구","반포동","중국집","13"
"20180125","목","남","40대","서울특별시","서초구","양재동","중국집","73"
"20180125","목","여","60대이상","서울특별시","서초구","방배동","중국집","26"
"20180125","목","남","30대","서울특별시","서초구","반포동","중국집","13"
"20180125","목","여","60대이상","서울특별시","서초구","양재동","중국집","14"
"20180125","목","남","60대이상","서울특별시","서초구","반포동","중국집","10"
"20180125","목","여","10대","서울특별시","서초구","반포동","중국집","5"
"20180125","목","여","60대이상","서울특별시","서초구","잠원동","중국집","5"
"20180125","목","여","40대","서울특별시","서초구","방배동","중국집","102"
"20180125","목","남","50대","서울특별시","서초구","서초동","중국집","6"
"20180125","목","여","60대이상","서울특별시","서초구","서초동","중국집","5"
"20180125","목","남","10대","서울특별시","성동구","성수동2가","중국집","17"
"20180125","목","남","10대","서울특별시","성동구","옥수동","중국집","5"
"20180125","목","남","20대","서울특별시","성동구","성수동2가","중국집","78"
"20180125","목","남","20대","서울특별시","성동구","옥수동","중국집","15"
"20180125","목","남","30대","서울특별시","성동구","성수동2가","중국집","98"
"20180125","목","남","30대","서울특별시","성동구","옥수동","중국집","32"
"20180125","목","남","40대","서울특별시","성동구","성수동2가","중국집","94"
"20180125","목","남","40대","서울특별시","성동구","옥수동","중국집","16"
"20180125","목","남","50대","서울특별시","성동구","성수동2가","중국집","60"
"20180125","목","남","50대","서울특별시","성동구","옥수동","중국집","24"
"20180125","목","남","60대이상","서울특별시","성동구","성수동2가","중국집","35"
"20180125","목","남","60대이상","서울특별시","성동구","옥수동","중국집","10"
"20180125","목","여","20대","서울특별시","성동구","성수동2가","중국집","31"
"20180125","목","여","20대","서울특별시","성동구","옥수동","중국집","5"
"20180125","목","여","30대","서울특별시","성동구","성수동2가","중국집","53"
"20180125","목","여","10대","서울특별시","성동구","성수동2가","중국집","9"
"20180125","목","여","30대","서울특별시","성동구","옥수동","중국집","9"
"20180125","목","여","30대","서울특별시","성동구","홍익동","중국집","5"
"20180125","목","여","40대","서울특별시","성동구","성수동2가","중국집","102"
"20180125","목","여","40대","서울특별시","성동구","옥수동","중국집","25"
"20180125","목","여","50대","서울특별시","성동구","성수동2가","중국집","48"
"20180125","목","여","50대","서울특별시","성동구","옥수동","중국집","16"
"20180125","목","여","60대이상","서울특별시","성동구","성수동2가","중국집","32"
"20180125","목","여","60대이상","서울특별시","성동구","옥수동","중국집","15"
"20180125","목","남","10대","서울특별시","성북구","동선동2가","중국집","8"
"20180125","목","남","20대","서울특별시","성북구","동선동2가","중국집","28"
"20180125","목","남","40대","서울특별시","성북구","삼선동5가","중국집","5"
"20180125","목","남","40대","서울특별시","성북구","하월곡동","중국집","5"
"20180125","목","남","50대","서울특별시","성북구","동선동2가","중국집","49"
"20180125","목","남","50대","서울특별시","성북구","정릉동","중국집","5"
"20180125","목","남","60대이상","서울특별시","성북구","정릉동","중국집","5"
"20180125","목","남","60대이상","서울특별시","성북구","종암동","중국집","5"
"20180125","목","남","60대이상","서울특별시","성북구","하월곡동","중국집","5"
"20180125","목","여","10대","서울특별시","성북구","길음동","중국집","5"
"20180125","목","여","20대","서울특별시","성북구","동선동2가","중국집","23"
"20180125","목","여","20대","서울특별시","성북구","동선동3가","중국집","5"
"20180125","목","남","20대","서울특별시","성북구","성북동","중국집","5"
"20180125","목","여","20대","서울특별시","성북구","삼선동5가","중국집","5"
"20180125","목","여","20대","서울특별시","성북구","정릉동","중국집","5"
"20180125","목","여","30대","서울특별시","성북구","길음동","중국집","5"
"20180125","목","여","30대","서울특별시","성북구","동선동2가","중국집","31"
"20180125","목","남","40대","서울특별시","성북구","동선동2가","중국집","45"
"20180125","목","여","30대","서울특별시","성북구","동선동3가","중국집","5"
"20180125","목","여","30대","서울특별시","성북구","정릉동","중국집","5"
"20180125","목","남","30대","서울특별시","성북구","동선동2가","중국집","65"
"20180125","목","여","30대","서울특별시","성북구","종암동","중국집","5"
"20180125","목","남","20대","서울특별시","성북구","하월곡동","중국집","5"
"20180125","목","여","40대","서울특별시","성북구","동선동2가","중국집","69"
"20180125","목","남","50대","서울특별시","성북구","종암동","중국집","5"
"20180125","목","남","30대","서울특별시","성북구","하월곡동","중국집","5"
"20180125","목","여","40대","서울특별시","성북구","삼선동5가","중국집","5"
"20180125","목","여","40대","서울특별시","성북구","상월곡동","중국집","5"
"20180125","목","여","10대","서울특별시","성북구","동선동3가","중국집","5"
"20180125","목","여","40대","서울특별시","성북구","정릉동","중국집","5"
"20180125","목","여","40대","서울특별시","성북구","종암동","중국집","5"
"20180125","목","남","10대","서울특별시","성북구","하월곡동","중국집","5"
"20180125","목","남","30대","서울특별시","성북구","종암동","중국집","5"
"20180125","목","여","20대","서울특별시","성북구","하월곡동","중국집","5"
"20180125","목","여","50대","서울특별시","성북구","동선동2가","중국집","33"
"20180125","목","여","50대","서울특별시","성북구","정릉동","중국집","5"
"20180125","목","남","40대","서울특별시","성북구","길음동","중국집","5"
"20180125","목","여","50대","서울특별시","성북구","하월곡동","중국집","5"
"20180125","목","여","60대이상","서울특별시","성북구","길음동","중국집","5"
"20180125","목","여","10대","서울특별시","성북구","종암동","중국집","5"
"20180125","목","여","10대","서울특별시","성북구","동선동2가","중국집","5"
"20180125","목","남","60대이상","서울특별시","성북구","삼선동5가","중국집","5"
"20180125","목","여","60대이상","서울특별시","성북구","삼선동5가","중국집","5"
"20180125","목","남","30대","서울특별시","성북구","정릉동","중국집","5"
"20180125","목","여","60대이상","서울특별시","성북구","정릉동","중국집","5"
"20180125","목","남","50대","서울특별시","성북구","하월곡동","중국집","7"
"20180125","목","남","60대이상","서울특별시","성북구","길음동","중국집","5"
"20180125","목","남","20대","서울특별시","성북구","정릉동","중국집","5"
"20180125","목","여","60대이상","서울특별시","성북구","동선동2가","중국집","15"
"20180125","목","남","40대","서울특별시","성북구","정릉동","중국집","5"
"20180125","목","여","60대이상","서울특별시","성북구","종암동","중국집","5"
"20180125","목","남","10대","서울특별시","성북구","삼선동5가","중국집","5"
"20180125","목","남","60대이상","서울특별시","성북구","동선동2가","중국집","27"
"20180125","목","여","60대이상","서울특별시","성북구","하월곡동","중국집","5"
"20180125","목","남","20대","서울특별시","송파구","가락동","중국집","5"
"20180125","목","남","20대","서울특별시","송파구","마천동","중국집","5"
"20180125","목","남","20대","서울특별시","송파구","송파동","중국집","39"
"20180125","목","남","30대","서울특별시","송파구","가락동","중국집","15"
"20180125","목","남","30대","서울특별시","송파구","거여동","중국집","5"
"20180125","목","남","10대","서울특별시","송파구","풍납동","중국집","5"
"20180125","목","남","30대","서울특별시","송파구","송파동","중국집","121"
"20180125","목","남","40대","서울특별시","송파구","가락동","중국집","9"
"20180125","목","남","40대","서울특별시","송파구","송파동","중국집","97"
"20180125","목","남","50대","서울특별시","송파구","가락동","중국집","9"
"20180125","목","남","50대","서울특별시","송파구","마천동","중국집","5"
"20180125","목","남","50대","서울특별시","송파구","송파동","중국집","56"
"20180125","목","남","30대","서울특별시","송파구","풍납동","중국집","5"
"20180125","목","남","50대","서울특별시","송파구","잠실동","중국집","5"
"20180125","목","남","60대이상","서울특별시","송파구","가락동","중국집","10"
"20180125","목","남","60대이상","서울특별시","송파구","마천동","중국집","5"
"20180125","목","남","60대이상","서울특별시","송파구","송파동","중국집","40"
"20180125","목","여","20대","서울특별시","송파구","가락동","중국집","5"
"20180125","목","여","10대","서울특별시","송파구","송파동","중국집","9"
"20180125","목","여","20대","서울특별시","송파구","송파동","중국집","35"
"20180125","목","여","20대","서울특별시","송파구","풍납동","중국집","5"
"20180125","목","여","30대","서울특별시","송파구","가락동","중국집","8"
"20180125","목","남","40대","서울특별시","송파구","풍납동","중국집","5"
"20180125","목","여","30대","서울특별시","송파구","송파동","중국집","70"
"20180125","목","여","30대","서울특별시","송파구","풍납동","중국집","5"
"20180125","목","여","40대","서울특별시","송파구","풍납동","중국집","5"
"20180125","목","여","50대","서울특별시","송파구","가락동","중국집","12"
"20180125","목","여","40대","서울특별시","송파구","가락동","중국집","20"
"20180125","목","여","40대","서울특별시","송파구","송파동","중국집","91"
"20180125","목","여","60대이상","서울특별시","송파구","가락동","중국집","5"
"20180125","목","여","60대이상","서울특별시","송파구","방이동","중국집","5"
"20180125","목","여","50대","서울특별시","송파구","송파동","중국집","52"
"20180125","목","여","60대이상","서울특별시","송파구","송파동","중국집","27"
"20180125","목","남","10대","서울특별시","송파구","송파동","중국집","20"
"20180125","목","여","60대이상","서울특별시","송파구","풍납동","중국집","5"
"20180125","목","여","10대","서울특별시","송파구","가락동","중국집","5"
"20180125","목","남","20대","서울특별시","양천구","목동","중국집","5"
"20180125","목","남","20대","서울특별시","양천구","신월동","중국집","5"
"20180125","목","남","30대","서울특별시","양천구","신월동","중국집","5"
"20180125","목","남","30대","서울특별시","양천구","신정동","중국집","17"
"20180125","목","남","20대","서울특별시","양천구","신정동","중국집","10"
"20180125","목","남","10대","서울특별시","양천구","신정동","중국집","5"
"20180125","목","남","40대","서울특별시","양천구","신월동","중국집","5"
"20180125","목","남","50대","서울특별시","양천구","신정동","중국집","9"
"20180125","목","남","30대","서울특별시","양천구","목동","중국집","5"
"20180125","목","남","60대이상","서울특별시","양천구","신정동","중국집","5"
"20180125","목","남","50대","서울특별시","양천구","목동","중국집","5"
"20180125","목","여","10대","서울특별시","양천구","신월동","중국집","5"
"20180125","목","여","10대","서울특별시","양천구","신정동","중국집","5"
"20180125","목","여","20대","서울특별시","양천구","목동","중국집","5"
"20180125","목","여","20대","서울특별시","양천구","신월동","중국집","5"
"20180125","목","여","20대","서울특별시","양천구","신정동","중국집","6"
"20180125","목","남","40대","서울특별시","양천구","신정동","중국집","9"
"20180125","목","여","30대","서울특별시","양천구","목동","중국집","5"
"20180125","목","여","30대","서울특별시","양천구","신월동","중국집","10"
"20180125","목","남","10대","서울특별시","양천구","신월동","중국집","5"
"20180125","목","여","30대","서울특별시","양천구","신정동","중국집","9"
"20180125","목","남","50대","서울특별시","양천구","신월동","중국집","8"
"20180125","목","여","40대","서울특별시","양천구","목동","중국집","5"
"20180125","목","여","40대","서울특별시","양천구","신월동","중국집","5"
"20180125","목","여","40대","서울특별시","양천구","신정동","중국집","24"
"20180125","목","여","50대","서울특별시","양천구","신월동","중국집","9"
"20180125","목","남","60대이상","서울특별시","양천구","신월동","중국집","5"
"20180125","목","여","50대","서울특별시","양천구","신정동","중국집","10"
"20180125","목","여","60대이상","서울특별시","양천구","신정동","중국집","5"
"20180125","목","남","10대","서울특별시","영등포구","문래동2가","중국집","5"
"20180125","목","남","10대","서울특별시","영등포구","여의도동","중국집","5"
"20180125","목","남","20대","서울특별시","영등포구","신길동","중국집","5"
"20180125","목","남","20대","서울특별시","영등포구","여의도동","중국집","10"
"20180125","목","남","20대","서울특별시","영등포구","영등포동1가","중국집","5"
"20180125","목","남","30대","서울특별시","영등포구","영등포동7가","중국집","5"
"20180125","목","남","40대","서울특별시","영등포구","대림동","중국집","5"
"20180125","목","남","40대","서울특별시","영등포구","문래동2가","중국집","30"
"20180125","목","남","40대","서울특별시","영등포구","문래동3가","중국집","26"
"20180125","목","남","40대","서울특별시","영등포구","여의도동","중국집","33"
"20180125","목","남","40대","서울특별시","영등포구","영등포동1가","중국집","5"
"20180125","목","남","50대","서울특별시","영등포구","대림동","중국집","5"
"20180125","목","남","50대","서울특별시","영등포구","문래동2가","중국집","14"
"20180125","목","남","50대","서울특별시","영등포구","문래동3가","중국집","26"
"20180125","목","남","50대","서울특별시","영등포구","신길동","중국집","5"
"20180125","목","남","20대","서울특별시","영등포구","문래동2가","중국집","9"
"20180125","목","남","60대이상","서울특별시","영등포구","문래동3가","중국집","17"
"20180125","목","남","60대이상","서울특별시","영등포구","여의도동","중국집","7"
"20180125","목","여","10대","서울특별시","영등포구","문래동2가","중국집","5"
"20180125","목","여","10대","서울특별시","영등포구","문래동3가","중국집","5"
"20180125","목","남","30대","서울특별시","영등포구","영등포동1가","중국집","5"
"20180125","목","여","10대","서울특별시","영등포구","영등포동1가","중국집","5"
"20180125","목","여","20대","서울특별시","영등포구","대림동","중국집","5"
"20180125","목","여","20대","서울특별시","영등포구","문래동2가","중국집","5"
"20180125","목","남","10대","서울특별시","영등포구","대림동","중국집","5"
"20180125","목","여","20대","서울특별시","영등포구","영등포동1가","중국집","5"
"20180125","목","남","30대","서울특별시","영등포구","여의도동","중국집","42"
"20180125","목","여","30대","서울특별시","영등포구","대림동","중국집","5"
"20180125","목","여","30대","서울특별시","영등포구","문래동2가","중국집","15"
"20180125","목","여","20대","서울특별시","영등포구","여의도동","중국집","21"
"20180125","목","남","60대이상","서울특별시","영등포구","영등포동3가","중국집","5"
"20180125","목","여","30대","서울특별시","영등포구","문래동3가","중국집","27"
"20180125","목","여","20대","서울특별시","영등포구","문래동3가","중국집","11"
"20180125","목","여","30대","서울특별시","영등포구","여의도동","중국집","16"
"20180125","목","여","40대","서울특별시","영등포구","대림동","중국집","5"
"20180125","목","남","30대","서울특별시","영등포구","대림동","중국집","5"
"20180125","목","여","20대","서울특별시","영등포구","신길동","중국집","5"
"20180125","목","여","40대","서울특별시","영등포구","문래동2가","중국집","29"
"20180125","목","남","60대이상","서울특별시","영등포구","영등포동7가","중국집","5"
"20180125","목","남","60대이상","서울특별시","영등포구","문래동2가","중국집","7"
"20180125","목","여","40대","서울특별시","영등포구","문래동3가","중국집","25"
"20180125","목","남","30대","서울특별시","영등포구","당산동6가","중국집","5"
"20180125","목","여","20대","서울특별시","영등포구","당산동6가","중국집","5"
"20180125","목","여","40대","서울특별시","영등포구","여의도동","중국집","16"
"20180125","목","남","50대","서울특별시","영등포구","여의도동","중국집","13"
"20180125","목","남","30대","서울특별시","영등포구","문래동3가","중국집","29"
"20180125","목","여","40대","서울특별시","영등포구","신길동","중국집","5"
"20180125","목","여","40대","서울특별시","영등포구","영등포동1가","중국집","5"
"20180125","목","남","50대","서울특별시","영등포구","영등포동1가","중국집","5"
"20180125","목","여","50대","서울특별시","영등포구","문래동3가","중국집","14"
"20180125","목","여","50대","서울특별시","영등포구","여의도동","중국집","10"
"20180125","목","남","10대","서울특별시","영등포구","문래동3가","중국집","7"
"20180125","목","여","30대","서울특별시","영등포구","영등포동1가","중국집","5"
"20180125","목","여","50대","서울특별시","영등포구","영등포동1가","중국집","5"
"20180125","목","남","20대","서울특별시","영등포구","문래동3가","중국집","10"
"20180125","목","남","30대","서울특별시","영등포구","문래동2가","중국집","9"
"20180125","목","여","60대이상","서울특별시","영등포구","대림동","중국집","5"
"20180125","목","여","60대이상","서울특별시","영등포구","문래동2가","중국집","16"
"20180125","목","남","30대","서울특별시","영등포구","영등포동8가","중국집","5"
"20180125","목","여","50대","서울특별시","영등포구","문래동2가","중국집","12"
"20180125","목","남","60대이상","서울특별시","영등포구","영등포동1가","중국집","5"
"20180125","목","여","60대이상","서울특별시","영등포구","신길동","중국집","5"
"20180125","목","여","60대이상","서울특별시","영등포구","여의도동","중국집","5"
"20180125","목","남","20대","서울특별시","영등포구","영등포동7가","중국집","5"
"20180125","목","남","40대","서울특별시","영등포구","신길동","중국집","5"
"20180125","목","여","60대이상","서울특별시","영등포구","영등포동1가","중국집","5"
"20180125","목","여","60대이상","서울특별시","영등포구","문래동3가","중국집","9"
"20180125","목","남","10대","서울특별시","용산구","도원동","중국집","5"
"20180125","목","남","10대","서울특별시","용산구","한강로3가","중국집","6"
"20180125","목","남","20대","서울특별시","용산구","동자동","중국집","7"
"20180125","목","남","20대","서울특별시","용산구","보광동","중국집","6"
"20180125","목","남","20대","서울특별시","용산구","신계동","중국집","5"
"20180125","목","남","20대","서울특별시","용산구","원효로4가","중국집","6"
"20180125","목","남","20대","서울특별시","용산구","한강로3가","중국집","19"
"20180125","목","남","30대","서울특별시","용산구","동자동","중국집","5"
"20180125","목","남","30대","서울특별시","용산구","원효로4가","중국집","5"
"20180125","목","남","30대","서울특별시","용산구","이태원동","중국집","5"
"20180125","목","남","30대","서울특별시","용산구","후암동","중국집","20"
"20180125","목","남","40대","서울특별시","용산구","도원동","중국집","5"
"20180125","목","남","30대","서울특별시","용산구","한남동","중국집","5"
"20180125","목","남","40대","서울특별시","용산구","보광동","중국집","5"
"20180125","목","남","50대","서울특별시","용산구","이태원동","중국집","5"
"20180125","목","남","50대","서울특별시","용산구","한남동","중국집","5"
"20180125","목","남","50대","서울특별시","용산구","효창동","중국집","5"
"20180125","목","남","50대","서울특별시","용산구","후암동","중국집","28"
"20180125","목","남","40대","서울특별시","용산구","이태원동","중국집","5"
"20180125","목","남","60대이상","서울특별시","용산구","신계동","중국집","5"
"20180125","목","남","50대","서울특별시","용산구","동자동","중국집","5"
"20180125","목","남","50대","서울특별시","용산구","원효로4가","중국집","5"
"20180125","목","남","20대","서울특별시","용산구","효창동","중국집","5"
"20180125","목","남","60대이상","서울특별시","용산구","한강로3가","중국집","10"
"20180125","목","남","60대이상","서울특별시","용산구","이태원동","중국집","5"
"20180125","목","여","10대","서울특별시","용산구","한강로3가","중국집","5"
"20180125","목","여","20대","서울특별시","용산구","도원동","중국집","5"
"20180125","목","여","20대","서울특별시","용산구","동자동","중국집","5"
"20180125","목","여","20대","서울특별시","용산구","보광동","중국집","5"
"20180125","목","여","20대","서울특별시","용산구","한남동","중국집","5"
"20180125","목","남","50대","서울특별시","용산구","도원동","중국집","5"
"20180125","목","여","20대","서울특별시","용산구","후암동","중국집","10"
"20180125","목","남","40대","서울특별시","용산구","이촌동","중국집","6"
"20180125","목","여","30대","서울특별시","용산구","갈월동","중국집","5"
"20180125","목","남","40대","서울특별시","용산구","한강로3가","중국집","51"
"20180125","목","여","30대","서울특별시","용산구","도원동","중국집","5"
"20180125","목","남","30대","서울특별시","용산구","신계동","중국집","5"
"20180125","목","남","50대","서울특별시","용산구","한강로3가","중국집","24"
"20180125","목","남","40대","서울특별시","용산구","후암동","중국집","48"
"20180125","목","여","30대","서울특별시","용산구","동자동","중국집","5"
"20180125","목","여","30대","서울특별시","용산구","신계동","중국집","5"
"20180125","목","남","40대","서울특별시","용산구","한남동","중국집","6"
"20180125","목","여","30대","서울특별시","용산구","원효로4가","중국집","5"
"20180125","목","남","60대이상","서울특별시","용산구","동자동","중국집","5"
"20180125","목","여","30대","서울특별시","용산구","이촌동","중국집","5"
"20180125","목","남","20대","서울특별시","용산구","이태원동","중국집","5"
"20180125","목","남","30대","서울특별시","용산구","이촌동","중국집","5"
"20180125","목","여","30대","서울특별시","용산구","한강로3가","중국집","32"
"20180125","목","여","30대","서울특별시","용산구","보광동","중국집","5"
"20180125","목","여","30대","서울특별시","용산구","한남동","중국집","5"
"20180125","목","여","30대","서울특별시","용산구","효창동","중국집","5"
"20180125","목","여","10대","서울특별시","용산구","후암동","중국집","5"
"20180125","목","남","40대","서울특별시","용산구","원효로4가","중국집","5"
"20180125","목","여","30대","서울특별시","용산구","후암동","중국집","17"
"20180125","목","여","40대","서울특별시","용산구","보광동","중국집","5"
"20180125","목","여","10대","서울특별시","용산구","보광동","중국집","5"
"20180125","목","남","50대","서울특별시","용산구","신계동","중국집","5"
"20180125","목","여","40대","서울특별시","용산구","신계동","중국집","5"
"20180125","목","남","20대","서울특별시","용산구","이촌동","중국집","5"
"20180125","목","남","30대","서울특별시","용산구","도원동","중국집","5"
"20180125","목","남","60대이상","서울특별시","용산구","도원동","중국집","5"
"20180125","목","여","40대","서울특별시","용산구","원효로4가","중국집","5"
"20180125","목","여","10대","서울특별시","용산구","이태원동","중국집","5"
"20180125","목","남","60대이상","서울특별시","용산구","원효로4가","중국집","5"
"20180125","목","남","50대","서울특별시","용산구","보광동","중국집","5"
"20180125","목","남","60대이상","서울특별시","용산구","한남동","중국집","5"
"20180125","목","남","30대","서울특별시","용산구","한강로3가","중국집","53"
"20180125","목","여","40대","서울특별시","용산구","도원동","중국집","5"
"20180125","목","여","40대","서울특별시","용산구","이촌동","중국집","7"
"20180125","목","여","30대","서울특별시","용산구","이태원동","중국집","5"
"20180125","목","여","40대","서울특별시","용산구","한남동","중국집","5"
"20180125","목","여","40대","서울특별시","용산구","한강로1가","중국집","5"
"20180125","목","여","40대","서울특별시","용산구","후암동","중국집","23"
"20180125","목","여","50대","서울특별시","용산구","보광동","중국집","5"
"20180125","목","여","50대","서울특별시","용산구","신계동","중국집","5"
"20180125","목","여","50대","서울특별시","용산구","한강로3가","중국집","27"
"20180125","목","여","40대","서울특별시","용산구","한강로3가","중국집","29"
"20180125","목","남","40대","서울특별시","용산구","동자동","중국집","5"
"20180125","목","여","50대","서울특별시","용산구","한남동","중국집","5"
"20180125","목","남","20대","서울특별시","용산구","후암동","중국집","6"
"20180125","목","여","50대","서울특별시","용산구","이태원동","중국집","5"
"20180125","목","여","50대","서울특별시","용산구","후암동","중국집","22"
"20180125","목","여","60대이상","서울특별시","용산구","도원동","중국집","5"
"20180125","목","여","60대이상","서울특별시","용산구","이태원동","중국집","5"
"20180125","목","여","60대이상","서울특별시","용산구","한강로3가","중국집","11"
"20180125","목","남","40대","서울특별시","용산구","신계동","중국집","6"
"20180125","목","여","40대","서울특별시","용산구","이태원동","중국집","5"
"20180125","목","여","60대이상","서울특별시","용산구","한남동","중국집","5"
"20180125","목","남","10대","서울특별시","용산구","후암동","중국집","5"
"20180125","목","남","30대","서울특별시","용산구","보광동","중국집","5"
"20180125","목","여","60대이상","서울특별시","용산구","후암동","중국집","18"
"20180125","목","여","20대","서울특별시","용산구","한강로3가","중국집","13"
"20180125","목","남","60대이상","서울특별시","용산구","후암동","중국집","12"
"20180125","목","여","10대","서울특별시","용산구","이촌동","중국집","5"
"20180125","목","남","10대","서울특별시","은평구","불광동","중국집","6"
"20180125","목","남","20대","서울특별시","은평구","수색동","중국집","5"
"20180125","목","남","30대","서울특별시","은평구","불광동","중국집","26"
"20180125","목","남","30대","서울특별시","은평구","수색동","중국집","5"
"20180125","목","남","40대","서울특별시","은평구","구산동","중국집","5"
"20180125","목","남","40대","서울특별시","은평구","불광동","중국집","55"
"20180125","목","남","40대","서울특별시","은평구","증산동","중국집","6"
"20180125","목","남","50대","서울특별시","은평구","구산동","중국집","5"
"20180125","목","남","50대","서울특별시","은평구","불광동","중국집","35"
"20180125","목","남","60대이상","서울특별시","은평구","구산동","중국집","5"
"20180125","목","남","20대","서울특별시","은평구","불광동","중국집","25"
"20180125","목","여","10대","서울특별시","은평구","불광동","중국집","5"
"20180125","목","남","60대이상","서울특별시","은평구","불광동","중국집","15"
"20180125","목","여","20대","서울특별시","은평구","불광동","중국집","5"
"20180125","목","여","20대","서울특별시","은평구","증산동","중국집","5"
"20180125","목","여","30대","서울특별시","은평구","구산동","중국집","5"
"20180125","목","여","30대","서울특별시","은평구","불광동","중국집","40"
"20180125","목","여","30대","서울특별시","은평구","수색동","중국집","5"
"20180125","목","남","30대","서울특별시","은평구","증산동","중국집","5"
"20180125","목","여","30대","서울특별시","은평구","증산동","중국집","5"
"20180125","목","여","40대","서울특별시","은평구","구산동","중국집","5"
"20180125","목","여","40대","서울특별시","은평구","증산동","중국집","5"
"20180125","목","여","40대","서울특별시","은평구","불광동","중국집","47"
"20180125","목","여","50대","서울특별시","은평구","불광동","중국집","31"
"20180125","목","여","50대","서울특별시","은평구","수색동","중국집","5"
"20180125","목","여","50대","서울특별시","은평구","증산동","중국집","5"
"20180125","목","여","60대이상","서울특별시","은평구","불광동","중국집","17"
"20180125","목","여","60대이상","서울특별시","은평구","수색동","중국집","5"
"20180125","목","남","10대","서울특별시","은평구","구산동","중국집","5"
"20180125","목","남","30대","서울특별시","은평구","구산동","중국집","5"
"20180125","목","남","20대","서울특별시","은평구","구산동","중국집","5"
"20180125","목","여","60대이상","서울특별시","은평구","증산동","중국집","5"
"20180125","목","남","20대","서울특별시","종로구","경운동","중국집","5"
"20180125","목","남","20대","서울특별시","종로구","교남동","중국집","5"
"20180125","목","남","30대","서울특별시","종로구","낙원동","중국집","5"
"20180125","목","남","30대","서울특별시","종로구","숭인동","중국집","5"
"20180125","목","남","30대","서울특별시","종로구","옥인동","중국집","5"
"20180125","목","남","30대","서울특별시","종로구","종로6가","중국집","5"
"20180125","목","남","30대","서울특별시","종로구","창성동","중국집","5"
"20180125","목","남","40대","서울특별시","종로구","서린동","중국집","5"
"20180125","목","남","50대","서울특별시","종로구","경운동","중국집","5"
"20180125","목","남","50대","서울특별시","종로구","숭인동","중국집","5"
"20180125","목","남","20대","서울특별시","종로구","평창동","중국집","5"
"20180125","목","남","50대","서울특별시","종로구","동숭동","중국집","5"
"20180125","목","남","40대","서울특별시","종로구","낙원동","중국집","5"
"20180125","목","남","30대","서울특별시","종로구","동숭동","중국집","5"
"20180125","목","남","50대","서울특별시","종로구","원서동","중국집","5"
"20180125","목","남","30대","서울특별시","종로구","관수동","중국집","5"
"20180125","목","남","50대","서울특별시","종로구","창성동","중국집","5"
"20180125","목","남","60대이상","서울특별시","종로구","숭인동","중국집","5"
"20180125","목","남","40대","서울특별시","종로구","창성동","중국집","5"
"20180125","목","남","60대이상","서울특별시","종로구","원서동","중국집","5"
"20180125","목","남","60대이상","서울특별시","종로구","평창동","중국집","5"
"20180125","목","여","20대","서울특별시","종로구","경운동","중국집","5"
"20180125","목","여","10대","서울특별시","종로구","평창동","중국집","5"
"20180125","목","여","20대","서울특별시","종로구","관수동","중국집","5"
"20180125","목","남","30대","서울특별시","종로구","서린동","중국집","5"
"20180125","목","남","40대","서울특별시","종로구","원서동","중국집","5"
"20180125","목","여","20대","서울특별시","종로구","낙원동","중국집","5"
"20180125","목","남","30대","서울특별시","종로구","평창동","중국집","5"
"20180125","목","남","50대","서울특별시","종로구","낙원동","중국집","5"
"20180125","목","여","20대","서울특별시","종로구","교남동","중국집","5"
"20180125","목","여","20대","서울특별시","종로구","명륜1가","중국집","5"
"20180125","목","여","20대","서울특별시","종로구","숭인동","중국집","5"
"20180125","목","여","20대","서울특별시","종로구","신문로2가","중국집","5"
"20180125","목","남","40대","서울특별시","종로구","안국동","중국집","5"
"20180125","목","여","20대","서울특별시","종로구","종로6가","중국집","5"
"20180125","목","남","30대","서울특별시","종로구","종로5가","중국집","5"
"20180125","목","남","60대이상","서울특별시","종로구","종로6가","중국집","5"
"20180125","목","남","30대","서울특별시","종로구","교남동","중국집","5"
"20180125","목","남","50대","서울특별시","종로구","신문로2가","중국집","5"
"20180125","목","여","20대","서울특별시","종로구","창성동","중국집","5"
"20180125","목","남","50대","서울특별시","종로구","교남동","중국집","5"
"20180125","목","남","60대이상","서울특별시","종로구","관수동","중국집","5"
"20180125","목","남","40대","서울특별시","종로구","동숭동","중국집","5"
"20180125","목","여","30대","서울특별시","종로구","낙원동","중국집","5"
"20180125","목","여","30대","서울특별시","종로구","동숭동","중국집","5"
"20180125","목","남","60대이상","서울특별시","종로구","동숭동","중국집","5"
"20180125","목","남","40대","서울특별시","종로구","숭인동","중국집","5"
"20180125","목","여","30대","서울특별시","종로구","명륜1가","중국집","5"
"20180125","목","여","30대","서울특별시","종로구","숭인동","중국집","5"
"20180125","목","여","30대","서울특별시","종로구","신문로2가","중국집","5"
"20180125","목","여","30대","서울특별시","종로구","원서동","중국집","5"
"20180125","목","여","30대","서울특별시","종로구","종로6가","중국집","5"
"20180125","목","여","30대","서울특별시","종로구","창성동","중국집","5"
"20180125","목","남","20대","서울특별시","종로구","동숭동","중국집","5"
"20180125","목","남","20대","서울특별시","종로구","원서동","중국집","5"
"20180125","목","여","40대","서울특별시","종로구","경운동","중국집","5"
"20180125","목","남","20대","서울특별시","종로구","낙원동","중국집","5"
"20180125","목","여","40대","서울특별시","종로구","관수동","중국집","5"
"20180125","목","여","40대","서울특별시","종로구","교남동","중국집","6"
"20180125","목","여","10대","서울특별시","종로구","창성동","중국집","5"
"20180125","목","여","40대","서울특별시","종로구","낙원동","중국집","5"
"20180125","목","남","30대","서울특별시","종로구","원서동","중국집","5"
"20180125","목","남","60대이상","서울특별시","종로구","교남동","중국집","5"
"20180125","목","여","40대","서울특별시","종로구","동숭동","중국집","5"
"20180125","목","여","40대","서울특별시","종로구","신문로2가","중국집","5"
"20180125","목","여","40대","서울특별시","종로구","종로6가","중국집","5"
"20180125","목","남","20대","서울특별시","종로구","신문로2가","중국집","5"
"20180125","목","여","20대","서울특별시","종로구","동숭동","중국집","5"
"20180125","목","여","40대","서울특별시","종로구","창성동","중국집","5"
"20180125","목","남","60대이상","서울특별시","종로구","낙원동","중국집","5"
"20180125","목","여","40대","서울특별시","종로구","평창동","중국집","5"
"20180125","목","여","50대","서울특별시","종로구","종로3가","중국집","5"
"20180125","목","여","60대이상","서울특별시","종로구","교남동","중국집","5"
"20180125","목","남","40대","서울특별시","종로구","명륜3가","중국집","5"
"20180125","목","여","60대이상","서울특별시","종로구","숭인동","중국집","5"
"20180125","목","남","40대","서울특별시","종로구","평창동","중국집","5"
"20180125","목","여","60대이상","서울특별시","종로구","원서동","중국집","5"
"20180125","목","남","10대","서울특별시","종로구","평창동","중국집","5"
"20180125","목","여","20대","서울특별시","종로구","원서동","중국집","5"
"20180125","목","여","30대","서울특별시","종로구","교남동","중국집","5"
"20180125","목","여","60대이상","서울특별시","종로구","창성동","중국집","5"
"20180125","목","남","60대이상","서울특별시","종로구","창신동","중국집","5"
"20180125","목","여","60대이상","서울특별시","종로구","청진동","중국집","5"
"20180125","목","남","30대","서울특별시","종로구","신문로2가","중국집","5"
"20180125","목","남","40대","서울특별시","종로구","명륜1가","중국집","5"
"20180125","목","남","20대","서울특별시","중구","수하동","중국집","36"
"20180125","목","남","20대","서울특별시","중구","신당동","중국집","71"
"20180125","목","남","20대","서울특별시","중구","을지로3가","중국집","5"
"20180125","목","남","20대","서울특별시","중구","을지로6가","중국집","5"
"20180125","목","남","20대","서울특별시","중구","충무로1가","중국집","5"
"20180125","목","남","20대","서울특별시","중구","필동2가","중국집","5"
"20180125","목","남","30대","서울특별시","중구","신당동","중국집","72"
"20180125","목","남","30대","서울특별시","중구","을지로3가","중국집","5"
"20180125","목","남","30대","서울특별시","중구","을지로6가","중국집","5"
"20180125","목","남","30대","서울특별시","중구","필동2가","중국집","5"
"20180125","목","남","40대","서울특별시","중구","무교동","중국집","5"
"20180125","목","남","40대","서울특별시","중구","을지로4가","중국집","5"
"20180125","목","남","30대","서울특별시","중구","수하동","중국집","112"
"20180125","목","남","40대","서울특별시","중구","충무로1가","중국집","5"
"20180125","목","남","40대","서울특별시","중구","회현동1가","중국집","5"
"20180125","목","남","50대","서울특별시","중구","수하동","중국집","79"
"20180125","목","남","50대","서울특별시","중구","장충동2가","중국집","5"
"20180125","목","남","10대","서울특별시","중구","신당동","중국집","7"
"20180125","목","남","50대","서울특별시","중구","주교동","중국집","5"
"20180125","목","남","60대이상","서울특별시","중구","수하동","중국집","26"
"20180125","목","남","50대","서울특별시","중구","을지로3가","중국집","5"
"20180125","목","남","30대","서울특별시","중구","명동1가","중국집","5"
"20180125","목","남","50대","서울특별시","중구","신당동","중국집","54"
"20180125","목","남","60대이상","서울특별시","중구","신당동","중국집","46"
"20180125","목","남","60대이상","서울특별시","중구","을지로6가","중국집","5"
"20180125","목","남","60대이상","서울특별시","중구","주교동","중국집","5"
"20180125","목","여","10대","서울특별시","중구","신당동","중국집","5"
"20180125","목","여","20대","서울특별시","중구","을지로6가","중국집","5"
"20180125","목","남","40대","서울특별시","중구","수하동","중국집","84"
"20180125","목","여","20대","서울특별시","중구","정동","중국집","5"
"20180125","목","여","20대","서울특별시","중구","충무로1가","중국집","5"
"20180125","목","남","40대","서울특별시","중구","신당동","중국집","66"
"20180125","목","여","30대","서울특별시","중구","수하동","중국집","39"
"20180125","목","남","10대","서울특별시","중구","수하동","중국집","7"
"20180125","목","남","30대","서울특별시","중구","무교동","중국집","5"
"20180125","목","여","30대","서울특별시","중구","을지로3가","중국집","5"
"20180125","목","남","40대","서울특별시","중구","필동2가","중국집","5"
"20180125","목","여","30대","서울특별시","중구","명동1가","중국집","5"
"20180125","목","여","30대","서울특별시","중구","을지로6가","중국집","5"
"20180125","목","남","60대이상","서울특별시","중구","충무로1가","중국집","5"
"20180125","목","여","30대","서울특별시","중구","장충동2가","중국집","5"
"20180125","목","여","20대","서울특별시","중구","을지로3가","중국집","5"
"20180125","목","여","30대","서울특별시","중구","정동","중국집","5"
"20180125","목","여","20대","서울특별시","중구","신당동","중국집","32"
"20180125","목","여","30대","서울특별시","중구","충무로1가","중국집","5"
"20180125","목","남","30대","서울특별시","중구","충무로1가","중국집","5"
"20180125","목","여","30대","서울특별시","중구","회현동1가","중국집","5"
"20180125","목","여","40대","서울특별시","중구","수하동","중국집","39"
"20180125","목","여","40대","서울특별시","중구","신당동","중국집","71"
"20180125","목","여","40대","서울특별시","중구","을지로6가","중국집","5"
"20180125","목","여","20대","서울특별시","중구","무교동","중국집","5"
"20180125","목","여","40대","서울특별시","중구","필동2가","중국집","5"
"20180125","목","여","20대","서울특별시","중구","수하동","중국집","26"
"20180125","목","여","40대","서울특별시","중구","회현동1가","중국집","5"
"20180125","목","여","10대","서울특별시","중구","수하동","중국집","6"
"20180125","목","남","30대","서울특별시","중구","회현동1가","중국집","5"
"20180125","목","여","50대","서울특별시","중구","수표동","중국집","5"
"20180125","목","여","50대","서울특별시","중구","수하동","중국집","19"
"20180125","목","여","50대","서울특별시","중구","신당동","중국집","69"
"20180125","목","여","50대","서울특별시","중구","을지로3가","중국집","5"
"20180125","목","여","50대","서울특별시","중구","을지로6가","중국집","5"
"20180125","목","여","30대","서울특별시","중구","신당동","중국집","67"
"20180125","목","여","60대이상","서울특별시","중구","수하동","중국집","17"
"20180125","목","여","60대이상","서울특별시","중구","을지로3가","중국집","5"
"20180125","목","여","60대이상","서울특별시","중구","신당동","중국집","34"
"20180125","목","여","60대이상","서울특별시","중구","충무로1가","중국집","5"
"20180125","목","여","50대","서울특별시","중구","을지로1가","중국집","5"
"20180125","목","남","10대","서울특별시","중랑구","망우동","중국집","5"
"20180125","목","남","10대","서울특별시","중랑구","면목동","중국집","12"
"20180125","목","남","10대","서울특별시","중랑구","묵동","중국집","5"
"20180125","목","남","10대","서울특별시","중랑구","신내동","중국집","5"
"20180125","목","남","20대","서울특별시","중랑구","면목동","중국집","21"
"20180125","목","남","30대","서울특별시","중랑구","면목동","중국집","52"
"20180125","목","남","30대","서울특별시","중랑구","묵동","중국집","5"
"20180125","목","남","20대","서울특별시","중랑구","상봉동","중국집","5"
"20180125","목","남","40대","서울특별시","중랑구","망우동","중국집","5"
"20180125","목","남","20대","서울특별시","중랑구","신내동","중국집","5"
"20180125","목","남","40대","서울특별시","중랑구","묵동","중국집","5"
"20180125","목","남","40대","서울특별시","중랑구","신내동","중국집","5"
"20180125","목","남","50대","서울특별시","중랑구","망우동","중국집","5"
"20180125","목","남","50대","서울특별시","중랑구","묵동","중국집","5"
"20180125","목","남","50대","서울특별시","중랑구","상봉동","중국집","5"
"20180125","목","남","60대이상","서울특별시","중랑구","망우동","중국집","5"
"20180125","목","남","60대이상","서울특별시","중랑구","신내동","중국집","5"
"20180125","목","남","40대","서울특별시","중랑구","중화동","중국집","5"
"20180125","목","여","10대","서울특별시","중랑구","망우동","중국집","5"
"20180125","목","여","10대","서울특별시","중랑구","신내동","중국집","5"
"20180125","목","남","30대","서울특별시","중랑구","망우동","중국집","5"
"20180125","목","남","60대이상","서울특별시","중랑구","면목동","중국집","37"
"20180125","목","여","20대","서울특별시","중랑구","면목동","중국집","22"
"20180125","목","여","20대","서울특별시","중랑구","신내동","중국집","5"
"20180125","목","여","30대","서울특별시","중랑구","망우동","중국집","7"
"20180125","목","여","30대","서울특별시","중랑구","면목동","중국집","48"
"20180125","목","남","30대","서울특별시","중랑구","상봉동","중국집","5"
"20180125","목","여","30대","서울특별시","중랑구","묵동","중국집","5"
"20180125","목","여","30대","서울특별시","중랑구","신내동","중국집","5"
"20180125","목","여","30대","서울특별시","중랑구","중화동","중국집","5"
"20180125","목","여","40대","서울특별시","중랑구","망우동","중국집","6"
"20180125","목","남","50대","서울특별시","중랑구","면목동","중국집","41"
"20180125","목","여","40대","서울특별시","중랑구","면목동","중국집","68"
"20180125","목","여","40대","서울특별시","중랑구","묵동","중국집","5"
"20180125","목","여","40대","서울특별시","중랑구","중화동","중국집","5"
"20180125","목","여","50대","서울특별시","중랑구","망우동","중국집","5"
"20180125","목","여","20대","서울특별시","중랑구","망우동","중국집","5"
"20180125","목","여","50대","서울특별시","중랑구","면목동","중국집","45"
"20180125","목","여","20대","서울특별시","중랑구","묵동","중국집","5"
"20180125","목","여","50대","서울특별시","중랑구","묵동","중국집","5"
"20180125","목","여","40대","서울특별시","중랑구","신내동","중국집","7"
"20180125","목","남","40대","서울특별시","중랑구","면목동","중국집","66"
"20180125","목","여","50대","서울특별시","중랑구","신내동","중국집","5"
"20180125","목","여","60대이상","서울특별시","중랑구","망우동","중국집","6"
"20180125","목","여","60대이상","서울특별시","중랑구","면목동","중국집","23"
"20180125","목","여","60대이상","서울특별시","중랑구","묵동","중국집","5"
"20180125","목","여","60대이상","서울특별시","중랑구","신내동","중국집","5"
"20180125","목","여","10대","서울특별시","중랑구","면목동","중국집","5"
"20180126","금","남","10대","서울특별시","강남구","삼성동","중국집","10"
"20180126","금","남","10대","서울특별시","강남구","세곡동","중국집","5"
"20180126","금","남","20대","서울특별시","강남구","압구정동","중국집","5"
"20180126","금","남","30대","서울특별시","강남구","논현동","중국집","70"
"20180126","금","남","30대","서울특별시","강남구","세곡동","중국집","7"
"20180126","금","남","30대","서울특별시","강남구","역삼동","중국집","94"
"20180126","금","남","20대","서울특별시","강남구","수서동","중국집","6"
"20180126","금","남","40대","서울특별시","강남구","도곡동","중국집","5"
"20180126","금","남","40대","서울특별시","강남구","삼성동","중국집","96"
"20180126","금","남","40대","서울특별시","강남구","세곡동","중국집","5"
"20180126","금","남","40대","서울특별시","강남구","수서동","중국집","5"
"20180126","금","남","50대","서울특별시","강남구","도곡동","중국집","5"
"20180126","금","남","20대","서울특별시","강남구","도곡동","중국집","5"
"20180126","금","남","50대","서울특별시","강남구","삼성동","중국집","57"
"20180126","금","남","50대","서울특별시","강남구","세곡동","중국집","5"
"20180126","금","남","50대","서울특별시","강남구","역삼동","중국집","55"
"20180126","금","남","50대","서울특별시","강남구","개포동","중국집","5"
"20180126","금","남","60대이상","서울특별시","강남구","논현동","중국집","24"
"20180126","금","남","50대","서울특별시","강남구","논현동","중국집","37"
"20180126","금","남","60대이상","서울특별시","강남구","대치동","중국집","5"
"20180126","금","남","10대","서울특별시","강남구","논현동","중국집","5"
"20180126","금","남","40대","서울특별시","강남구","논현동","중국집","64"
"20180126","금","남","60대이상","서울특별시","강남구","세곡동","중국집","5"
"20180126","금","남","60대이상","서울특별시","강남구","수서동","중국집","5"
"20180126","금","남","60대이상","서울특별시","강남구","압구정동","중국집","5"
"20180126","금","남","50대","서울특별시","강남구","압구정동","중국집","5"
"20180126","금","여","10대","서울특별시","강남구","도곡동","중국집","5"
"20180126","금","여","10대","서울특별시","강남구","압구정동","중국집","5"
"20180126","금","남","30대","서울특별시","강남구","대치동","중국집","5"
"20180126","금","남","20대","서울특별시","강남구","세곡동","중국집","5"
"20180126","금","여","20대","서울특별시","강남구","논현동","중국집","49"
"20180126","금","남","20대","서울특별시","강남구","개포동","중국집","5"
"20180126","금","여","20대","서울특별시","강남구","도곡동","중국집","5"
"20180126","금","여","20대","서울특별시","강남구","삼성동","중국집","37"
"20180126","금","남","20대","서울특별시","강남구","역삼동","중국집","53"
"20180126","금","여","20대","서울특별시","강남구","압구정동","중국집","5"
"20180126","금","여","20대","서울특별시","강남구","세곡동","중국집","5"
"20180126","금","남","50대","서울특별시","강남구","수서동","중국집","5"
"20180126","금","여","20대","서울특별시","강남구","역삼동","중국집","41"
"20180126","금","남","60대이상","서울특별시","강남구","도곡동","중국집","5"
"20180126","금","여","20대","서울특별시","강남구","일원동","중국집","5"
"20180126","금","여","20대","서울특별시","강남구","개포동","중국집","5"
"20180126","금","여","10대","서울특별시","강남구","역삼동","중국집","5"
"20180126","금","여","30대","서울특별시","강남구","개포동","중국집","5"
"20180126","금","남","40대","서울특별시","강남구","역삼동","중국집","85"
"20180126","금","여","30대","서울특별시","강남구","논현동","중국집","53"
"20180126","금","여","30대","서울특별시","강남구","대치동","중국집","5"
"20180126","금","남","10대","서울특별시","강남구","도곡동","중국집","5"
"20180126","금","여","30대","서울특별시","강남구","도곡동","중국집","5"
"20180126","금","여","30대","서울특별시","강남구","삼성동","중국집","107"
"20180126","금","여","30대","서울특별시","강남구","압구정동","중국집","5"
"20180126","금","남","30대","서울특별시","강남구","도곡동","중국집","5"
"20180126","금","여","20대","서울특별시","강남구","대치동","중국집","5"
"20180126","금","남","60대이상","서울특별시","강남구","삼성동","중국집","32"
"20180126","금","여","30대","서울특별시","강남구","역삼동","중국집","89"
"20180126","금","남","20대","서울특별시","강남구","삼성동","중국집","57"
"20180126","금","여","30대","서울특별시","강남구","일원동","중국집","5"
"20180126","금","여","40대","서울특별시","강남구","개포동","중국집","5"
"20180126","금","여","40대","서울특별시","강남구","논현동","중국집","42"
"20180126","금","남","30대","서울특별시","강남구","수서동","중국집","7"
"20180126","금","여","40대","서울특별시","강남구","도곡동","중국집","6"
"20180126","금","여","40대","서울특별시","강남구","삼성동","중국집","137"
"20180126","금","여","40대","서울특별시","강남구","세곡동","중국집","8"
"20180126","금","남","30대","서울특별시","강남구","개포동","중국집","5"
"20180126","금","여","40대","서울특별시","강남구","수서동","중국집","5"
"20180126","금","여","40대","서울특별시","강남구","압구정동","중국집","5"
"20180126","금","여","40대","서울특별시","강남구","역삼동","중국집","87"
"20180126","금","여","30대","서울특별시","강남구","세곡동","중국집","11"
"20180126","금","여","40대","서울특별시","강남구","청담동","중국집","5"
"20180126","금","여","50대","서울특별시","강남구","개포동","중국집","5"
"20180126","금","여","50대","서울특별시","강남구","논현동","중국집","23"
"20180126","금","남","40대","서울특별시","강남구","일원동","중국집","5"
"20180126","금","여","50대","서울특별시","강남구","도곡동","중국집","5"
"20180126","금","여","50대","서울특별시","강남구","삼성동","중국집","57"
"20180126","금","여","40대","서울특별시","강남구","대치동","중국집","5"
"20180126","금","여","50대","서울특별시","강남구","세곡동","중국집","5"
"20180126","금","여","50대","서울특별시","강남구","역삼동","중국집","31"
"20180126","금","남","30대","서울특별시","강남구","삼성동","중국집","125"
"20180126","금","여","40대","서울특별시","강남구","일원동","중국집","5"
"20180126","금","여","60대이상","서울특별시","강남구","논현동","중국집","19"
"20180126","금","여","60대이상","서울특별시","강남구","도곡동","중국집","5"
"20180126","금","남","10대","서울특별시","강남구","역삼동","중국집","13"
"20180126","금","남","20대","서울특별시","강남구","논현동","중국집","39"
"20180126","금","여","60대이상","서울특별시","강남구","삼성동","중국집","38"
"20180126","금","여","30대","서울특별시","강남구","수서동","중국집","5"
"20180126","금","여","60대이상","서울특별시","강남구","수서동","중국집","5"
"20180126","금","여","10대","서울특별시","강남구","논현동","중국집","5"
"20180126","금","남","60대이상","서울특별시","강남구","역삼동","중국집","24"
"20180126","금","남","10대","서울특별시","강남구","일원동","중국집","5"
"20180126","금","여","60대이상","서울특별시","강남구","역삼동","중국집","36"
"20180126","금","남","10대","서울특별시","강동구","상일동","중국집","5"
"20180126","금","남","10대","서울특별시","강동구","성내동","중국집","5"
"20180126","금","남","20대","서울특별시","강동구","길동","중국집","52"
"20180126","금","남","20대","서울특별시","강동구","상일동","중국집","5"
"20180126","금","남","20대","서울특별시","강동구","성내동","중국집","5"
"20180126","금","남","30대","서울특별시","강동구","길동","중국집","71"
"20180126","금","남","10대","서울특별시","강동구","길동","중국집","9"
"20180126","금","남","30대","서울특별시","강동구","둔촌동","중국집","5"
"20180126","금","남","30대","서울특별시","강동구","암사동","중국집","5"
"20180126","금","남","40대","서울특별시","강동구","길동","중국집","85"
"20180126","금","남","40대","서울특별시","강동구","암사동","중국집","5"
"20180126","금","남","40대","서울특별시","강동구","천호동","중국집","5"
"20180126","금","남","50대","서울특별시","강동구","성내동","중국집","5"
"20180126","금","남","50대","서울특별시","강동구","천호동","중국집","5"
"20180126","금","남","60대이상","서울특별시","강동구","길동","중국집","40"
"20180126","금","남","60대이상","서울특별시","강동구","둔촌동","중국집","5"
"20180126","금","남","60대이상","서울특별시","강동구","명일동","중국집","5"
"20180126","금","남","60대이상","서울특별시","강동구","암사동","중국집","5"
"20180126","금","남","60대이상","서울특별시","강동구","천호동","중국집","5"
"20180126","금","남","20대","서울특별시","강동구","명일동","중국집","5"
"20180126","금","여","10대","서울특별시","강동구","길동","중국집","8"
"20180126","금","여","10대","서울특별시","강동구","명일동","중국집","5"
"20180126","금","여","10대","서울특별시","강동구","성내동","중국집","5"
"20180126","금","여","20대","서울특별시","강동구","길동","중국집","30"
"20180126","금","여","20대","서울특별시","강동구","명일동","중국집","5"
"20180126","금","여","20대","서울특별시","강동구","상일동","중국집","5"
"20180126","금","여","20대","서울특별시","강동구","성내동","중국집","8"
"20180126","금","남","40대","서울특별시","강동구","명일동","중국집","5"
"20180126","금","남","50대","서울특별시","강동구","명일동","중국집","5"
"20180126","금","여","20대","서울특별시","강동구","천호동","중국집","5"
"20180126","금","여","30대","서울특별시","강동구","길동","중국집","80"
"20180126","금","남","60대이상","서울특별시","강동구","성내동","중국집","5"
"20180126","금","남","40대","서울특별시","강동구","상일동","중국집","5"
"20180126","금","여","30대","서울특별시","강동구","명일동","중국집","6"
"20180126","금","여","30대","서울특별시","강동구","성내동","중국집","13"
"20180126","금","남","30대","서울특별시","강동구","상일동","중국집","5"
"20180126","금","남","50대","서울특별시","강동구","길동","중국집","63"
"20180126","금","남","30대","서울특별시","강동구","성내동","중국집","15"
"20180126","금","여","40대","서울특별시","강동구","길동","중국집","73"
"20180126","금","남","20대","서울특별시","강동구","암사동","중국집","5"
"20180126","금","여","40대","서울특별시","강동구","명일동","중국집","7"
"20180126","금","여","40대","서울특별시","강동구","성내동","중국집","5"
"20180126","금","여","40대","서울특별시","강동구","암사동","중국집","5"
"20180126","금","여","40대","서울특별시","강동구","천호동","중국집","5"
"20180126","금","여","50대","서울특별시","강동구","길동","중국집","73"
"20180126","금","여","30대","서울특별시","강동구","천호동","중국집","5"
"20180126","금","여","50대","서울특별시","강동구","상일동","중국집","5"
"20180126","금","남","40대","서울특별시","강동구","성내동","중국집","5"
"20180126","금","여","30대","서울특별시","강동구","암사동","중국집","5"
"20180126","금","여","50대","서울특별시","강동구","성내동","중국집","6"
"20180126","금","여","50대","서울특별시","강동구","천호동","중국집","5"
"20180126","금","여","60대이상","서울특별시","강동구","길동","중국집","35"
"20180126","금","여","60대이상","서울특별시","강동구","성내동","중국집","8"
"20180126","금","여","60대이상","서울특별시","강동구","암사동","중국집","5"
"20180126","금","여","60대이상","서울특별시","강동구","천호동","중국집","5"
"20180126","금","남","10대","서울특별시","강북구","미아동","중국집","17"
"20180126","금","남","10대","서울특별시","강북구","번동","중국집","5"
"20180126","금","남","20대","서울특별시","강북구","미아동","중국집","41"
"20180126","금","남","30대","서울특별시","강북구","미아동","중국집","82"
"20180126","금","남","30대","서울특별시","강북구","번동","중국집","17"
"20180126","금","남","30대","서울특별시","강북구","우이동","중국집","5"
"20180126","금","남","40대","서울특별시","강북구","미아동","중국집","79"
"20180126","금","남","40대","서울특별시","강북구","번동","중국집","12"
"20180126","금","남","50대","서울특별시","강북구","미아동","중국집","78"
"20180126","금","남","50대","서울특별시","강북구","번동","중국집","12"
"20180126","금","남","50대","서울특별시","강북구","수유동","중국집","5"
"20180126","금","남","60대이상","서울특별시","강북구","미아동","중국집","38"
"20180126","금","남","60대이상","서울특별시","강북구","번동","중국집","9"
"20180126","금","여","10대","서울특별시","강북구","번동","중국집","5"
"20180126","금","남","20대","서울특별시","강북구","번동","중국집","11"
"20180126","금","여","20대","서울특별시","강북구","미아동","중국집","28"
"20180126","금","여","20대","서울특별시","강북구","번동","중국집","6"
"20180126","금","여","10대","서울특별시","강북구","미아동","중국집","5"
"20180126","금","여","30대","서울특별시","강북구","미아동","중국집","60"
"20180126","금","여","30대","서울특별시","강북구","번동","중국집","29"
"20180126","금","여","40대","서울특별시","강북구","우이동","중국집","5"
"20180126","금","여","50대","서울특별시","강북구","미아동","중국집","73"
"20180126","금","여","50대","서울특별시","강북구","번동","중국집","10"
"20180126","금","여","50대","서울특별시","강북구","우이동","중국집","5"
"20180126","금","여","40대","서울특별시","강북구","번동","중국집","26"
"20180126","금","남","20대","서울특별시","강북구","우이동","중국집","5"
"20180126","금","여","40대","서울특별시","강북구","미아동","중국집","108"
"20180126","금","여","60대이상","서울특별시","강북구","미아동","중국집","42"
"20180126","금","여","60대이상","서울특별시","강북구","번동","중국집","6"
"20180126","금","여","60대이상","서울특별시","강북구","우이동","중국집","5"
"20180126","금","남","40대","서울특별시","강북구","우이동","중국집","5"
"20180126","금","남","10대","서울특별시","강서구","가양동","중국집","5"
"20180126","금","남","20대","서울특별시","강서구","가양동","중국집","12"
"20180126","금","남","20대","서울특별시","강서구","마곡동","중국집","5"
"20180126","금","남","20대","서울특별시","강서구","외발산동","중국집","6"
"20180126","금","남","20대","서울특별시","강서구","화곡동","중국집","25"
"20180126","금","남","20대","서울특별시","강서구","내발산동","중국집","30"
"20180126","금","남","30대","서울특별시","강서구","가양동","중국집","33"
"20180126","금","남","30대","서울특별시","강서구","내발산동","중국집","49"
"20180126","금","남","30대","서울특별시","강서구","화곡동","중국집","57"
"20180126","금","남","40대","서울특별시","강서구","가양동","중국집","45"
"20180126","금","남","20대","서울특별시","강서구","등촌동","중국집","17"
"20180126","금","남","30대","서울특별시","강서구","등촌동","중국집","16"
"20180126","금","남","40대","서울특별시","강서구","내발산동","중국집","81"
"20180126","금","남","30대","서울특별시","강서구","마곡동","중국집","5"
"20180126","금","남","40대","서울특별시","강서구","마곡동","중국집","6"
"20180126","금","남","50대","서울특별시","강서구","가양동","중국집","17"
"20180126","금","남","50대","서울특별시","강서구","방화동","중국집","5"
"20180126","금","남","50대","서울특별시","강서구","외발산동","중국집","5"
"20180126","금","남","50대","서울특별시","강서구","화곡동","중국집","34"
"20180126","금","남","60대이상","서울특별시","강서구","내발산동","중국집","29"
"20180126","금","남","60대이상","서울특별시","강서구","등촌동","중국집","5"
"20180126","금","남","60대이상","서울특별시","강서구","방화동","중국집","5"
"20180126","금","남","60대이상","서울특별시","강서구","화곡동","중국집","23"
"20180126","금","여","10대","서울특별시","강서구","등촌동","중국집","5"
"20180126","금","여","10대","서울특별시","강서구","화곡동","중국집","5"
"20180126","금","남","40대","서울특별시","강서구","외발산동","중국집","5"
"20180126","금","남","10대","서울특별시","강서구","등촌동","중국집","5"
"20180126","금","여","20대","서울특별시","강서구","가양동","중국집","10"
"20180126","금","여","20대","서울특별시","강서구","내발산동","중국집","13"
"20180126","금","여","20대","서울특별시","강서구","등촌동","중국집","10"
"20180126","금","남","40대","서울특별시","강서구","화곡동","중국집","58"
"20180126","금","여","20대","서울특별시","강서구","마곡동","중국집","5"
"20180126","금","여","20대","서울특별시","강서구","외발산동","중국집","5"
"20180126","금","여","20대","서울특별시","강서구","화곡동","중국집","12"
"20180126","금","여","30대","서울특별시","강서구","가양동","중국집","23"
"20180126","금","여","30대","서울특별시","강서구","내발산동","중국집","53"
"20180126","금","여","30대","서울특별시","강서구","등촌동","중국집","21"
"20180126","금","남","60대이상","서울특별시","강서구","가양동","중국집","15"
"20180126","금","여","30대","서울특별시","강서구","방화동","중국집","5"
"20180126","금","남","10대","서울특별시","강서구","방화동","중국집","5"
"20180126","금","남","40대","서울특별시","강서구","방화동","중국집","5"
"20180126","금","남","30대","서울특별시","강서구","방화동","중국집","5"
"20180126","금","여","30대","서울특별시","강서구","화곡동","중국집","64"
"20180126","금","여","40대","서울특별시","강서구","가양동","중국집","42"
"20180126","금","여","40대","서울특별시","강서구","등촌동","중국집","37"
"20180126","금","여","40대","서울특별시","강서구","마곡동","중국집","5"
"20180126","금","여","40대","서울특별시","강서구","방화동","중국집","5"
"20180126","금","남","10대","서울특별시","강서구","화곡동","중국집","6"
"20180126","금","여","40대","서울특별시","강서구","외발산동","중국집","5"
"20180126","금","남","50대","서울특별시","강서구","내발산동","중국집","46"
"20180126","금","여","30대","서울특별시","강서구","마곡동","중국집","5"
"20180126","금","여","40대","서울특별시","강서구","화곡동","중국집","94"
"20180126","금","여","50대","서울특별시","강서구","내발산동","중국집","43"
"20180126","금","여","40대","서울특별시","강서구","내발산동","중국집","66"
"20180126","금","여","50대","서울특별시","강서구","등촌동","중국집","16"
"20180126","금","여","10대","서울특별시","강서구","내발산동","중국집","6"
"20180126","금","남","50대","서울특별시","강서구","등촌동","중국집","22"
"20180126","금","여","50대","서울특별시","강서구","방화동","중국집","5"
"20180126","금","남","10대","서울특별시","강서구","내발산동","중국집","13"
"20180126","금","여","50대","서울특별시","강서구","가양동","중국집","22"
"20180126","금","여","50대","서울특별시","강서구","화곡동","중국집","53"
"20180126","금","남","30대","서울특별시","강서구","외발산동","중국집","5"
"20180126","금","여","60대이상","서울특별시","강서구","가양동","중국집","13"
"20180126","금","여","60대이상","서울특별시","강서구","내발산동","중국집","21"
"20180126","금","여","60대이상","서울특별시","강서구","등촌동","중국집","10"
"20180126","금","여","60대이상","서울특별시","강서구","마곡동","중국집","5"
"20180126","금","여","60대이상","서울특별시","강서구","방화동","중국집","5"
"20180126","금","여","10대","서울특별시","강서구","가양동","중국집","5"
"20180126","금","남","40대","서울특별시","강서구","등촌동","중국집","23"
"20180126","금","여","60대이상","서울특별시","강서구","화곡동","중국집","37"
"20180126","금","남","10대","서울특별시","관악구","봉천동","중국집","5"
"20180126","금","남","20대","서울특별시","관악구","봉천동","중국집","5"
"20180126","금","남","30대","서울특별시","관악구","봉천동","중국집","13"
"20180126","금","남","30대","서울특별시","관악구","신림동","중국집","15"
"20180126","금","남","40대","서울특별시","관악구","봉천동","중국집","7"
"20180126","금","남","40대","서울특별시","관악구","신림동","중국집","13"
"20180126","금","남","20대","서울특별시","관악구","신림동","중국집","23"
"20180126","금","남","50대","서울특별시","관악구","봉천동","중국집","6"
"20180126","금","남","50대","서울특별시","관악구","신림동","중국집","5"
"20180126","금","남","60대이상","서울특별시","관악구","봉천동","중국집","5"
"20180126","금","여","10대","서울특별시","관악구","신림동","중국집","5"
"20180126","금","여","20대","서울특별시","관악구","봉천동","중국집","7"
"20180126","금","여","20대","서울특별시","관악구","신림동","중국집","7"
"20180126","금","여","30대","서울특별시","관악구","봉천동","중국집","8"
"20180126","금","여","30대","서울특별시","관악구","신림동","중국집","5"
"20180126","금","여","40대","서울특별시","관악구","봉천동","중국집","9"
"20180126","금","여","40대","서울특별시","관악구","신림동","중국집","5"
"20180126","금","여","50대","서울특별시","관악구","봉천동","중국집","5"
"20180126","금","여","50대","서울특별시","관악구","신림동","중국집","8"
"20180126","금","여","60대이상","서울특별시","관악구","봉천동","중국집","5"
"20180126","금","여","60대이상","서울특별시","관악구","신림동","중국집","5"
"20180126","금","남","10대","서울특별시","광진구","능동","중국집","5"
"20180126","금","남","20대","서울특별시","광진구","자양동","중국집","8"
"20180126","금","남","20대","서울특별시","광진구","화양동","중국집","5"
"20180126","금","남","30대","서울특별시","광진구","광장동","중국집","5"
"20180126","금","남","30대","서울특별시","광진구","능동","중국집","5"
"20180126","금","남","30대","서울특별시","광진구","자양동","중국집","6"
"20180126","금","남","30대","서울특별시","광진구","중곡동","중국집","5"
"20180126","금","남","30대","서울특별시","광진구","화양동","중국집","5"
"20180126","금","남","40대","서울특별시","광진구","광장동","중국집","5"
"20180126","금","남","40대","서울특별시","광진구","능동","중국집","5"
"20180126","금","남","40대","서울특별시","광진구","자양동","중국집","5"
"20180126","금","남","40대","서울특별시","광진구","중곡동","중국집","5"
"20180126","금","남","50대","서울특별시","광진구","광장동","중국집","5"
"20180126","금","남","50대","서울특별시","광진구","자양동","중국집","5"
"20180126","금","남","50대","서울특별시","광진구","화양동","중국집","5"
"20180126","금","남","60대이상","서울특별시","광진구","능동","중국집","5"
"20180126","금","남","60대이상","서울특별시","광진구","자양동","중국집","6"
"20180126","금","여","10대","서울특별시","광진구","자양동","중국집","5"
"20180126","금","남","10대","서울특별시","광진구","자양동","중국집","5"
"20180126","금","여","10대","서울특별시","광진구","화양동","중국집","5"
"20180126","금","남","20대","서울특별시","광진구","능동","중국집","5"
"20180126","금","여","20대","서울특별시","광진구","광장동","중국집","5"
"20180126","금","여","20대","서울특별시","광진구","중곡동","중국집","5"
"20180126","금","여","30대","서울특별시","광진구","광장동","중국집","5"
"20180126","금","여","10대","서울특별시","광진구","능동","중국집","5"
"20180126","금","여","30대","서울특별시","광진구","자양동","중국집","7"
"20180126","금","여","30대","서울특별시","광진구","화양동","중국집","5"
"20180126","금","여","40대","서울특별시","광진구","광장동","중국집","5"
"20180126","금","여","40대","서울특별시","광진구","능동","중국집","5"
"20180126","금","여","40대","서울특별시","광진구","자양동","중국집","6"
"20180126","금","여","40대","서울특별시","광진구","중곡동","중국집","5"
"20180126","금","여","40대","서울특별시","광진구","화양동","중국집","5"
"20180126","금","여","20대","서울특별시","광진구","자양동","중국집","5"
"20180126","금","여","50대","서울특별시","광진구","광장동","중국집","5"
"20180126","금","여","30대","서울특별시","광진구","중곡동","중국집","5"
"20180126","금","여","30대","서울특별시","광진구","능동","중국집","5"
"20180126","금","남","40대","서울특별시","광진구","화양동","중국집","5"
"20180126","금","여","50대","서울특별시","광진구","능동","중국집","5"
"20180126","금","여","50대","서울특별시","광진구","자양동","중국집","5"
"20180126","금","남","10대","서울특별시","광진구","중곡동","중국집","5"
"20180126","금","여","60대이상","서울특별시","광진구","자양동","중국집","5"
"20180126","금","남","10대","서울특별시","구로구","구로동","중국집","5"
"20180126","금","남","20대","서울특별시","구로구","개봉동","중국집","24"
"20180126","금","남","20대","서울특별시","구로구","구로동","중국집","5"
"20180126","금","남","20대","서울특별시","구로구","궁동","중국집","5"
"20180126","금","남","20대","서울특별시","구로구","신도림동","중국집","5"
"20180126","금","남","30대","서울특별시","구로구","개봉동","중국집","30"
"20180126","금","남","30대","서울특별시","구로구","구로동","중국집","5"
"20180126","금","남","40대","서울특별시","구로구","개봉동","중국집","37"
"20180126","금","남","40대","서울특별시","구로구","구로동","중국집","5"
"20180126","금","남","40대","서울특별시","구로구","궁동","중국집","5"
"20180126","금","남","50대","서울특별시","구로구","구로동","중국집","5"
"20180126","금","남","50대","서울특별시","구로구","궁동","중국집","5"
"20180126","금","남","60대이상","서울특별시","구로구","개봉동","중국집","24"
"20180126","금","남","60대이상","서울특별시","구로구","구로동","중국집","5"
"20180126","금","여","10대","서울특별시","구로구","개봉동","중국집","10"
"20180126","금","여","10대","서울특별시","구로구","구로동","중국집","5"
"20180126","금","여","10대","서울특별시","구로구","궁동","중국집","5"
"20180126","금","남","10대","서울특별시","구로구","개봉동","중국집","7"
"20180126","금","여","20대","서울특별시","구로구","개봉동","중국집","7"
"20180126","금","여","20대","서울특별시","구로구","구로동","중국집","5"
"20180126","금","여","30대","서울특별시","구로구","구로동","중국집","5"
"20180126","금","남","50대","서울특별시","구로구","개봉동","중국집","25"
"20180126","금","여","30대","서울특별시","구로구","궁동","중국집","5"
"20180126","금","여","40대","서울특별시","구로구","개봉동","중국집","62"
"20180126","금","여","40대","서울특별시","구로구","구로동","중국집","5"
"20180126","금","여","40대","서울특별시","구로구","신도림동","중국집","5"
"20180126","금","여","50대","서울특별시","구로구","개봉동","중국집","25"
"20180126","금","여","30대","서울특별시","구로구","개봉동","중국집","29"
"20180126","금","여","50대","서울특별시","구로구","구로동","중국집","5"
"20180126","금","여","50대","서울특별시","구로구","신도림동","중국집","5"
"20180126","금","여","60대이상","서울특별시","구로구","개봉동","중국집","17"
"20180126","금","여","40대","서울특별시","구로구","궁동","중국집","6"
"20180126","금","여","60대이상","서울특별시","구로구","구로동","중국집","5"
"20180126","금","남","10대","서울특별시","금천구","가산동","중국집","5"
"20180126","금","남","10대","서울특별시","금천구","시흥동","중국집","5"
"20180126","금","남","20대","서울특별시","금천구","가산동","중국집","17"
"20180126","금","남","20대","서울특별시","금천구","시흥동","중국집","5"
"20180126","금","남","30대","서울특별시","금천구","가산동","중국집","28"
"20180126","금","남","30대","서울특별시","금천구","독산동","중국집","5"
"20180126","금","남","30대","서울특별시","금천구","시흥동","중국집","5"
"20180126","금","남","40대","서울특별시","금천구","가산동","중국집","22"
"20180126","금","남","40대","서울특별시","금천구","독산동","중국집","5"
"20180126","금","남","40대","서울특별시","금천구","시흥동","중국집","6"
"20180126","금","남","50대","서울특별시","금천구","가산동","중국집","14"
"20180126","금","남","50대","서울특별시","금천구","시흥동","중국집","5"
"20180126","금","남","60대이상","서울특별시","금천구","가산동","중국집","9"
"20180126","금","남","60대이상","서울특별시","금천구","독산동","중국집","5"
"20180126","금","남","60대이상","서울특별시","금천구","시흥동","중국집","5"
"20180126","금","여","10대","서울특별시","금천구","시흥동","중국집","5"
"20180126","금","여","20대","서울특별시","금천구","가산동","중국집","9"
"20180126","금","여","20대","서울특별시","금천구","독산동","중국집","5"
"20180126","금","여","30대","서울특별시","금천구","가산동","중국집","11"
"20180126","금","여","30대","서울특별시","금천구","독산동","중국집","5"
"20180126","금","여","30대","서울특별시","금천구","시흥동","중국집","5"
"20180126","금","여","40대","서울특별시","금천구","가산동","중국집","18"
"20180126","금","여","40대","서울특별시","금천구","독산동","중국집","5"
"20180126","금","여","40대","서울특별시","금천구","시흥동","중국집","5"
"20180126","금","여","50대","서울특별시","금천구","가산동","중국집","14"
"20180126","금","여","20대","서울특별시","금천구","시흥동","중국집","5"
"20180126","금","여","50대","서울특별시","금천구","독산동","중국집","5"
"20180126","금","여","50대","서울특별시","금천구","시흥동","중국집","5"
"20180126","금","여","60대이상","서울특별시","금천구","가산동","중국집","6"
"20180126","금","여","60대이상","서울특별시","금천구","시흥동","중국집","5"
"20180126","금","남","10대","서울특별시","노원구","공릉동","중국집","5"
"20180126","금","남","10대","서울특별시","노원구","상계동","중국집","22"
"20180126","금","남","10대","서울특별시","노원구","월계동","중국집","5"
"20180126","금","남","20대","서울특별시","노원구","공릉동","중국집","5"
"20180126","금","남","20대","서울특별시","노원구","월계동","중국집","5"
"20180126","금","남","20대","서울특별시","노원구","중계동","중국집","5"
"20180126","금","남","30대","서울특별시","노원구","공릉동","중국집","9"
"20180126","금","남","30대","서울특별시","노원구","상계동","중국집","35"
"20180126","금","남","40대","서울특별시","노원구","공릉동","중국집","8"
"20180126","금","남","40대","서울특별시","노원구","상계동","중국집","69"
"20180126","금","남","40대","서울특별시","노원구","중계동","중국집","5"
"20180126","금","남","50대","서울특별시","노원구","공릉동","중국집","5"
"20180126","금","남","50대","서울특별시","노원구","상계동","중국집","51"
"20180126","금","남","30대","서울특별시","노원구","월계동","중국집","5"
"20180126","금","남","50대","서울특별시","노원구","월계동","중국집","5"
"20180126","금","남","50대","서울특별시","노원구","중계동","중국집","5"
"20180126","금","남","60대이상","서울특별시","노원구","상계동","중국집","22"
"20180126","금","남","20대","서울특별시","노원구","상계동","중국집","34"
"20180126","금","여","20대","서울특별시","노원구","공릉동","중국집","5"
"20180126","금","남","40대","서울특별시","노원구","월계동","중국집","5"
"20180126","금","여","20대","서울특별시","노원구","상계동","중국집","19"
"20180126","금","여","20대","서울특별시","노원구","월계동","중국집","5"
"20180126","금","여","10대","서울특별시","노원구","상계동","중국집","6"
"20180126","금","여","10대","서울특별시","노원구","중계동","중국집","5"
"20180126","금","여","20대","서울특별시","노원구","중계동","중국집","5"
"20180126","금","여","20대","서울특별시","노원구","하계동","중국집","5"
"20180126","금","여","30대","서울특별시","노원구","공릉동","중국집","5"
"20180126","금","남","60대이상","서울특별시","노원구","중계동","중국집","7"
"20180126","금","남","30대","서울특별시","노원구","중계동","중국집","5"
"20180126","금","여","30대","서울특별시","노원구","상계동","중국집","61"
"20180126","금","여","30대","서울특별시","노원구","월계동","중국집","5"
"20180126","금","남","60대이상","서울특별시","노원구","공릉동","중국집","5"
"20180126","금","여","40대","서울특별시","노원구","공릉동","중국집","5"
"20180126","금","여","40대","서울특별시","노원구","상계동","중국집","111"
"20180126","금","여","40대","서울특별시","노원구","월계동","중국집","5"
"20180126","금","여","30대","서울특별시","노원구","중계동","중국집","5"
"20180126","금","여","40대","서울특별시","노원구","중계동","중국집","5"
"20180126","금","여","50대","서울특별시","노원구","공릉동","중국집","5"
"20180126","금","여","50대","서울특별시","노원구","상계동","중국집","55"
"20180126","금","여","50대","서울특별시","노원구","월계동","중국집","5"
"20180126","금","여","50대","서울특별시","노원구","중계동","중국집","5"
"20180126","금","여","60대이상","서울특별시","노원구","상계동","중국집","43"
"20180126","금","여","60대이상","서울특별시","노원구","중계동","중국집","5"
"20180126","금","남","30대","서울특별시","도봉구","쌍문동","중국집","5"
"20180126","금","남","50대","서울특별시","도봉구","도봉동","중국집","5"
"20180126","금","남","50대","서울특별시","도봉구","방학동","중국집","5"
"20180126","금","남","50대","서울특별시","도봉구","쌍문동","중국집","5"
"20180126","금","남","60대이상","서울특별시","도봉구","방학동","중국집","5"
"20180126","금","남","60대이상","서울특별시","도봉구","쌍문동","중국집","5"
"20180126","금","여","10대","서울특별시","도봉구","쌍문동","중국집","5"
"20180126","금","여","20대","서울특별시","도봉구","방학동","중국집","5"
"20180126","금","여","20대","서울특별시","도봉구","쌍문동","중국집","5"
"20180126","금","여","30대","서울특별시","도봉구","도봉동","중국집","5"
"20180126","금","여","30대","서울특별시","도봉구","방학동","중국집","5"
"20180126","금","여","30대","서울특별시","도봉구","쌍문동","중국집","5"
"20180126","금","여","40대","서울특별시","도봉구","방학동","중국집","5"
"20180126","금","여","40대","서울특별시","도봉구","쌍문동","중국집","5"
"20180126","금","남","20대","서울특별시","도봉구","쌍문동","중국집","5"
"20180126","금","여","50대","서울특별시","도봉구","방학동","중국집","5"
"20180126","금","여","50대","서울특별시","도봉구","쌍문동","중국집","5"
"20180126","금","여","60대이상","서울특별시","도봉구","방학동","중국집","5"
"20180126","금","여","60대이상","서울특별시","도봉구","쌍문동","중국집","5"
"20180126","금","남","40대","서울특별시","도봉구","쌍문동","중국집","6"
"20180126","금","남","10대","서울특별시","동대문구","장안동","중국집","12"
"20180126","금","남","10대","서울특별시","동대문구","전농동","중국집","5"
"20180126","금","남","10대","서울특별시","동대문구","제기동","중국집","14"
"20180126","금","남","30대","서울특별시","동대문구","장안동","중국집","41"
"20180126","금","남","40대","서울특별시","동대문구","장안동","중국집","64"
"20180126","금","남","30대","서울특별시","동대문구","답십리동","중국집","5"
"20180126","금","남","40대","서울특별시","동대문구","전농동","중국집","5"
"20180126","금","남","40대","서울특별시","동대문구","제기동","중국집","63"
"20180126","금","남","40대","서울특별시","동대문구","답십리동","중국집","5"
"20180126","금","남","40대","서울특별시","동대문구","휘경동","중국집","5"
"20180126","금","남","50대","서울특별시","동대문구","답십리동","중국집","5"
"20180126","금","남","60대이상","서울특별시","동대문구","장안동","중국집","24"
"20180126","금","남","60대이상","서울특별시","동대문구","전농동","중국집","5"
"20180126","금","남","60대이상","서울특별시","동대문구","제기동","중국집","43"
"20180126","금","여","10대","서울특별시","동대문구","답십리동","중국집","5"
"20180126","금","남","50대","서울특별시","동대문구","제기동","중국집","33"
"20180126","금","여","10대","서울특별시","동대문구","장안동","중국집","5"
"20180126","금","여","10대","서울특별시","동대문구","전농동","중국집","5"
"20180126","금","남","60대이상","서울특별시","동대문구","답십리동","중국집","5"
"20180126","금","여","20대","서울특별시","동대문구","답십리동","중국집","5"
"20180126","금","남","20대","서울특별시","동대문구","제기동","중국집","48"
"20180126","금","남","30대","서울특별시","동대문구","제기동","중국집","66"
"20180126","금","여","20대","서울특별시","동대문구","장안동","중국집","20"
"20180126","금","여","20대","서울특별시","동대문구","제기동","중국집","17"
"20180126","금","여","30대","서울특별시","동대문구","답십리동","중국집","5"
"20180126","금","남","10대","서울특별시","동대문구","답십리동","중국집","5"
"20180126","금","남","20대","서울특별시","동대문구","장안동","중국집","27"
"20180126","금","여","30대","서울특별시","동대문구","장안동","중국집","40"
"20180126","금","남","20대","서울특별시","동대문구","전농동","중국집","6"
"20180126","금","여","30대","서울특별시","동대문구","제기동","중국집","25"
"20180126","금","여","20대","서울특별시","동대문구","전농동","중국집","5"
"20180126","금","여","40대","서울특별시","동대문구","답십리동","중국집","5"
"20180126","금","여","40대","서울특별시","동대문구","장안동","중국집","77"
"20180126","금","여","30대","서울특별시","동대문구","전농동","중국집","5"
"20180126","금","여","40대","서울특별시","동대문구","전농동","중국집","5"
"20180126","금","여","40대","서울특별시","동대문구","제기동","중국집","51"
"20180126","금","여","50대","서울특별시","동대문구","답십리동","중국집","5"
"20180126","금","여","10대","서울특별시","동대문구","제기동","중국집","6"
"20180126","금","여","50대","서울특별시","동대문구","장안동","중국집","32"
"20180126","금","여","50대","서울특별시","동대문구","전농동","중국집","5"
"20180126","금","여","50대","서울특별시","동대문구","제기동","중국집","31"
"20180126","금","여","60대이상","서울특별시","동대문구","답십리동","중국집","5"
"20180126","금","여","60대이상","서울특별시","동대문구","장안동","중국집","16"
"20180126","금","여","60대이상","서울특별시","동대문구","전농동","중국집","5"
"20180126","금","여","60대이상","서울특별시","동대문구","제기동","중국집","30"
"20180126","금","남","50대","서울특별시","동대문구","장안동","중국집","38"
"20180126","금","남","30대","서울특별시","동대문구","전농동","중국집","5"
"20180126","금","남","10대","서울특별시","동작구","신대방동","중국집","11"
"20180126","금","남","20대","서울특별시","동작구","노량진동","중국집","5"
"20180126","금","남","20대","서울특별시","동작구","사당동","중국집","6"
"20180126","금","남","20대","서울특별시","동작구","신대방동","중국집","84"
"20180126","금","남","30대","서울특별시","동작구","노량진동","중국집","5"
"20180126","금","남","30대","서울특별시","동작구","신대방동","중국집","128"
"20180126","금","남","40대","서울특별시","동작구","노량진동","중국집","5"
"20180126","금","남","20대","서울특별시","동작구","대방동","중국집","5"
"20180126","금","남","40대","서울특별시","동작구","상도동","중국집","10"
"20180126","금","남","30대","서울특별시","동작구","사당동","중국집","5"
"20180126","금","남","40대","서울특별시","동작구","신대방동","중국집","115"
"20180126","금","남","50대","서울특별시","동작구","사당동","중국집","5"
"20180126","금","남","60대이상","서울특별시","동작구","대방동","중국집","5"
"20180126","금","남","50대","서울특별시","동작구","신대방동","중국집","89"
"20180126","금","남","60대이상","서울특별시","동작구","본동","중국집","5"
"20180126","금","남","50대","서울특별시","동작구","상도동","중국집","5"
"20180126","금","남","30대","서울특별시","동작구","흑석동","중국집","5"
"20180126","금","남","60대이상","서울특별시","동작구","사당동","중국집","5"
"20180126","금","남","40대","서울특별시","동작구","사당동","중국집","5"
"20180126","금","여","10대","서울특별시","동작구","본동","중국집","5"
"20180126","금","남","20대","서울특별시","동작구","본동","중국집","5"
"20180126","금","여","10대","서울특별시","동작구","상도동","중국집","5"
"20180126","금","여","10대","서울특별시","동작구","신대방동","중국집","7"
"20180126","금","여","20대","서울특별시","동작구","노량진동","중국집","5"
"20180126","금","여","20대","서울특별시","동작구","상도동","중국집","7"
"20180126","금","남","60대이상","서울특별시","동작구","신대방동","중국집","47"
"20180126","금","여","20대","서울특별시","동작구","신대방동","중국집","42"
"20180126","금","여","30대","서울특별시","동작구","대방동","중국집","5"
"20180126","금","여","30대","서울특별시","동작구","본동","중국집","5"
"20180126","금","여","30대","서울특별시","동작구","사당동","중국집","5"
"20180126","금","여","30대","서울특별시","동작구","상도동","중국집","9"
"20180126","금","여","30대","서울특별시","동작구","신대방동","중국집","114"
"20180126","금","여","30대","서울특별시","동작구","노량진동","중국집","5"
"20180126","금","남","30대","서울특별시","동작구","상도동","중국집","5"
"20180126","금","여","40대","서울특별시","동작구","본동","중국집","6"
"20180126","금","여","40대","서울특별시","동작구","사당동","중국집","10"
"20180126","금","여","40대","서울특별시","동작구","상도동","중국집","9"
"20180126","금","여","40대","서울특별시","동작구","신대방동","중국집","145"
"20180126","금","남","20대","서울특별시","동작구","상도동","중국집","5"
"20180126","금","여","50대","서울특별시","동작구","노량진동","중국집","5"
"20180126","금","여","50대","서울특별시","동작구","본동","중국집","5"
"20180126","금","여","50대","서울특별시","동작구","사당동","중국집","5"
"20180126","금","남","30대","서울특별시","동작구","본동","중국집","5"
"20180126","금","여","20대","서울특별시","동작구","본동","중국집","5"
"20180126","금","여","50대","서울특별시","동작구","상도동","중국집","5"
"20180126","금","여","50대","서울특별시","동작구","신대방동","중국집","80"
"20180126","금","남","50대","서울특별시","동작구","흑석동","중국집","5"
"20180126","금","여","60대이상","서울특별시","동작구","노량진동","중국집","5"
"20180126","금","여","40대","서울특별시","동작구","노량진동","중국집","5"
"20180126","금","여","20대","서울특별시","동작구","사당동","중국집","5"
"20180126","금","여","60대이상","서울특별시","동작구","신대방동","중국집","50"
"20180126","금","여","60대이상","서울특별시","동작구","사당동","중국집","5"
"20180126","금","여","60대이상","서울특별시","동작구","상도동","중국집","5"
"20180126","금","남","10대","서울특별시","마포구","신수동","중국집","5"
"20180126","금","남","20대","서울특별시","마포구","상암동","중국집","13"
"20180126","금","남","20대","서울특별시","마포구","서교동","중국집","5"
"20180126","금","남","30대","서울특별시","마포구","대흥동","중국집","5"
"20180126","금","남","30대","서울특별시","마포구","마포동","중국집","5"
"20180126","금","남","30대","서울특별시","마포구","신수동","중국집","5"
"20180126","금","남","30대","서울특별시","마포구","아현동","중국집","5"
"20180126","금","남","30대","서울특별시","마포구","창전동","중국집","5"
"20180126","금","남","30대","서울특별시","마포구","서교동","중국집","5"
"20180126","금","남","30대","서울특별시","마포구","신공덕동","중국집","5"
"20180126","금","남","40대","서울특별시","마포구","망원동","중국집","5"
"20180126","금","남","40대","서울특별시","마포구","신수동","중국집","5"
"20180126","금","남","40대","서울특별시","마포구","창전동","중국집","5"
"20180126","금","남","40대","서울특별시","마포구","합정동","중국집","22"
"20180126","금","남","60대이상","서울특별시","마포구","마포동","중국집","5"
"20180126","금","남","60대이상","서울특별시","마포구","합정동","중국집","6"
"20180126","금","남","30대","서울특별시","마포구","상암동","중국집","13"
"20180126","금","남","30대","서울특별시","마포구","망원동","중국집","5"
"20180126","금","여","10대","서울특별시","마포구","서교동","중국집","5"
"20180126","금","여","20대","서울특별시","마포구","공덕동","중국집","5"
"20180126","금","남","50대","서울특별시","마포구","망원동","중국집","5"
"20180126","금","여","20대","서울특별시","마포구","마포동","중국집","5"
"20180126","금","여","20대","서울특별시","마포구","상수동","중국집","5"
"20180126","금","남","20대","서울특별시","마포구","합정동","중국집","11"
"20180126","금","여","20대","서울특별시","마포구","상암동","중국집","11"
"20180126","금","남","20대","서울특별시","마포구","노고산동","중국집","5"
"20180126","금","여","20대","서울특별시","마포구","염리동","중국집","5"
"20180126","금","남","60대이상","서울특별시","마포구","상암동","중국집","19"
"20180126","금","남","10대","서울특별시","마포구","마포동","중국집","5"
"20180126","금","여","20대","서울특별시","마포구","창전동","중국집","5"
"20180126","금","남","20대","서울특별시","마포구","신수동","중국집","5"
"20180126","금","남","40대","서울특별시","마포구","염리동","중국집","5"
"20180126","금","여","30대","서울특별시","마포구","공덕동","중국집","5"
"20180126","금","여","20대","서울특별시","마포구","노고산동","중국집","5"
"20180126","금","여","10대","서울특별시","마포구","합정동","중국집","5"
"20180126","금","남","40대","서울특별시","마포구","대흥동","중국집","5"
"20180126","금","여","30대","서울특별시","마포구","노고산동","중국집","5"
"20180126","금","여","30대","서울특별시","마포구","마포동","중국집","5"
"20180126","금","여","30대","서울특별시","마포구","상암동","중국집","21"
"20180126","금","남","20대","서울특별시","마포구","망원동","중국집","5"
"20180126","금","여","20대","서울특별시","마포구","합정동","중국집","18"
"20180126","금","여","30대","서울특별시","마포구","신공덕동","중국집","5"
"20180126","금","남","50대","서울특별시","마포구","상암동","중국집","21"
"20180126","금","여","20대","서울특별시","마포구","아현동","중국집","5"
"20180126","금","여","30대","서울특별시","마포구","신수동","중국집","5"
"20180126","금","여","30대","서울특별시","마포구","아현동","중국집","5"
"20180126","금","여","30대","서울특별시","마포구","염리동","중국집","5"
"20180126","금","여","30대","서울특별시","마포구","창전동","중국집","5"
"20180126","금","여","30대","서울특별시","마포구","합정동","중국집","13"
"20180126","금","남","30대","서울특별시","마포구","염리동","중국집","5"
"20180126","금","여","40대","서울특별시","마포구","신공덕동","중국집","5"
"20180126","금","남","10대","서울특별시","마포구","서교동","중국집","5"
"20180126","금","여","40대","서울특별시","마포구","아현동","중국집","5"
"20180126","금","남","40대","서울특별시","마포구","상암동","중국집","30"
"20180126","금","여","40대","서울특별시","마포구","염리동","중국집","5"
"20180126","금","여","40대","서울특별시","마포구","창전동","중국집","5"
"20180126","금","여","40대","서울특별시","마포구","합정동","중국집","14"
"20180126","금","남","20대","서울특별시","마포구","염리동","중국집","6"
"20180126","금","여","50대","서울특별시","마포구","대흥동","중국집","5"
"20180126","금","여","50대","서울특별시","마포구","망원동","중국집","5"
"20180126","금","여","50대","서울특별시","마포구","상암동","중국집","13"
"20180126","금","여","40대","서울특별시","마포구","상암동","중국집","23"
"20180126","금","여","50대","서울특별시","마포구","아현동","중국집","5"
"20180126","금","여","40대","서울특별시","마포구","망원동","중국집","5"
"20180126","금","여","10대","서울특별시","마포구","상암동","중국집","6"
"20180126","금","남","20대","서울특별시","마포구","창전동","중국집","5"
"20180126","금","남","40대","서울특별시","마포구","성산동","중국집","5"
"20180126","금","여","50대","서울특별시","마포구","합정동","중국집","7"
"20180126","금","여","20대","서울특별시","마포구","신공덕동","중국집","5"
"20180126","금","남","40대","서울특별시","마포구","마포동","중국집","5"
"20180126","금","남","50대","서울특별시","마포구","합정동","중국집","9"
"20180126","금","여","60대이상","서울특별시","마포구","마포동","중국집","5"
"20180126","금","남","60대이상","서울특별시","마포구","염리동","중국집","5"
"20180126","금","남","10대","서울특별시","마포구","상암동","중국집","10"
"20180126","금","여","60대이상","서울특별시","마포구","상암동","중국집","20"
"20180126","금","여","40대","서울특별시","마포구","마포동","중국집","5"
"20180126","금","여","60대이상","서울특별시","마포구","신공덕동","중국집","5"
"20180126","금","남","60대이상","서울특별시","마포구","망원동","중국집","5"
"20180126","금","남","30대","서울특별시","마포구","합정동","중국집","23"
"20180126","금","남","50대","서울특별시","마포구","신공덕동","중국집","5"
"20180126","금","여","60대이상","서울특별시","마포구","창전동","중국집","5"
"20180126","금","여","60대이상","서울특별시","마포구","합정동","중국집","7"
"20180126","금","남","10대","서울특별시","서대문구","창천동","중국집","5"
"20180126","금","남","10대","서울특별시","서대문구","홍제동","중국집","5"
"20180126","금","남","20대","서울특별시","서대문구","연희동","중국집","46"
"20180126","금","남","20대","서울특별시","서대문구","창천동","중국집","20"
"20180126","금","남","20대","서울특별시","서대문구","홍은동","중국집","5"
"20180126","금","남","30대","서울특별시","서대문구","연희동","중국집","55"
"20180126","금","남","30대","서울특별시","서대문구","홍은동","중국집","5"
"20180126","금","남","40대","서울특별시","서대문구","북가좌동","중국집","5"
"20180126","금","남","40대","서울특별시","서대문구","창천동","중국집","31"
"20180126","금","남","30대","서울특별시","서대문구","홍제동","중국집","35"
"20180126","금","남","50대","서울특별시","서대문구","북아현동","중국집","5"
"20180126","금","남","50대","서울특별시","서대문구","연희동","중국집","32"
"20180126","금","남","60대이상","서울특별시","서대문구","연희동","중국집","9"
"20180126","금","남","30대","서울특별시","서대문구","충정로3가","중국집","5"
"20180126","금","남","60대이상","서울특별시","서대문구","홍제동","중국집","14"
"20180126","금","여","10대","서울특별시","서대문구","연희동","중국집","8"
"20180126","금","남","40대","서울특별시","서대문구","홍제동","중국집","29"
"20180126","금","여","10대","서울특별시","서대문구","홍은동","중국집","5"
"20180126","금","남","40대","서울특별시","서대문구","홍은동","중국집","5"
"20180126","금","여","10대","서울특별시","서대문구","홍제동","중국집","6"
"20180126","금","여","10대","서울특별시","서대문구","창천동","중국집","5"
"20180126","금","여","20대","서울특별시","서대문구","북아현동","중국집","5"
"20180126","금","남","50대","서울특별시","서대문구","홍은동","중국집","5"
"20180126","금","여","20대","서울특별시","서대문구","연희동","중국집","31"
"20180126","금","여","20대","서울특별시","서대문구","창천동","중국집","11"
"20180126","금","여","20대","서울특별시","서대문구","충정로3가","중국집","5"
"20180126","금","남","20대","서울특별시","서대문구","남가좌동","중국집","5"
"20180126","금","남","40대","서울특별시","서대문구","북아현동","중국집","5"
"20180126","금","여","20대","서울특별시","서대문구","홍은동","중국집","5"
"20180126","금","남","30대","서울특별시","서대문구","창천동","중국집","35"
"20180126","금","여","20대","서울특별시","서대문구","홍제동","중국집","11"
"20180126","금","여","30대","서울특별시","서대문구","연희동","중국집","51"
"20180126","금","여","30대","서울특별시","서대문구","북가좌동","중국집","5"
"20180126","금","남","10대","서울특별시","서대문구","홍은동","중국집","5"
"20180126","금","여","30대","서울특별시","서대문구","창천동","중국집","26"
"20180126","금","남","50대","서울특별시","서대문구","홍제동","중국집","28"
"20180126","금","여","30대","서울특별시","서대문구","충정로3가","중국집","7"
"20180126","금","남","60대이상","서울특별시","서대문구","창천동","중국집","19"
"20180126","금","여","30대","서울특별시","서대문구","홍은동","중국집","5"
"20180126","금","여","40대","서울특별시","서대문구","남가좌동","중국집","5"
"20180126","금","여","40대","서울특별시","서대문구","북가좌동","중국집","5"
"20180126","금","남","60대이상","서울특별시","서대문구","북가좌동","중국집","5"
"20180126","금","남","40대","서울특별시","서대문구","연희동","중국집","47"
"20180126","금","여","40대","서울특별시","서대문구","연희동","중국집","70"
"20180126","금","남","50대","서울특별시","서대문구","충정로3가","중국집","5"
"20180126","금","남","60대이상","서울특별시","서대문구","남가좌동","중국집","5"
"20180126","금","여","40대","서울특별시","서대문구","창천동","중국집","50"
"20180126","금","여","40대","서울특별시","서대문구","충정로3가","중국집","5"
"20180126","금","여","40대","서울특별시","서대문구","홍제동","중국집","44"
"20180126","금","남","50대","서울특별시","서대문구","창천동","중국집","21"
"20180126","금","여","50대","서울특별시","서대문구","남가좌동","중국집","5"
"20180126","금","여","50대","서울특별시","서대문구","북가좌동","중국집","5"
"20180126","금","여","50대","서울특별시","서대문구","북아현동","중국집","5"
"20180126","금","여","50대","서울특별시","서대문구","연희동","중국집","48"
"20180126","금","여","50대","서울특별시","서대문구","홍은동","중국집","5"
"20180126","금","여","30대","서울특별시","서대문구","홍제동","중국집","30"
"20180126","금","여","50대","서울특별시","서대문구","홍제동","중국집","30"
"20180126","금","여","60대이상","서울특별시","서대문구","북가좌동","중국집","5"
"20180126","금","남","10대","서울특별시","서대문구","연희동","중국집","9"
"20180126","금","여","60대이상","서울특별시","서대문구","연희동","중국집","28"
"20180126","금","여","60대이상","서울특별시","서대문구","창천동","중국집","13"
"20180126","금","남","20대","서울특별시","서대문구","홍제동","중국집","30"
"20180126","금","여","50대","서울특별시","서대문구","창천동","중국집","28"
"20180126","금","여","60대이상","서울특별시","서대문구","홍은동","중국집","5"
"20180126","금","여","60대이상","서울특별시","서대문구","홍제동","중국집","15"
"20180126","금","남","30대","서울특별시","서대문구","북아현동","중국집","5"
"20180126","금","남","10대","서울특별시","서초구","방배동","중국집","5"
"20180126","금","남","10대","서울특별시","서초구","서초동","중국집","5"
"20180126","금","남","10대","서울특별시","서초구","양재동","중국집","5"
"20180126","금","남","20대","서울특별시","서초구","내곡동","중국집","5"
"20180126","금","남","20대","서울특별시","서초구","반포동","중국집","5"
"20180126","금","남","20대","서울특별시","서초구","서초동","중국집","7"
"20180126","금","남","30대","서울특별시","서초구","반포동","중국집","11"
"20180126","금","남","30대","서울특별시","서초구","서초동","중국집","12"
"20180126","금","남","20대","서울특별시","서초구","방배동","중국집","32"
"20180126","금","남","40대","서울특별시","서초구","내곡동","중국집","5"
"20180126","금","남","40대","서울특별시","서초구","서초동","중국집","11"
"20180126","금","남","50대","서울특별시","서초구","반포동","중국집","15"
"20180126","금","남","30대","서울특별시","서초구","내곡동","중국집","5"
"20180126","금","남","50대","서울특별시","서초구","서초동","중국집","6"
"20180126","금","남","50대","서울특별시","서초구","양재동","중국집","26"
"20180126","금","남","60대이상","서울특별시","서초구","내곡동","중국집","5"
"20180126","금","남","60대이상","서울특별시","서초구","반포동","중국집","17"
"20180126","금","남","60대이상","서울특별시","서초구","양재동","중국집","19"
"20180126","금","남","60대이상","서울특별시","서초구","서초동","중국집","5"
"20180126","금","남","60대이상","서울특별시","서초구","잠원동","중국집","5"
"20180126","금","여","10대","서울특별시","서초구","반포동","중국집","5"
"20180126","금","여","10대","서울특별시","서초구","방배동","중국집","12"
"20180126","금","여","20대","서울특별시","서초구","반포동","중국집","5"
"20180126","금","여","20대","서울특별시","서초구","방배동","중국집","24"
"20180126","금","여","20대","서울특별시","서초구","양재동","중국집","17"
"20180126","금","여","30대","서울특별시","서초구","반포동","중국집","23"
"20180126","금","여","30대","서울특별시","서초구","서초동","중국집","12"
"20180126","금","여","40대","서울특별시","서초구","내곡동","중국집","5"
"20180126","금","남","50대","서울특별시","서초구","방배동","중국집","29"
"20180126","금","여","40대","서울특별시","서초구","반포동","중국집","38"
"20180126","금","여","30대","서울특별시","서초구","양재동","중국집","47"
"20180126","금","남","40대","서울특별시","서초구","반포동","중국집","13"
"20180126","금","남","60대이상","서울특별시","서초구","방배동","중국집","40"
"20180126","금","여","40대","서울특별시","서초구","서초동","중국집","10"
"20180126","금","남","50대","서울특별시","서초구","내곡동","중국집","5"
"20180126","금","여","40대","서울특별시","서초구","양재동","중국집","49"
"20180126","금","남","40대","서울특별시","서초구","양재동","중국집","40"
"20180126","금","여","50대","서울특별시","서초구","반포동","중국집","15"
"20180126","금","여","50대","서울특별시","서초구","서초동","중국집","9"
"20180126","금","남","30대","서울특별시","서초구","방배동","중국집","77"
"20180126","금","여","50대","서울특별시","서초구","양재동","중국집","24"
"20180126","금","남","30대","서울특별시","서초구","양재동","중국집","51"
"20180126","금","여","30대","서울특별시","서초구","방배동","중국집","59"
"20180126","금","남","10대","서울특별시","서초구","반포동","중국집","5"
"20180126","금","여","50대","서울특별시","서초구","잠원동","중국집","5"
"20180126","금","여","50대","서울특별시","서초구","방배동","중국집","54"
"20180126","금","여","60대이상","서울특별시","서초구","반포동","중국집","5"
"20180126","금","남","20대","서울특별시","서초구","양재동","중국집","36"
"20180126","금","여","10대","서울특별시","서초구","서초동","중국집","5"
"20180126","금","여","60대이상","서울특별시","서초구","방배동","중국집","22"
"20180126","금","여","40대","서울특별시","서초구","방배동","중국집","68"
"20180126","금","남","40대","서울특별시","서초구","방배동","중국집","67"
"20180126","금","여","20대","서울특별시","서초구","서초동","중국집","5"
"20180126","금","여","60대이상","서울특별시","서초구","서초동","중국집","6"
"20180126","금","여","60대이상","서울특별시","서초구","양재동","중국집","13"
"20180126","금","남","30대","서울특별시","성동구","성수동2가","중국집","117"
"20180126","금","남","30대","서울특별시","성동구","옥수동","중국집","24"
"20180126","금","남","10대","서울특별시","성동구","옥수동","중국집","5"
"20180126","금","남","40대","서울특별시","성동구","옥수동","중국집","35"
"20180126","금","남","50대","서울특별시","성동구","성수동2가","중국집","76"
"20180126","금","남","60대이상","서울특별시","성동구","성수동2가","중국집","46"
"20180126","금","남","60대이상","서울특별시","성동구","옥수동","중국집","15"
"20180126","금","여","10대","서울특별시","성동구","성수동2가","중국집","7"
"20180126","금","여","20대","서울특별시","성동구","성수동1가","중국집","5"
"20180126","금","남","50대","서울특별시","성동구","옥수동","중국집","28"
"20180126","금","여","20대","서울특별시","성동구","성수동2가","중국집","32"
"20180126","금","여","20대","서울특별시","성동구","옥수동","중국집","8"
"20180126","금","여","30대","서울특별시","성동구","성수동1가","중국집","5"
"20180126","금","남","20대","서울특별시","성동구","옥수동","중국집","15"
"20180126","금","여","30대","서울특별시","성동구","성수동2가","중국집","90"
"20180126","금","남","40대","서울특별시","성동구","성수동2가","중국집","88"
"20180126","금","여","30대","서울특별시","성동구","옥수동","중국집","16"
"20180126","금","여","40대","서울특별시","성동구","성수동2가","중국집","91"
"20180126","금","여","40대","서울특별시","성동구","옥수동","중국집","17"
"20180126","금","여","40대","서울특별시","성동구","행당동","중국집","5"
"20180126","금","여","50대","서울특별시","성동구","성수동2가","중국집","60"
"20180126","금","남","10대","서울특별시","성동구","성수동2가","중국집","26"
"20180126","금","여","50대","서울특별시","성동구","옥수동","중국집","18"
"20180126","금","여","60대이상","서울특별시","성동구","성수동2가","중국집","21"
"20180126","금","남","20대","서울특별시","성동구","성수동2가","중국집","66"
"20180126","금","여","60대이상","서울특별시","성동구","옥수동","중국집","9"
"20180126","금","남","10대","서울특별시","성북구","정릉동","중국집","5"
"20180126","금","남","20대","서울특별시","성북구","길음동","중국집","5"
"20180126","금","남","30대","서울특별시","성북구","삼선동5가","중국집","5"
"20180126","금","남","30대","서울특별시","성북구","정릉동","중국집","5"
"20180126","금","남","30대","서울특별시","성북구","하월곡동","중국집","5"
"20180126","금","남","20대","서울특별시","성북구","종암동","중국집","5"
"20180126","금","남","40대","서울특별시","성북구","동선동2가","중국집","56"
"20180126","금","남","40대","서울특별시","성북구","성북동","중국집","5"
"20180126","금","남","40대","서울특별시","성북구","종암동","중국집","5"
"20180126","금","남","20대","서울특별시","성북구","하월곡동","중국집","5"
"20180126","금","남","50대","서울특별시","성북구","동선동2가","중국집","51"
"20180126","금","남","50대","서울특별시","성북구","삼선동5가","중국집","5"
"20180126","금","남","50대","서울특별시","성북구","종암동","중국집","5"
"20180126","금","남","40대","서울특별시","성북구","정릉동","중국집","5"
"20180126","금","남","60대이상","서울특별시","성북구","삼선동5가","중국집","5"
"20180126","금","남","60대이상","서울특별시","성북구","정릉동","중국집","5"
"20180126","금","여","10대","서울특별시","성북구","동선동2가","중국집","5"
"20180126","금","여","20대","서울특별시","성북구","동선동2가","중국집","16"
"20180126","금","남","60대이상","서울특별시","성북구","상월곡동","중국집","5"
"20180126","금","여","20대","서울특별시","성북구","동선동3가","중국집","5"
"20180126","금","남","30대","서울특별시","성북구","동선동2가","중국집","41"
"20180126","금","여","20대","서울특별시","성북구","삼선동5가","중국집","6"
"20180126","금","여","20대","서울특별시","성북구","정릉동","중국집","5"
"20180126","금","여","20대","서울특별시","성북구","종암동","중국집","5"
"20180126","금","남","20대","서울특별시","성북구","동선동2가","중국집","41"
"20180126","금","여","30대","서울특별시","성북구","동선동2가","중국집","45"
"20180126","금","여","30대","서울특별시","성북구","삼선동5가","중국집","5"
"20180126","금","여","30대","서울특별시","성북구","성북동","중국집","5"
"20180126","금","여","30대","서울특별시","성북구","안암동5가","중국집","5"
"20180126","금","여","30대","서울특별시","성북구","정릉동","중국집","5"
"20180126","금","여","30대","서울특별시","성북구","하월곡동","중국집","5"
"20180126","금","남","40대","서울특별시","성북구","길음동","중국집","5"
"20180126","금","여","40대","서울특별시","성북구","상월곡동","중국집","5"
"20180126","금","여","40대","서울특별시","성북구","정릉동","중국집","5"
"20180126","금","남","40대","서울특별시","성북구","삼선동5가","중국집","5"
"20180126","금","남","30대","서울특별시","성북구","종암동","중국집","5"
"20180126","금","남","60대이상","서울특별시","성북구","종암동","중국집","5"
"20180126","금","여","40대","서울특별시","성북구","하월곡동","중국집","5"
"20180126","금","여","50대","서울특별시","성북구","동선동2가","중국집","33"
"20180126","금","여","40대","서울특별시","성북구","삼선동5가","중국집","5"
"20180126","금","여","50대","서울특별시","성북구","동선동3가","중국집","5"
"20180126","금","여","50대","서울특별시","성북구","삼선동5가","중국집","5"
"20180126","금","남","50대","서울특별시","성북구","하월곡동","중국집","5"
"20180126","금","여","50대","서울특별시","성북구","장위동","중국집","5"
"20180126","금","여","40대","서울특별시","성북구","동선동2가","중국집","55"
"20180126","금","여","30대","서울특별시","성북구","종암동","중국집","5"
"20180126","금","여","50대","서울특별시","성북구","정릉동","중국집","5"
"20180126","금","남","10대","서울특별시","성북구","동선동2가","중국집","6"
"20180126","금","여","50대","서울특별시","성북구","하월곡동","중국집","5"
"20180126","금","여","60대이상","서울특별시","성북구","동선동2가","중국집","23"
"20180126","금","남","60대이상","서울특별시","성북구","동선동2가","중국집","30"
"20180126","금","여","60대이상","서울특별시","성북구","삼선동5가","중국집","5"
"20180126","금","남","40대","서울특별시","성북구","하월곡동","중국집","5"
"20180126","금","남","60대이상","서울특별시","성북구","하월곡동","중국집","5"
"20180126","금","여","60대이상","서울특별시","성북구","정릉동","중국집","5"
"20180126","금","남","20대","서울특별시","송파구","송파동","중국집","39"
"20180126","금","남","30대","서울특별시","송파구","가락동","중국집","14"
"20180126","금","남","30대","서울특별시","송파구","방이동","중국집","5"
"20180126","금","남","30대","서울특별시","송파구","송파동","중국집","130"
"20180126","금","남","40대","서울특별시","송파구","가락동","중국집","11"
"20180126","금","남","40대","서울특별시","송파구","송파동","중국집","111"
"20180126","금","남","40대","서울특별시","송파구","풍납동","중국집","5"
"20180126","금","남","50대","서울특별시","송파구","풍납동","중국집","5"
"20180126","금","남","60대이상","서울특별시","송파구","가락동","중국집","5"
"20180126","금","남","60대이상","서울특별시","송파구","마천동","중국집","5"
"20180126","금","여","10대","서울특별시","송파구","가락동","중국집","5"
"20180126","금","여","20대","서울특별시","송파구","가락동","중국집","5"
"20180126","금","여","20대","서울특별시","송파구","마천동","중국집","5"
"20180126","금","여","20대","서울특별시","송파구","방이동","중국집","5"
"20180126","금","여","10대","서울특별시","송파구","송파동","중국집","9"
"20180126","금","여","20대","서울특별시","송파구","송파동","중국집","19"
"20180126","금","여","20대","서울특별시","송파구","풍납동","중국집","5"
"20180126","금","남","50대","서울특별시","송파구","송파동","중국집","67"
"20180126","금","남","10대","서울특별시","송파구","송파동","중국집","9"
"20180126","금","여","30대","서울특별시","송파구","마천동","중국집","5"
"20180126","금","남","50대","서울특별시","송파구","가락동","중국집","19"
"20180126","금","여","30대","서울특별시","송파구","송파동","중국집","76"
"20180126","금","여","30대","서울특별시","송파구","풍납동","중국집","5"
"20180126","금","여","40대","서울특별시","송파구","가락동","중국집","21"
"20180126","금","여","40대","서울특별시","송파구","송파동","중국집","90"
"20180126","금","여","50대","서울특별시","송파구","가락동","중국집","13"
"20180126","금","남","60대이상","서울특별시","송파구","송파동","중국집","41"
"20180126","금","남","20대","서울특별시","송파구","마천동","중국집","5"
"20180126","금","여","40대","서울특별시","송파구","마천동","중국집","5"
"20180126","금","여","50대","서울특별시","송파구","송파동","중국집","54"
"20180126","금","남","10대","서울특별시","송파구","가락동","중국집","5"
"20180126","금","여","60대이상","서울특별시","송파구","가락동","중국집","6"
"20180126","금","여","50대","서울특별시","송파구","풍납동","중국집","5"
"20180126","금","여","60대이상","서울특별시","송파구","마천동","중국집","5"
"20180126","금","남","20대","서울특별시","송파구","가락동","중국집","5"
"20180126","금","남","20대","서울특별시","송파구","방이동","중국집","5"
"20180126","금","여","60대이상","서울특별시","송파구","송파동","중국집","33"
"20180126","금","여","60대이상","서울특별시","송파구","풍납동","중국집","5"
"20180126","금","여","30대","서울특별시","송파구","가락동","중국집","11"
"20180126","금","남","20대","서울특별시","양천구","신월동","중국집","5"
"20180126","금","남","10대","서울특별시","양천구","신정동","중국집","5"
"20180126","금","남","20대","서울특별시","양천구","신정동","중국집","15"
"20180126","금","남","30대","서울특별시","양천구","신월동","중국집","5"
"20180126","금","남","40대","서울특별시","양천구","목동","중국집","5"
"20180126","금","남","50대","서울특별시","양천구","신정동","중국집","10"
"20180126","금","남","10대","서울특별시","양천구","목동","중국집","5"
"20180126","금","남","60대이상","서울특별시","양천구","신월동","중국집","5"
"20180126","금","여","10대","서울특별시","양천구","목동","중국집","5"
"20180126","금","여","10대","서울특별시","양천구","신정동","중국집","5"
"20180126","금","여","20대","서울특별시","양천구","신월동","중국집","5"
"20180126","금","남","40대","서울특별시","양천구","신정동","중국집","11"
"20180126","금","여","20대","서울특별시","양천구","신정동","중국집","8"
"20180126","금","여","30대","서울특별시","양천구","목동","중국집","5"
"20180126","금","여","30대","서울특별시","양천구","신월동","중국집","7"
"20180126","금","여","30대","서울특별시","양천구","신정동","중국집","15"
"20180126","금","남","60대이상","서울특별시","양천구","목동","중국집","5"
"20180126","금","여","40대","서울특별시","양천구","목동","중국집","5"
"20180126","금","여","40대","서울특별시","양천구","신월동","중국집","9"
"20180126","금","남","30대","서울특별시","양천구","신정동","중국집","9"
"20180126","금","남","60대이상","서울특별시","양천구","신정동","중국집","7"
"20180126","금","여","40대","서울특별시","양천구","신정동","중국집","24"
"20180126","금","여","50대","서울특별시","양천구","신월동","중국집","5"
"20180126","금","남","40대","서울특별시","양천구","신월동","중국집","5"
"20180126","금","여","50대","서울특별시","양천구","신정동","중국집","18"
"20180126","금","여","60대이상","서울특별시","양천구","신월동","중국집","5"
"20180126","금","여","60대이상","서울특별시","양천구","신정동","중국집","9"
"20180126","금","남","10대","서울특별시","영등포구","문래동2가","중국집","5"
"20180126","금","남","20대","서울특별시","영등포구","신길동","중국집","5"
"20180126","금","남","20대","서울특별시","영등포구","여의도동","중국집","21"
"20180126","금","남","30대","서울특별시","영등포구","대림동","중국집","5"
"20180126","금","남","10대","서울특별시","영등포구","문래동3가","중국집","5"
"20180126","금","남","10대","서울특별시","영등포구","신길동","중국집","5"
"20180126","금","남","30대","서울특별시","영등포구","문래동2가","중국집","24"
"20180126","금","남","30대","서울특별시","영등포구","신길동","중국집","5"
"20180126","금","남","30대","서울특별시","영등포구","문래동3가","중국집","53"
"20180126","금","남","30대","서울특별시","영등포구","영등포동7가","중국집","5"
"20180126","금","남","40대","서울특별시","영등포구","대림동","중국집","5"
"20180126","금","남","20대","서울특별시","영등포구","대림동","중국집","5"
"20180126","금","남","40대","서울특별시","영등포구","문래동3가","중국집","34"
"20180126","금","남","40대","서울특별시","영등포구","영등포동1가","중국집","10"
"20180126","금","남","40대","서울특별시","영등포구","문래동2가","중국집","34"
"20180126","금","남","50대","서울특별시","영등포구","문래동2가","중국집","17"
"20180126","금","남","50대","서울특별시","영등포구","신길동","중국집","5"
"20180126","금","남","20대","서울특별시","영등포구","문래동2가","중국집","10"
"20180126","금","남","50대","서울특별시","영등포구","여의도동","중국집","20"
"20180126","금","남","50대","서울특별시","영등포구","영등포동1가","중국집","7"
"20180126","금","남","60대이상","서울특별시","영등포구","대림동","중국집","5"
"20180126","금","남","60대이상","서울특별시","영등포구","문래동2가","중국집","8"
"20180126","금","남","60대이상","서울특별시","영등포구","문래동3가","중국집","20"
"20180126","금","남","60대이상","서울특별시","영등포구","신길동","중국집","5"
"20180126","금","남","60대이상","서울특별시","영등포구","여의도동","중국집","13"
"20180126","금","여","10대","서울특별시","영등포구","문래동2가","중국집","8"
"20180126","금","여","10대","서울특별시","영등포구","여의도동","중국집","5"
"20180126","금","여","20대","서울특별시","영등포구","문래동2가","중국집","5"
"20180126","금","여","20대","서울특별시","영등포구","문래동3가","중국집","16"
"20180126","금","여","20대","서울특별시","영등포구","신길동","중국집","5"
"20180126","금","여","20대","서울특별시","영등포구","영등포동1가","중국집","5"
"20180126","금","남","50대","서울특별시","영등포구","대림동","중국집","5"
"20180126","금","여","30대","서울특별시","영등포구","대림동","중국집","5"
"20180126","금","여","30대","서울특별시","영등포구","문래동2가","중국집","24"
"20180126","금","남","30대","서울특별시","영등포구","영등포동1가","중국집","9"
"20180126","금","여","30대","서울특별시","영등포구","문래동3가","중국집","25"
"20180126","금","여","30대","서울특별시","영등포구","영등포동1가","중국집","5"
"20180126","금","여","10대","서울특별시","영등포구","영등포동8가","중국집","5"
"20180126","금","남","30대","서울특별시","영등포구","여의도동","중국집","39"
"20180126","금","남","20대","서울특별시","영등포구","영등포동7가","중국집","5"
"20180126","금","여","30대","서울특별시","영등포구","영등포동7가","중국집","5"
"20180126","금","여","40대","서울특별시","영등포구","당산동6가","중국집","5"
"20180126","금","여","30대","서울특별시","영등포구","여의도동","중국집","31"
"20180126","금","여","40대","서울특별시","영등포구","대림동","중국집","5"
"20180126","금","남","40대","서울특별시","영등포구","여의도동","중국집","36"
"20180126","금","여","40대","서울특별시","영등포구","문래동3가","중국집","25"
"20180126","금","여","10대","서울특별시","영등포구","대림동","중국집","5"
"20180126","금","여","40대","서울특별시","영등포구","신길동","중국집","5"
"20180126","금","여","40대","서울특별시","영등포구","여의도동","중국집","23"
"20180126","금","여","40대","서울특별시","영등포구","영등포동1가","중국집","5"
"20180126","금","여","40대","서울특별시","영등포구","영등포동8가","중국집","5"
"20180126","금","남","20대","서울특별시","영등포구","영등포동1가","중국집","5"
"20180126","금","여","50대","서울특별시","영등포구","문래동3가","중국집","9"
"20180126","금","여","50대","서울특별시","영등포구","여의도동","중국집","9"
"20180126","금","여","50대","서울특별시","영등포구","문래동2가","중국집","14"
"20180126","금","여","50대","서울특별시","영등포구","영등포동1가","중국집","5"
"20180126","금","여","50대","서울특별시","영등포구","영등포동7가","중국집","5"
"20180126","금","남","50대","서울특별시","영등포구","문래동3가","중국집","32"
"20180126","금","여","60대이상","서울특별시","영등포구","당산동6가","중국집","5"
"20180126","금","여","20대","서울특별시","영등포구","여의도동","중국집","7"
"20180126","금","남","10대","서울특별시","영등포구","여의도동","중국집","5"
"20180126","금","남","20대","서울특별시","영등포구","문래동3가","중국집","12"
"20180126","금","여","40대","서울특별시","영등포구","문래동2가","중국집","20"
"20180126","금","여","60대이상","서울특별시","영등포구","대림동","중국집","5"
"20180126","금","여","60대이상","서울특별시","영등포구","문래동2가","중국집","14"
"20180126","금","여","60대이상","서울특별시","영등포구","신길동","중국집","5"
"20180126","금","여","60대이상","서울특별시","영등포구","문래동3가","중국집","9"
"20180126","금","여","60대이상","서울특별시","영등포구","여의도동","중국집","18"
"20180126","금","여","60대이상","서울특별시","영등포구","영등포동1가","중국집","5"
"20180126","금","남","10대","서울특별시","용산구","이촌동","중국집","5"
"20180126","금","남","20대","서울특별시","용산구","보광동","중국집","5"
"20180126","금","남","20대","서울특별시","용산구","신계동","중국집","7"
"20180126","금","남","20대","서울특별시","용산구","이태원동","중국집","6"
"20180126","금","남","20대","서울특별시","용산구","한남동","중국집","5"
"20180126","금","남","30대","서울특별시","용산구","동자동","중국집","5"
"20180126","금","남","20대","서울특별시","용산구","이촌동","중국집","5"
"20180126","금","남","30대","서울특별시","용산구","이촌동","중국집","5"
"20180126","금","남","30대","서울특별시","용산구","한남동","중국집","5"
"20180126","금","남","30대","서울특별시","용산구","효창동","중국집","5"
"20180126","금","남","30대","서울특별시","용산구","후암동","중국집","40"
"20180126","금","남","40대","서울특별시","용산구","보광동","중국집","5"
"20180126","금","남","40대","서울특별시","용산구","신계동","중국집","5"
"20180126","금","남","30대","서울특별시","용산구","이태원동","중국집","5"
"20180126","금","남","40대","서울특별시","용산구","이촌동","중국집","5"
"20180126","금","남","30대","서울특별시","용산구","한강로3가","중국집","58"
"20180126","금","남","40대","서울특별시","용산구","한강로3가","중국집","57"
"20180126","금","남","50대","서울특별시","용산구","보광동","중국집","5"
"20180126","금","남","50대","서울특별시","용산구","한강로3가","중국집","44"
"20180126","금","남","30대","서울특별시","용산구","신계동","중국집","5"
"20180126","금","남","50대","서울특별시","용산구","효창동","중국집","5"
"20180126","금","남","50대","서울특별시","용산구","후암동","중국집","38"
"20180126","금","남","10대","서울특별시","용산구","후암동","중국집","5"
"20180126","금","남","60대이상","서울특별시","용산구","원효로4가","중국집","5"
"20180126","금","남","60대이상","서울특별시","용산구","한강로3가","중국집","17"
"20180126","금","남","60대이상","서울특별시","용산구","후암동","중국집","17"
"20180126","금","여","10대","서울특별시","용산구","보광동","중국집","5"
"20180126","금","여","10대","서울특별시","용산구","한강로3가","중국집","5"
"20180126","금","여","10대","서울특별시","용산구","후암동","중국집","5"
"20180126","금","여","20대","서울특별시","용산구","동자동","중국집","5"
"20180126","금","여","20대","서울특별시","용산구","보광동","중국집","5"
"20180126","금","여","20대","서울특별시","용산구","신계동","중국집","5"
"20180126","금","여","20대","서울특별시","용산구","이태원동","중국집","5"
"20180126","금","여","20대","서울특별시","용산구","한강로3가","중국집","13"
"20180126","금","남","30대","서울특별시","용산구","보광동","중국집","6"
"20180126","금","여","20대","서울특별시","용산구","한남동","중국집","5"
"20180126","금","남","30대","서울특별시","용산구","도원동","중국집","5"
"20180126","금","여","30대","서울특별시","용산구","도원동","중국집","5"
"20180126","금","여","30대","서울특별시","용산구","동자동","중국집","5"
"20180126","금","여","30대","서울특별시","용산구","보광동","중국집","5"
"20180126","금","여","30대","서울특별시","용산구","신계동","중국집","5"
"20180126","금","남","20대","서울특별시","용산구","원효로4가","중국집","5"
"20180126","금","여","30대","서울특별시","용산구","한남동","중국집","5"
"20180126","금","남","50대","서울특별시","용산구","신계동","중국집","5"
"20180126","금","여","30대","서울특별시","용산구","효창동","중국집","5"
"20180126","금","남","50대","서울특별시","용산구","원효로4가","중국집","5"
"20180126","금","남","60대이상","서울특별시","용산구","한남동","중국집","5"
"20180126","금","여","40대","서울특별시","용산구","도원동","중국집","5"
"20180126","금","남","40대","서울특별시","용산구","한강로1가","중국집","5"
"20180126","금","여","40대","서울특별시","용산구","동자동","중국집","5"
"20180126","금","여","20대","서울특별시","용산구","후암동","중국집","10"
"20180126","금","여","40대","서울특별시","용산구","이촌동","중국집","5"
"20180126","금","여","40대","서울특별시","용산구","한강로3가","중국집","59"
"20180126","금","여","40대","서울특별시","용산구","한남동","중국집","5"
"20180126","금","여","50대","서울특별시","용산구","이촌동","중국집","5"
"20180126","금","남","40대","서울특별시","용산구","후암동","중국집","35"
"20180126","금","남","20대","서울특별시","용산구","한강로3가","중국집","25"
"20180126","금","여","50대","서울특별시","용산구","이태원동","중국집","5"
"20180126","금","남","20대","서울특별시","용산구","도원동","중국집","5"
"20180126","금","여","30대","서울특별시","용산구","후암동","중국집","35"
"20180126","금","여","40대","서울특별시","용산구","후암동","중국집","21"
"20180126","금","남","60대이상","서울특별시","용산구","보광동","중국집","5"
"20180126","금","여","40대","서울특별시","용산구","원효로4가","중국집","5"
"20180126","금","여","50대","서울특별시","용산구","한강로3가","중국집","32"
"20180126","금","여","50대","서울특별시","용산구","후암동","중국집","21"
"20180126","금","여","20대","서울특별시","용산구","도원동","중국집","5"
"20180126","금","여","60대이상","서울특별시","용산구","원효로4가","중국집","5"
"20180126","금","여","60대이상","서울특별시","용산구","이태원동","중국집","5"
"20180126","금","남","50대","서울특별시","용산구","동자동","중국집","5"
"20180126","금","남","10대","서울특별시","용산구","보광동","중국집","5"
"20180126","금","남","20대","서울특별시","용산구","후암동","중국집","13"
"20180126","금","여","30대","서울특별시","용산구","이태원동","중국집","5"
"20180126","금","여","60대이상","서울특별시","용산구","한강로3가","중국집","20"
"20180126","금","여","30대","서울특별시","용산구","이촌동","중국집","9"
"20180126","금","남","50대","서울특별시","용산구","이태원동","중국집","5"
"20180126","금","여","60대이상","서울특별시","용산구","한남동","중국집","5"
"20180126","금","여","60대이상","서울특별시","용산구","보광동","중국집","5"
"20180126","금","여","40대","서울특별시","용산구","이태원동","중국집","5"
"20180126","금","여","40대","서울특별시","용산구","보광동","중국집","6"
"20180126","금","여","60대이상","서울특별시","용산구","후암동","중국집","7"
"20180126","금","여","30대","서울특별시","용산구","원효로4가","중국집","5"
"20180126","금","여","50대","서울특별시","용산구","보광동","중국집","5"
"20180126","금","여","30대","서울특별시","용산구","한강로3가","중국집","34"
"20180126","금","남","10대","서울특별시","은평구","구산동","중국집","5"
"20180126","금","남","10대","서울특별시","은평구","불광동","중국집","8"
"20180126","금","남","20대","서울특별시","은평구","구산동","중국집","5"
"20180126","금","남","20대","서울특별시","은평구","불광동","중국집","37"
"20180126","금","남","20대","서울특별시","은평구","수색동","중국집","5"
"20180126","금","남","30대","서울특별시","은평구","불광동","중국집","42"
"20180126","금","남","30대","서울특별시","은평구","증산동","중국집","5"
"20180126","금","남","40대","서울특별시","은평구","대조동","중국집","5"
"20180126","금","남","40대","서울특별시","은평구","불광동","중국집","39"
"20180126","금","남","40대","서울특별시","은평구","증산동","중국집","5"
"20180126","금","남","50대","서울특별시","은평구","불광동","중국집","27"
"20180126","금","남","50대","서울특별시","은평구","수색동","중국집","5"
"20180126","금","남","50대","서울특별시","은평구","증산동","중국집","5"
"20180126","금","남","60대이상","서울특별시","은평구","구산동","중국집","5"
"20180126","금","남","60대이상","서울특별시","은평구","불광동","중국집","15"
"20180126","금","남","30대","서울특별시","은평구","수색동","중국집","5"
"20180126","금","여","10대","서울특별시","은평구","불광동","중국집","5"
"20180126","금","여","20대","서울특별시","은평구","수색동","중국집","5"
"20180126","금","여","30대","서울특별시","은평구","구산동","중국집","5"
"20180126","금","여","30대","서울특별시","은평구","불광동","중국집","58"
"20180126","금","여","30대","서울특별시","은평구","수색동","중국집","5"
"20180126","금","여","30대","서울특별시","은평구","증산동","중국집","5"
"20180126","금","여","10대","서울특별시","은평구","구산동","중국집","5"
"20180126","금","여","40대","서울특별시","은평구","구산동","중국집","5"
"20180126","금","여","40대","서울특별시","은평구","대조동","중국집","5"
"20180126","금","여","20대","서울특별시","은평구","구산동","중국집","5"
"20180126","금","여","40대","서울특별시","은평구","불광동","중국집","63"
"20180126","금","여","40대","서울특별시","은평구","수색동","중국집","5"
"20180126","금","여","40대","서울특별시","은평구","증산동","중국집","5"
"20180126","금","여","10대","서울특별시","은평구","증산동","중국집","5"
"20180126","금","여","50대","서울특별시","은평구","갈현동","중국집","5"
"20180126","금","여","50대","서울특별시","은평구","불광동","중국집","31"
"20180126","금","여","50대","서울특별시","은평구","증산동","중국집","5"
"20180126","금","여","20대","서울특별시","은평구","불광동","중국집","11"
"20180126","금","여","60대이상","서울특별시","은평구","구산동","중국집","5"
"20180126","금","여","50대","서울특별시","은평구","구산동","중국집","5"
"20180126","금","여","60대이상","서울특별시","은평구","불광동","중국집","13"
"20180126","금","남","10대","서울특별시","종로구","교남동","중국집","5"
"20180126","금","남","10대","서울특별시","종로구","창성동","중국집","5"
"20180126","금","남","20대","서울특별시","종로구","명륜1가","중국집","5"
"20180126","금","남","20대","서울특별시","종로구","창성동","중국집","5"
"20180126","금","남","30대","서울특별시","종로구","경운동","중국집","5"
"20180126","금","남","30대","서울특별시","종로구","숭인동","중국집","5"
"20180126","금","남","30대","서울특별시","종로구","원서동","중국집","5"
"20180126","금","남","30대","서울특별시","종로구","창성동","중국집","5"
"20180126","금","남","40대","서울특별시","종로구","원서동","중국집","5"
"20180126","금","남","40대","서울특별시","종로구","평창동","중국집","5"
"20180126","금","남","20대","서울특별시","종로구","평창동","중국집","5"
"20180126","금","남","50대","서울특별시","종로구","동숭동","중국집","5"
"20180126","금","남","50대","서울특별시","종로구","명륜1가","중국집","5"
"20180126","금","남","50대","서울특별시","종로구","숭인동","중국집","5"
"20180126","금","남","50대","서울특별시","종로구","원서동","중국집","5"
"20180126","금","남","20대","서울특별시","종로구","낙원동","중국집","5"
"20180126","금","남","50대","서울특별시","종로구","창성동","중국집","5"
"20180126","금","남","30대","서울특별시","종로구","종로6가","중국집","5"
"20180126","금","남","60대이상","서울특별시","종로구","경운동","중국집","5"
"20180126","금","남","40대","서울특별시","종로구","숭인동","중국집","5"
"20180126","금","남","60대이상","서울특별시","종로구","관수동","중국집","5"
"20180126","금","남","40대","서울특별시","종로구","창성동","중국집","5"
"20180126","금","남","60대이상","서울특별시","종로구","동숭동","중국집","5"
"20180126","금","남","60대이상","서울특별시","종로구","숭인동","중국집","5"
"20180126","금","남","60대이상","서울특별시","종로구","신문로2가","중국집","5"
"20180126","금","여","10대","서울특별시","종로구","창성동","중국집","5"
"20180126","금","남","30대","서울특별시","종로구","낙원동","중국집","5"
"20180126","금","남","40대","서울특별시","종로구","관수동","중국집","5"
"20180126","금","여","20대","서울특별시","종로구","경운동","중국집","5"
"20180126","금","여","20대","서울특별시","종로구","교남동","중국집","5"
"20180126","금","남","30대","서울특별시","종로구","관수동","중국집","5"
"20180126","금","여","20대","서울특별시","종로구","낙원동","중국집","5"
"20180126","금","남","60대이상","서울특별시","종로구","교남동","중국집","5"
"20180126","금","여","20대","서울특별시","종로구","숭인동","중국집","5"
"20180126","금","남","40대","서울특별시","종로구","서린동","중국집","5"
"20180126","금","남","40대","서울특별시","종로구","종로5가","중국집","5"
"20180126","금","여","20대","서울특별시","종로구","옥인동","중국집","5"
"20180126","금","여","20대","서울특별시","종로구","원서동","중국집","5"
"20180126","금","남","20대","서울특별시","종로구","종로3가","중국집","5"
"20180126","금","남","50대","서울특별시","종로구","낙원동","중국집","5"
"20180126","금","여","20대","서울특별시","종로구","창성동","중국집","5"
"20180126","금","남","30대","서울특별시","종로구","명륜1가","중국집","5"
"20180126","금","여","20대","서울특별시","종로구","평창동","중국집","5"
"20180126","금","남","20대","서울특별시","종로구","원서동","중국집","5"
"20180126","금","여","30대","서울특별시","종로구","경운동","중국집","5"
"20180126","금","여","30대","서울특별시","종로구","교남동","중국집","5"
"20180126","금","여","30대","서울특별시","종로구","낙원동","중국집","5"
"20180126","금","여","30대","서울특별시","종로구","숭인동","중국집","5"
"20180126","금","남","50대","서울특별시","종로구","경운동","중국집","5"
"20180126","금","남","60대이상","서울특별시","종로구","원서동","중국집","5"
"20180126","금","남","60대이상","서울특별시","종로구","평창동","중국집","5"
"20180126","금","여","30대","서울특별시","종로구","신문로2가","중국집","5"
"20180126","금","남","20대","서울특별시","종로구","신문로2가","중국집","5"
"20180126","금","여","30대","서울특별시","종로구","창성동","중국집","5"
"20180126","금","여","30대","서울특별시","종로구","동숭동","중국집","5"
"20180126","금","여","30대","서울특별시","종로구","평창동","중국집","5"
"20180126","금","여","40대","서울특별시","종로구","경운동","중국집","5"
"20180126","금","남","50대","서울특별시","종로구","종로6가","중국집","5"
"20180126","금","여","40대","서울특별시","종로구","관수동","중국집","5"
"20180126","금","여","40대","서울특별시","종로구","낙원동","중국집","5"
"20180126","금","여","40대","서울특별시","종로구","동숭동","중국집","5"
"20180126","금","남","20대","서울특별시","종로구","숭인동","중국집","5"
"20180126","금","남","30대","서울특별시","종로구","평창동","중국집","5"
"20180126","금","여","40대","서울특별시","종로구","숭인동","중국집","5"
"20180126","금","여","40대","서울특별시","종로구","원서동","중국집","5"
"20180126","금","여","40대","서울특별시","종로구","종로6가","중국집","5"
"20180126","금","여","20대","서울특별시","종로구","신문로2가","중국집","5"
"20180126","금","여","40대","서울특별시","종로구","창성동","중국집","5"
"20180126","금","여","30대","서울특별시","종로구","관수동","중국집","5"
"20180126","금","여","40대","서울특별시","종로구","평창동","중국집","5"
"20180126","금","남","40대","서울특별시","종로구","창신동","중국집","5"
"20180126","금","남","30대","서울특별시","종로구","교남동","중국집","5"
"20180126","금","여","30대","서울특별시","종로구","서린동","중국집","5"
"20180126","금","여","50대","서울특별시","종로구","관수동","중국집","5"
"20180126","금","남","40대","서울특별시","종로구","종로6가","중국집","5"
"20180126","금","여","50대","서울특별시","종로구","숭인동","중국집","5"
"20180126","금","여","50대","서울특별시","종로구","신문로2가","중국집","5"
"20180126","금","남","30대","서울특별시","종로구","신문로2가","중국집","9"
"20180126","금","여","50대","서울특별시","종로구","옥인동","중국집","5"
"20180126","금","여","50대","서울특별시","종로구","평창동","중국집","5"
"20180126","금","여","20대","서울특별시","종로구","명륜1가","중국집","5"
"20180126","금","여","60대이상","서울특별시","종로구","동숭동","중국집","5"
"20180126","금","여","40대","서울특별시","종로구","신문로2가","중국집","5"
"20180126","금","여","60대이상","서울특별시","종로구","명륜1가","중국집","5"
"20180126","금","여","30대","서울특별시","종로구","원서동","중국집","5"
"20180126","금","여","20대","서울특별시","종로구","동숭동","중국집","5"
"20180126","금","남","30대","서울특별시","종로구","동숭동","중국집","6"
"20180126","금","여","60대이상","서울특별시","종로구","신문로2가","중국집","5"
"20180126","금","여","60대이상","서울특별시","종로구","원서동","중국집","5"
"20180126","금","여","30대","서울특별시","종로구","옥인동","중국집","5"
"20180126","금","여","60대이상","서울특별시","종로구","창성동","중국집","5"
"20180126","금","여","60대이상","서울특별시","종로구","평창동","중국집","5"
"20180126","금","남","60대이상","서울특별시","종로구","낙원동","중국집","5"
"20180126","금","여","50대","서울특별시","종로구","창성동","중국집","5"
"20180126","금","남","10대","서울특별시","중구","수하동","중국집","5"
"20180126","금","남","10대","서울특별시","중구","신당동","중국집","5"
"20180126","금","남","20대","서울특별시","중구","수하동","중국집","30"
"20180126","금","남","20대","서울특별시","중구","을지로3가","중국집","5"
"20180126","금","남","20대","서울특별시","중구","을지로6가","중국집","5"
"20180126","금","남","20대","서울특별시","중구","필동2가","중국집","5"
"20180126","금","남","30대","서울특별시","중구","신당동","중국집","100"
"20180126","금","남","30대","서울특별시","중구","회현동1가","중국집","5"
"20180126","금","남","40대","서울특별시","중구","수하동","중국집","89"
"20180126","금","남","20대","서울특별시","중구","주교동","중국집","5"
"20180126","금","남","40대","서울특별시","중구","신당동","중국집","101"
"20180126","금","남","40대","서울특별시","중구","을지로6가","중국집","5"
"20180126","금","남","40대","서울특별시","중구","정동","중국집","5"
"20180126","금","남","50대","서울특별시","중구","수하동","중국집","72"
"20180126","금","남","50대","서울특별시","중구","신당동","중국집","71"
"20180126","금","남","50대","서울특별시","중구","을지로6가","중국집","5"
"20180126","금","남","30대","서울특별시","중구","수하동","중국집","95"
"20180126","금","남","50대","서울특별시","중구","주교동","중국집","5"
"20180126","금","남","50대","서울특별시","중구","필동2가","중국집","5"
"20180126","금","남","50대","서울특별시","중구","태평로1가","중국집","5"
"20180126","금","남","40대","서울특별시","중구","필동2가","중국집","6"
"20180126","금","남","60대이상","서울특별시","중구","수표동","중국집","5"
"20180126","금","남","60대이상","서울특별시","중구","수하동","중국집","25"
"20180126","금","남","60대이상","서울특별시","중구","신당동","중국집","53"
"20180126","금","남","60대이상","서울특별시","중구","을지로3가","중국집","5"
"20180126","금","남","60대이상","서울특별시","중구","을지로4가","중국집","5"
"20180126","금","남","20대","서울특별시","중구","정동","중국집","5"
"20180126","금","남","40대","서울특별시","중구","충무로1가","중국집","5"
"20180126","금","남","60대이상","서울특별시","중구","을지로6가","중국집","5"
"20180126","금","여","10대","서울특별시","중구","수하동","중국집","5"
"20180126","금","여","10대","서울특별시","중구","신당동","중국집","5"
"20180126","금","여","10대","서울특별시","중구","을지로3가","중국집","5"
"20180126","금","여","20대","서울특별시","중구","수하동","중국집","18"
"20180126","금","남","30대","서울특별시","중구","을지로3가","중국집","5"
"20180126","금","남","40대","서울특별시","중구","을지로3가","중국집","5"
"20180126","금","여","20대","서울특별시","중구","정동","중국집","5"
"20180126","금","여","20대","서울특별시","중구","필동2가","중국집","5"
"20180126","금","여","30대","서울특별시","중구","수하동","중국집","42"
"20180126","금","여","30대","서울특별시","중구","신당동","중국집","68"
"20180126","금","여","20대","서울특별시","중구","명동1가","중국집","5"
"20180126","금","여","20대","서울특별시","중구","충무로1가","중국집","5"
"20180126","금","여","30대","서울특별시","중구","을지로6가","중국집","5"
"20180126","금","남","10대","서울특별시","중구","필동2가","중국집","5"
"20180126","금","남","50대","서울특별시","중구","정동","중국집","5"
"20180126","금","여","30대","서울특별시","중구","충무로1가","중국집","5"
"20180126","금","여","30대","서울특별시","중구","필동2가","중국집","5"
"20180126","금","여","20대","서울특별시","중구","을지로6가","중국집","5"
"20180126","금","남","20대","서울특별시","중구","신당동","중국집","52"
"20180126","금","여","40대","서울특별시","중구","수하동","중국집","33"
"20180126","금","여","40대","서울특별시","중구","신당동","중국집","86"
"20180126","금","여","40대","서울특별시","중구","을지로6가","중국집","5"
"20180126","금","여","50대","서울특별시","중구","수하동","중국집","35"
"20180126","금","여","20대","서울특별시","중구","회현동1가","중국집","5"
"20180126","금","여","50대","서울특별시","중구","을지로1가","중국집","5"
"20180126","금","남","20대","서울특별시","중구","명동1가","중국집","5"
"20180126","금","여","20대","서울특별시","중구","신당동","중국집","32"
"20180126","금","여","50대","서울특별시","중구","신당동","중국집","56"
"20180126","금","남","30대","서울특별시","중구","수표동","중국집","5"
"20180126","금","여","50대","서울특별시","중구","주교동","중국집","5"
"20180126","금","남","10대","서울특별시","중구","을지로1가","중국집","5"
"20180126","금","여","30대","서울특별시","중구","정동","중국집","5"
"20180126","금","남","30대","서울특별시","중구","을지로6가","중국집","8"
"20180126","금","여","40대","서울특별시","중구","필동2가","중국집","5"
"20180126","금","여","60대이상","서울특별시","중구","수하동","중국집","16"
"20180126","금","여","50대","서울특별시","중구","을지로3가","중국집","5"
"20180126","금","여","60대이상","서울특별시","중구","신당동","중국집","29"
"20180126","금","남","20대","서울특별시","중랑구","면목동","중국집","25"
"20180126","금","남","20대","서울특별시","중랑구","신내동","중국집","5"
"20180126","금","남","20대","서울특별시","중랑구","중화동","중국집","5"
"20180126","금","남","30대","서울특별시","중랑구","망우동","중국집","5"
"20180126","금","남","30대","서울특별시","중랑구","면목동","중국집","58"
"20180126","금","남","30대","서울특별시","중랑구","묵동","중국집","5"
"20180126","금","남","20대","서울특별시","중랑구","망우동","중국집","5"
"20180126","금","남","30대","서울특별시","중랑구","신내동","중국집","5"
"20180126","금","남","30대","서울특별시","중랑구","중화동","중국집","5"
"20180126","금","남","40대","서울특별시","중랑구","면목동","중국집","73"
"20180126","금","남","40대","서울특별시","중랑구","신내동","중국집","5"
"20180126","금","남","50대","서울특별시","중랑구","면목동","중국집","48"
"20180126","금","남","50대","서울특별시","중랑구","묵동","중국집","5"
"20180126","금","남","60대이상","서울특별시","중랑구","면목동","중국집","23"
"20180126","금","남","60대이상","서울특별시","중랑구","신내동","중국집","5"
"20180126","금","남","10대","서울특별시","중랑구","면목동","중국집","7"
"20180126","금","남","60대이상","서울특별시","중랑구","중화동","중국집","5"
"20180126","금","여","10대","서울특별시","중랑구","망우동","중국집","5"
"20180126","금","여","10대","서울특별시","중랑구","면목동","중국집","5"
"20180126","금","여","20대","서울특별시","중랑구","망우동","중국집","5"
"20180126","금","여","20대","서울특별시","중랑구","면목동","중국집","16"
"20180126","금","여","20대","서울특별시","중랑구","묵동","중국집","5"
"20180126","금","여","20대","서울특별시","중랑구","신내동","중국집","5"
"20180126","금","여","30대","서울특별시","중랑구","망우동","중국집","5"
"20180126","금","여","30대","서울특별시","중랑구","면목동","중국집","36"
"20180126","금","여","30대","서울특별시","중랑구","묵동","중국집","5"
"20180126","금","여","30대","서울특별시","중랑구","신내동","중국집","5"
"20180126","금","여","30대","서울특별시","중랑구","중화동","중국집","5"
"20180126","금","남","60대이상","서울특별시","중랑구","망우동","중국집","5"
"20180126","금","여","40대","서울특별시","중랑구","망우동","중국집","5"
"20180126","금","남","40대","서울특별시","중랑구","묵동","중국집","5"
"20180126","금","여","40대","서울특별시","중랑구","면목동","중국집","59"
"20180126","금","여","40대","서울특별시","중랑구","묵동","중국집","5"
"20180126","금","여","50대","서울특별시","중랑구","면목동","중국집","46"
"20180126","금","여","50대","서울특별시","중랑구","묵동","중국집","5"
"20180126","금","여","60대이상","서울특별시","중랑구","망우동","중국집","5"
"20180126","금","남","50대","서울특별시","중랑구","망우동","중국집","6"
"20180126","금","여","60대이상","서울특별시","중랑구","면목동","중국집","11"
"20180127","토","남","10대","서울특별시","강남구","논현동","중국집","5"
"20180127","토","남","10대","서울특별시","강남구","세곡동","중국집","5"
"20180127","토","남","20대","서울특별시","강남구","논현동","중국집","27"
"20180127","토","남","20대","서울특별시","강남구","세곡동","중국집","5"
"20180127","토","남","20대","서울특별시","강남구","수서동","중국집","5"
"20180127","토","남","30대","서울특별시","강남구","삼성동","중국집","103"
"20180127","토","남","40대","서울특별시","강남구","도곡동","중국집","6"
"20180127","토","남","40대","서울특별시","강남구","세곡동","중국집","13"
"20180127","토","남","40대","서울특별시","강남구","역삼동","중국집","82"
"20180127","토","남","50대","서울특별시","강남구","대치동","중국집","5"
"20180127","토","남","50대","서울특별시","강남구","도곡동","중국집","10"
"20180127","토","남","50대","서울특별시","강남구","삼성동","중국집","44"
"20180127","토","남","50대","서울특별시","강남구","수서동","중국집","5"
"20180127","토","남","60대이상","서울특별시","강남구","대치동","중국집","5"
"20180127","토","남","60대이상","서울특별시","강남구","역삼동","중국집","16"
"20180127","토","남","40대","서울특별시","강남구","압구정동","중국집","5"
"20180127","토","남","30대","서울특별시","강남구","개포동","중국집","5"
"20180127","토","남","30대","서울특별시","강남구","역삼동","중국집","71"
"20180127","토","남","60대이상","서울특별시","강남구","일원동","중국집","5"
"20180127","토","남","30대","서울특별시","강남구","대치동","중국집","5"
"20180127","토","여","10대","서울특별시","강남구","논현동","중국집","5"
"20180127","토","여","10대","서울특별시","강남구","역삼동","중국집","5"
"20180127","토","남","40대","서울특별시","강남구","논현동","중국집","60"
"20180127","토","여","20대","서울특별시","강남구","삼성동","중국집","23"
"20180127","토","여","20대","서울특별시","강남구","일원동","중국집","5"
"20180127","토","여","30대","서울특별시","강남구","개포동","중국집","5"
"20180127","토","여","30대","서울특별시","강남구","논현동","중국집","51"
"20180127","토","여","30대","서울특별시","강남구","도곡동","중국집","8"
"20180127","토","여","30대","서울특별시","강남구","삼성동","중국집","60"
"20180127","토","남","60대이상","서울특별시","강남구","도곡동","중국집","5"
"20180127","토","여","20대","서울특별시","강남구","도곡동","중국집","5"
"20180127","토","여","30대","서울특별시","강남구","세곡동","중국집","12"
"20180127","토","여","30대","서울특별시","강남구","압구정동","중국집","5"
"20180127","토","여","30대","서울특별시","강남구","역삼동","중국집","68"
"20180127","토","여","30대","서울특별시","강남구","일원동","중국집","5"
"20180127","토","남","60대이상","서울특별시","강남구","세곡동","중국집","5"
"20180127","토","남","40대","서울특별시","강남구","수서동","중국집","5"
"20180127","토","남","60대이상","서울특별시","강남구","압구정동","중국집","5"
"20180127","토","여","40대","서울특별시","강남구","개포동","중국집","5"
"20180127","토","여","40대","서울특별시","강남구","논현동","중국집","59"
"20180127","토","남","20대","서울특별시","강남구","개포동","중국집","5"
"20180127","토","여","40대","서울특별시","강남구","대치동","중국집","5"
"20180127","토","남","60대이상","서울특별시","강남구","수서동","중국집","5"
"20180127","토","남","30대","서울특별시","강남구","세곡동","중국집","15"
"20180127","토","여","10대","서울특별시","강남구","개포동","중국집","5"
"20180127","토","남","40대","서울특별시","강남구","개포동","중국집","5"
"20180127","토","남","50대","서울특별시","강남구","논현동","중국집","38"
"20180127","토","여","40대","서울특별시","강남구","도곡동","중국집","9"
"20180127","토","여","40대","서울특별시","강남구","삼성동","중국집","130"
"20180127","토","남","20대","서울특별시","강남구","삼성동","중국집","31"
"20180127","토","여","40대","서울특별시","강남구","세곡동","중국집","18"
"20180127","토","여","20대","서울특별시","강남구","논현동","중국집","17"
"20180127","토","남","30대","서울특별시","강남구","논현동","중국집","65"
"20180127","토","남","20대","서울특별시","강남구","도곡동","중국집","7"
"20180127","토","남","10대","서울특별시","강남구","역삼동","중국집","7"
"20180127","토","남","40대","서울특별시","강남구","일원동","중국집","5"
"20180127","토","여","40대","서울특별시","강남구","압구정동","중국집","6"
"20180127","토","여","40대","서울특별시","강남구","역삼동","중국집","70"
"20180127","토","남","60대이상","서울특별시","강남구","개포동","중국집","5"
"20180127","토","여","40대","서울특별시","강남구","일원동","중국집","5"
"20180127","토","여","30대","서울특별시","강남구","수서동","중국집","5"
"20180127","토","남","40대","서울특별시","강남구","삼성동","중국집","102"
"20180127","토","남","20대","서울특별시","강남구","압구정동","중국집","5"
"20180127","토","남","50대","서울특별시","강남구","일원동","중국집","5"
"20180127","토","여","50대","서울특별시","강남구","개포동","중국집","5"
"20180127","토","여","10대","서울특별시","강남구","일원동","중국집","5"
"20180127","토","남","10대","서울특별시","강남구","삼성동","중국집","11"
"20180127","토","남","20대","서울특별시","강남구","일원동","중국집","5"
"20180127","토","남","30대","서울특별시","강남구","수서동","중국집","6"
"20180127","토","여","20대","서울특별시","강남구","세곡동","중국집","5"
"20180127","토","여","50대","서울특별시","강남구","논현동","중국집","32"
"20180127","토","여","10대","서울특별시","강남구","삼성동","중국집","9"
"20180127","토","여","50대","서울특별시","강남구","도곡동","중국집","10"
"20180127","토","남","60대이상","서울특별시","강남구","삼성동","중국집","28"
"20180127","토","여","20대","서울특별시","강남구","역삼동","중국집","25"
"20180127","토","남","20대","서울특별시","강남구","대치동","중국집","5"
"20180127","토","여","50대","서울특별시","강남구","삼성동","중국집","44"
"20180127","토","여","50대","서울특별시","강남구","세곡동","중국집","9"
"20180127","토","남","20대","서울특별시","강남구","역삼동","중국집","46"
"20180127","토","여","50대","서울특별시","강남구","대치동","중국집","5"
"20180127","토","남","30대","서울특별시","강남구","도곡동","중국집","6"
"20180127","토","남","30대","서울특별시","강남구","압구정동","중국집","5"
"20180127","토","여","50대","서울특별시","강남구","수서동","중국집","5"
"20180127","토","여","60대이상","서울특별시","강남구","논현동","중국집","19"
"20180127","토","여","60대이상","서울특별시","강남구","삼성동","중국집","22"
"20180127","토","남","50대","서울특별시","강남구","역삼동","중국집","38"
"20180127","토","여","60대이상","서울특별시","강남구","세곡동","중국집","5"
"20180127","토","남","60대이상","서울특별시","강남구","논현동","중국집","22"
"20180127","토","여","40대","서울특별시","강남구","수서동","중국집","5"
"20180127","토","여","60대이상","서울특별시","강남구","수서동","중국집","5"
"20180127","토","여","20대","서울특별시","강남구","압구정동","중국집","5"
"20180127","토","여","60대이상","서울특별시","강남구","압구정동","중국집","5"
"20180127","토","여","20대","서울특별시","강남구","개포동","중국집","5"
"20180127","토","여","60대이상","서울특별시","강남구","도곡동","중국집","5"
"20180127","토","여","60대이상","서울특별시","강남구","역삼동","중국집","15"
"20180127","토","여","60대이상","서울특별시","강남구","일원동","중국집","5"
"20180127","토","여","50대","서울특별시","강남구","역삼동","중국집","27"
"20180127","토","남","50대","서울특별시","강남구","세곡동","중국집","5"
"20180127","토","남","10대","서울특별시","강동구","길동","중국집","12"
"20180127","토","남","20대","서울특별시","강동구","성내동","중국집","8"
"20180127","토","남","20대","서울특별시","강동구","암사동","중국집","5"
"20180127","토","남","20대","서울특별시","강동구","천호동","중국집","5"
"20180127","토","남","30대","서울특별시","강동구","길동","중국집","107"
"20180127","토","남","30대","서울특별시","강동구","암사동","중국집","5"
"20180127","토","남","40대","서울특별시","강동구","길동","중국집","105"
"20180127","토","남","40대","서울특별시","강동구","상일동","중국집","5"
"20180127","토","남","30대","서울특별시","강동구","명일동","중국집","5"
"20180127","토","남","40대","서울특별시","강동구","성내동","중국집","5"
"20180127","토","남","50대","서울특별시","강동구","길동","중국집","83"
"20180127","토","남","50대","서울특별시","강동구","명일동","중국집","5"
"20180127","토","남","50대","서울특별시","강동구","암사동","중국집","5"
"20180127","토","남","50대","서울특별시","강동구","천호동","중국집","5"
"20180127","토","남","60대이상","서울특별시","강동구","길동","중국집","30"
"20180127","토","남","60대이상","서울특별시","강동구","명일동","중국집","5"
"20180127","토","남","60대이상","서울특별시","강동구","상일동","중국집","5"
"20180127","토","남","60대이상","서울특별시","강동구","성내동","중국집","5"
"20180127","토","여","10대","서울특별시","강동구","길동","중국집","6"
"20180127","토","여","10대","서울특별시","강동구","성내동","중국집","5"
"20180127","토","여","20대","서울특별시","강동구","길동","중국집","21"
"20180127","토","여","20대","서울특별시","강동구","명일동","중국집","5"
"20180127","토","여","20대","서울특별시","강동구","암사동","중국집","5"
"20180127","토","남","30대","서울특별시","강동구","성내동","중국집","8"
"20180127","토","여","20대","서울특별시","강동구","천호동","중국집","5"
"20180127","토","남","40대","서울특별시","강동구","명일동","중국집","5"
"20180127","토","남","40대","서울특별시","강동구","천호동","중국집","5"
"20180127","토","여","30대","서울특별시","강동구","둔촌동","중국집","5"
"20180127","토","여","30대","서울특별시","강동구","명일동","중국집","6"
"20180127","토","여","30대","서울특별시","강동구","성내동","중국집","6"
"20180127","토","여","30대","서울특별시","강동구","길동","중국집","78"
"20180127","토","여","30대","서울특별시","강동구","암사동","중국집","5"
"20180127","토","남","40대","서울특별시","강동구","암사동","중국집","5"
"20180127","토","여","30대","서울특별시","강동구","천호동","중국집","5"
"20180127","토","남","60대이상","서울특별시","강동구","암사동","중국집","5"
"20180127","토","여","10대","서울특별시","강동구","암사동","중국집","5"
"20180127","토","여","40대","서울특별시","강동구","길동","중국집","120"
"20180127","토","여","40대","서울특별시","강동구","명일동","중국집","5"
"20180127","토","여","40대","서울특별시","강동구","성내동","중국집","9"
"20180127","토","여","40대","서울특별시","강동구","암사동","중국집","5"
"20180127","토","여","40대","서울특별시","강동구","천호동","중국집","5"
"20180127","토","여","10대","서울특별시","강동구","명일동","중국집","5"
"20180127","토","여","50대","서울특별시","강동구","길동","중국집","56"
"20180127","토","여","50대","서울특별시","강동구","명일동","중국집","5"
"20180127","토","여","50대","서울특별시","강동구","성내동","중국집","5"
"20180127","토","여","20대","서울특별시","강동구","성내동","중국집","5"
"20180127","토","여","50대","서울특별시","강동구","암사동","중국집","5"
"20180127","토","남","10대","서울특별시","강동구","암사동","중국집","5"
"20180127","토","남","10대","서울특별시","강동구","성내동","중국집","5"
"20180127","토","남","20대","서울특별시","강동구","길동","중국집","34"
"20180127","토","남","60대이상","서울특별시","강동구","천호동","중국집","5"
"20180127","토","여","50대","서울특별시","강동구","천호동","중국집","5"
"20180127","토","여","60대이상","서울특별시","강동구","길동","중국집","43"
"20180127","토","남","20대","서울특별시","강동구","명일동","중국집","5"
"20180127","토","여","60대이상","서울특별시","강동구","명일동","중국집","5"
"20180127","토","남","50대","서울특별시","강동구","성내동","중국집","5"
"20180127","토","여","50대","서울특별시","강동구","상일동","중국집","5"
"20180127","토","여","60대이상","서울특별시","강동구","상일동","중국집","5"
"20180127","토","여","10대","서울특별시","강동구","천호동","중국집","5"
"20180127","토","여","60대이상","서울특별시","강동구","성내동","중국집","6"
"20180127","토","여","60대이상","서울특별시","강동구","천호동","중국집","5"
"20180127","토","남","10대","서울특별시","강북구","미아동","중국집","11"
"20180127","토","남","10대","서울특별시","강북구","번동","중국집","5"
"20180127","토","남","20대","서울특별시","강북구","미아동","중국집","61"
"20180127","토","남","30대","서울특별시","강북구","우이동","중국집","5"
"20180127","토","남","40대","서울특별시","강북구","미아동","중국집","117"
"20180127","토","남","40대","서울특별시","강북구","수유동","중국집","5"
"20180127","토","남","50대","서울특별시","강북구","미아동","중국집","78"
"20180127","토","남","30대","서울특별시","강북구","미아동","중국집","88"
"20180127","토","남","50대","서울특별시","강북구","번동","중국집","18"
"20180127","토","남","20대","서울특별시","강북구","우이동","중국집","5"
"20180127","토","남","20대","서울특별시","강북구","번동","중국집","18"
"20180127","토","남","30대","서울특별시","강북구","번동","중국집","32"
"20180127","토","남","60대이상","서울특별시","강북구","미아동","중국집","36"
"20180127","토","남","60대이상","서울특별시","강북구","우이동","중국집","5"
"20180127","토","여","10대","서울특별시","강북구","미아동","중국집","5"
"20180127","토","여","10대","서울특별시","강북구","번동","중국집","5"
"20180127","토","여","20대","서울특별시","강북구","미아동","중국집","24"
"20180127","토","남","40대","서울특별시","강북구","번동","중국집","24"
"20180127","토","여","20대","서울특별시","강북구","번동","중국집","6"
"20180127","토","여","20대","서울특별시","강북구","수유동","중국집","5"
"20180127","토","여","20대","서울특별시","강북구","우이동","중국집","5"
"20180127","토","여","30대","서울특별시","강북구","미아동","중국집","68"
"20180127","토","여","30대","서울특별시","강북구","번동","중국집","24"
"20180127","토","여","30대","서울특별시","강북구","수유동","중국집","5"
"20180127","토","남","60대이상","서울특별시","강북구","번동","중국집","10"
"20180127","토","여","30대","서울특별시","강북구","우이동","중국집","5"
"20180127","토","여","40대","서울특별시","강북구","미아동","중국집","120"
"20180127","토","여","40대","서울특별시","강북구","번동","중국집","40"
"20180127","토","여","40대","서울특별시","강북구","수유동","중국집","5"
"20180127","토","여","40대","서울특별시","강북구","우이동","중국집","5"
"20180127","토","여","50대","서울특별시","강북구","미아동","중국집","56"
"20180127","토","여","50대","서울특별시","강북구","번동","중국집","15"
"20180127","토","여","10대","서울특별시","강북구","우이동","중국집","5"
"20180127","토","여","50대","서울특별시","강북구","우이동","중국집","5"
"20180127","토","여","60대이상","서울특별시","강북구","미아동","중국집","44"
"20180127","토","여","60대이상","서울특별시","강북구","번동","중국집","14"
"20180127","토","남","40대","서울특별시","강북구","우이동","중국집","5"
"20180127","토","여","60대이상","서울특별시","강북구","우이동","중국집","5"
"20180127","토","남","10대","서울특별시","강서구","등촌동","중국집","5"
"20180127","토","남","10대","서울특별시","강서구","화곡동","중국집","6"
"20180127","토","남","20대","서울특별시","강서구","등촌동","중국집","16"
"20180127","토","남","20대","서울특별시","강서구","방화동","중국집","5"
"20180127","토","남","20대","서울특별시","강서구","내발산동","중국집","34"
"20180127","토","남","30대","서울특별시","강서구","등촌동","중국집","30"
"20180127","토","남","40대","서울특별시","강서구","가양동","중국집","39"
"20180127","토","남","40대","서울특별시","강서구","등촌동","중국집","37"
"20180127","토","남","40대","서울특별시","강서구","방화동","중국집","5"
"20180127","토","남","20대","서울특별시","강서구","마곡동","중국집","5"
"20180127","토","남","50대","서울특별시","강서구","가양동","중국집","25"
"20180127","토","남","50대","서울특별시","강서구","내발산동","중국집","51"
"20180127","토","남","50대","서울특별시","강서구","마곡동","중국집","5"
"20180127","토","남","50대","서울특별시","강서구","외발산동","중국집","5"
"20180127","토","남","40대","서울특별시","강서구","화곡동","중국집","104"
"20180127","토","남","50대","서울특별시","강서구","화곡동","중국집","54"
"20180127","토","남","10대","서울특별시","강서구","가양동","중국집","7"
"20180127","토","남","40대","서울특별시","강서구","내발산동","중국집","90"
"20180127","토","남","40대","서울특별시","강서구","외발산동","중국집","5"
"20180127","토","남","10대","서울특별시","강서구","마곡동","중국집","5"
"20180127","토","남","60대이상","서울특별시","강서구","가양동","중국집","15"
"20180127","토","남","60대이상","서울특별시","강서구","등촌동","중국집","12"
"20180127","토","남","60대이상","서울특별시","강서구","방화동","중국집","5"
"20180127","토","남","60대이상","서울특별시","강서구","화곡동","중국집","22"
"20180127","토","여","10대","서울특별시","강서구","화곡동","중국집","17"
"20180127","토","여","20대","서울특별시","강서구","가양동","중국집","17"
"20180127","토","여","20대","서울특별시","강서구","등촌동","중국집","12"
"20180127","토","남","30대","서울특별시","강서구","가양동","중국집","47"
"20180127","토","여","20대","서울특별시","강서구","내발산동","중국집","14"
"20180127","토","남","40대","서울특별시","강서구","마곡동","중국집","8"
"20180127","토","여","30대","서울특별시","강서구","가양동","중국집","19"
"20180127","토","여","30대","서울특별시","강서구","내발산동","중국집","80"
"20180127","토","여","30대","서울특별시","강서구","등촌동","중국집","21"
"20180127","토","여","30대","서울특별시","강서구","마곡동","중국집","5"
"20180127","토","여","30대","서울특별시","강서구","방화동","중국집","5"
"20180127","토","여","30대","서울특별시","강서구","외발산동","중국집","5"
"20180127","토","남","20대","서울특별시","강서구","화곡동","중국집","37"
"20180127","토","여","30대","서울특별시","강서구","화곡동","중국집","66"
"20180127","토","남","30대","서울특별시","강서구","내발산동","중국집","89"
"20180127","토","남","30대","서울특별시","강서구","마곡동","중국집","5"
"20180127","토","여","40대","서울특별시","강서구","가양동","중국집","27"
"20180127","토","남","60대이상","서울특별시","강서구","내발산동","중국집","29"
"20180127","토","여","40대","서울특별시","강서구","등촌동","중국집","36"
"20180127","토","여","10대","서울특별시","강서구","가양동","중국집","5"
"20180127","토","여","40대","서울특별시","강서구","마곡동","중국집","5"
"20180127","토","여","40대","서울특별시","강서구","방화동","중국집","5"
"20180127","토","남","10대","서울특별시","강서구","내발산동","중국집","9"
"20180127","토","남","50대","서울특별시","강서구","방화동","중국집","5"
"20180127","토","여","40대","서울특별시","강서구","외발산동","중국집","5"
"20180127","토","남","20대","서울특별시","강서구","가양동","중국집","21"
"20180127","토","여","40대","서울특별시","강서구","화곡동","중국집","95"
"20180127","토","여","50대","서울특별시","강서구","가양동","중국집","21"
"20180127","토","여","20대","서울특별시","강서구","화곡동","중국집","9"
"20180127","토","남","30대","서울특별시","강서구","외발산동","중국집","5"
"20180127","토","남","30대","서울특별시","강서구","화곡동","중국집","73"
"20180127","토","여","20대","서울특별시","강서구","방화동","중국집","5"
"20180127","토","여","50대","서울특별시","강서구","내발산동","중국집","38"
"20180127","토","여","50대","서울특별시","강서구","등촌동","중국집","24"
"20180127","토","여","10대","서울특별시","강서구","내발산동","중국집","5"
"20180127","토","여","50대","서울특별시","강서구","화곡동","중국집","54"
"20180127","토","여","60대이상","서울특별시","강서구","가양동","중국집","15"
"20180127","토","남","50대","서울특별시","강서구","등촌동","중국집","26"
"20180127","토","남","30대","서울특별시","강서구","방화동","중국집","5"
"20180127","토","여","60대이상","서울특별시","강서구","내발산동","중국집","23"
"20180127","토","여","60대이상","서울특별시","강서구","등촌동","중국집","12"
"20180127","토","여","60대이상","서울특별시","강서구","방화동","중국집","5"
"20180127","토","여","40대","서울특별시","강서구","내발산동","중국집","114"
"20180127","토","여","60대이상","서울특별시","강서구","화곡동","중국집","20"
"20180127","토","남","10대","서울특별시","관악구","신림동","중국집","5"
"20180127","토","남","20대","서울특별시","관악구","봉천동","중국집","11"
"20180127","토","남","20대","서울특별시","관악구","신림동","중국집","17"
"20180127","토","남","30대","서울특별시","관악구","신림동","중국집","21"
"20180127","토","남","40대","서울특별시","관악구","봉천동","중국집","14"
"20180127","토","남","40대","서울특별시","관악구","신림동","중국집","10"
"20180127","토","남","50대","서울특별시","관악구","봉천동","중국집","5"
"20180127","토","남","60대이상","서울특별시","관악구","봉천동","중국집","7"
"20180127","토","여","10대","서울특별시","관악구","봉천동","중국집","5"
"20180127","토","여","10대","서울특별시","관악구","신림동","중국집","5"
"20180127","토","남","60대이상","서울특별시","관악구","신림동","중국집","5"
"20180127","토","여","20대","서울특별시","관악구","봉천동","중국집","6"
"20180127","토","여","30대","서울특별시","관악구","봉천동","중국집","13"
"20180127","토","남","10대","서울특별시","관악구","봉천동","중국집","5"
"20180127","토","여","30대","서울특별시","관악구","신림동","중국집","11"
"20180127","토","여","40대","서울특별시","관악구","봉천동","중국집","10"
"20180127","토","여","40대","서울특별시","관악구","신림동","중국집","5"
"20180127","토","여","20대","서울특별시","관악구","신림동","중국집","10"
"20180127","토","남","30대","서울특별시","관악구","봉천동","중국집","12"
"20180127","토","여","50대","서울특별시","관악구","봉천동","중국집","9"
"20180127","토","여","50대","서울특별시","관악구","신림동","중국집","5"
"20180127","토","여","60대이상","서울특별시","관악구","봉천동","중국집","8"
"20180127","토","여","60대이상","서울특별시","관악구","신림동","중국집","5"
"20180127","토","남","50대","서울특별시","관악구","신림동","중국집","5"
"20180127","토","남","20대","서울특별시","광진구","능동","중국집","5"
"20180127","토","남","20대","서울특별시","광진구","자양동","중국집","10"
"20180127","토","남","20대","서울특별시","광진구","중곡동","중국집","5"
"20180127","토","남","30대","서울특별시","광진구","능동","중국집","5"
"20180127","토","남","40대","서울특별시","광진구","능동","중국집","5"
"20180127","토","남","40대","서울특별시","광진구","화양동","중국집","5"
"20180127","토","남","50대","서울특별시","광진구","자양동","중국집","5"
"20180127","토","남","60대이상","서울특별시","광진구","광장동","중국집","5"
"20180127","토","남","60대이상","서울특별시","광진구","자양동","중국집","5"
"20180127","토","남","60대이상","서울특별시","광진구","중곡동","중국집","5"
"20180127","토","남","40대","서울특별시","광진구","자양동","중국집","8"
"20180127","토","여","10대","서울특별시","광진구","화양동","중국집","5"
"20180127","토","여","20대","서울특별시","광진구","능동","중국집","5"
"20180127","토","남","30대","서울특별시","광진구","자양동","중국집","6"
"20180127","토","여","20대","서울특별시","광진구","자양동","중국집","10"
"20180127","토","여","20대","서울특별시","광진구","중곡동","중국집","5"
"20180127","토","여","30대","서울특별시","광진구","능동","중국집","5"
"20180127","토","여","30대","서울특별시","광진구","자양동","중국집","12"
"20180127","토","여","20대","서울특별시","광진구","화양동","중국집","5"
"20180127","토","여","30대","서울특별시","광진구","중곡동","중국집","5"
"20180127","토","여","10대","서울특별시","광진구","자양동","중국집","5"
"20180127","토","남","10대","서울특별시","광진구","자양동","중국집","5"
"20180127","토","여","40대","서울특별시","광진구","광장동","중국집","5"
"20180127","토","여","40대","서울특별시","광진구","자양동","중국집","10"
"20180127","토","여","30대","서울특별시","광진구","광장동","중국집","5"
"20180127","토","여","40대","서울특별시","광진구","중곡동","중국집","5"
"20180127","토","여","50대","서울특별시","광진구","자양동","중국집","6"
"20180127","토","여","60대이상","서울특별시","광진구","구의동","중국집","5"
"20180127","토","여","60대이상","서울특별시","광진구","자양동","중국집","5"
"20180127","토","여","60대이상","서울특별시","광진구","중곡동","중국집","5"
"20180127","토","남","10대","서울특별시","구로구","개봉동","중국집","10"
"20180127","토","남","10대","서울특별시","구로구","구로동","중국집","5"
"20180127","토","남","20대","서울특별시","구로구","개봉동","중국집","30"
"20180127","토","남","20대","서울특별시","구로구","구로동","중국집","6"
"20180127","토","남","30대","서울특별시","구로구","개봉동","중국집","44"
"20180127","토","남","30대","서울특별시","구로구","구로동","중국집","5"
"20180127","토","남","30대","서울특별시","구로구","궁동","중국집","5"
"20180127","토","남","40대","서울특별시","구로구","개봉동","중국집","59"
"20180127","토","남","40대","서울특별시","구로구","구로동","중국집","5"
"20180127","토","남","40대","서울특별시","구로구","궁동","중국집","5"
"20180127","토","남","40대","서울특별시","구로구","신도림동","중국집","5"
"20180127","토","남","50대","서울특별시","구로구","개봉동","중국집","41"
"20180127","토","남","50대","서울특별시","구로구","궁동","중국집","5"
"20180127","토","남","60대이상","서울특별시","구로구","개봉동","중국집","21"
"20180127","토","남","60대이상","서울특별시","구로구","구로동","중국집","5"
"20180127","토","여","20대","서울특별시","구로구","개봉동","중국집","17"
"20180127","토","여","20대","서울특별시","구로구","궁동","중국집","5"
"20180127","토","여","20대","서울특별시","구로구","신도림동","중국집","5"
"20180127","토","여","30대","서울특별시","구로구","개봉동","중국집","55"
"20180127","토","여","30대","서울특별시","구로구","구로동","중국집","8"
"20180127","토","여","30대","서울특별시","구로구","궁동","중국집","7"
"20180127","토","여","40대","서울특별시","구로구","개봉동","중국집","63"
"20180127","토","여","10대","서울특별시","구로구","개봉동","중국집","9"
"20180127","토","여","40대","서울특별시","구로구","구로동","중국집","6"
"20180127","토","여","30대","서울특별시","구로구","신도림동","중국집","5"
"20180127","토","여","50대","서울특별시","구로구","개봉동","중국집","38"
"20180127","토","여","50대","서울특별시","구로구","구로동","중국집","5"
"20180127","토","남","10대","서울특별시","구로구","궁동","중국집","5"
"20180127","토","남","50대","서울특별시","구로구","구로동","중국집","5"
"20180127","토","여","50대","서울특별시","구로구","궁동","중국집","5"
"20180127","토","남","20대","서울특별시","구로구","신도림동","중국집","5"
"20180127","토","남","20대","서울특별시","구로구","궁동","중국집","5"
"20180127","토","여","50대","서울특별시","구로구","신도림동","중국집","5"
"20180127","토","여","60대이상","서울특별시","구로구","개봉동","중국집","17"
"20180127","토","여","40대","서울특별시","구로구","궁동","중국집","5"
"20180127","토","여","60대이상","서울특별시","구로구","구로동","중국집","5"
"20180127","토","여","60대이상","서울특별시","구로구","궁동","중국집","5"
"20180127","토","남","60대이상","서울특별시","구로구","궁동","중국집","5"
"20180127","토","남","10대","서울특별시","금천구","시흥동","중국집","5"
"20180127","토","남","20대","서울특별시","금천구","시흥동","중국집","10"
"20180127","토","남","30대","서울특별시","금천구","가산동","중국집","24"
"20180127","토","남","30대","서울특별시","금천구","독산동","중국집","5"
"20180127","토","남","30대","서울특별시","금천구","시흥동","중국집","5"
"20180127","토","남","40대","서울특별시","금천구","가산동","중국집","34"
"20180127","토","남","40대","서울특별시","금천구","독산동","중국집","5"
"20180127","토","남","40대","서울특별시","금천구","시흥동","중국집","5"
"20180127","토","남","50대","서울특별시","금천구","가산동","중국집","16"
"20180127","토","남","50대","서울특별시","금천구","독산동","중국집","5"
"20180127","토","남","50대","서울특별시","금천구","시흥동","중국집","5"
"20180127","토","남","60대이상","서울특별시","금천구","독산동","중국집","5"
"20180127","토","남","60대이상","서울특별시","금천구","시흥동","중국집","7"
"20180127","토","여","20대","서울특별시","금천구","가산동","중국집","5"
"20180127","토","여","20대","서울특별시","금천구","독산동","중국집","5"
"20180127","토","남","60대이상","서울특별시","금천구","가산동","중국집","7"
"20180127","토","여","20대","서울특별시","금천구","시흥동","중국집","5"
"20180127","토","여","30대","서울특별시","금천구","가산동","중국집","8"
"20180127","토","여","30대","서울특별시","금천구","독산동","중국집","5"
"20180127","토","여","30대","서울특별시","금천구","시흥동","중국집","5"
"20180127","토","여","40대","서울특별시","금천구","가산동","중국집","21"
"20180127","토","남","20대","서울특별시","금천구","독산동","중국집","5"
"20180127","토","여","40대","서울특별시","금천구","독산동","중국집","5"
"20180127","토","여","40대","서울특별시","금천구","시흥동","중국집","5"
"20180127","토","여","50대","서울특별시","금천구","가산동","중국집","7"
"20180127","토","여","50대","서울특별시","금천구","시흥동","중국집","5"
"20180127","토","여","60대이상","서울특별시","금천구","가산동","중국집","9"
"20180127","토","여","60대이상","서울특별시","금천구","시흥동","중국집","5"
"20180127","토","남","20대","서울특별시","금천구","가산동","중국집","18"
"20180127","토","남","20대","서울특별시","노원구","공릉동","중국집","7"
"20180127","토","남","20대","서울특별시","노원구","상계동","중국집","46"
"20180127","토","남","20대","서울특별시","노원구","월계동","중국집","5"
"20180127","토","남","20대","서울특별시","노원구","중계동","중국집","5"
"20180127","토","남","30대","서울특별시","노원구","공릉동","중국집","8"
"20180127","토","남","30대","서울특별시","노원구","상계동","중국집","72"
"20180127","토","남","30대","서울특별시","노원구","월계동","중국집","5"
"20180127","토","남","30대","서울특별시","노원구","중계동","중국집","5"
"20180127","토","남","40대","서울특별시","노원구","월계동","중국집","5"
"20180127","토","남","40대","서울특별시","노원구","하계동","중국집","5"
"20180127","토","남","50대","서울특별시","노원구","공릉동","중국집","5"
"20180127","토","남","50대","서울특별시","노원구","상계동","중국집","50"
"20180127","토","남","50대","서울특별시","노원구","중계동","중국집","5"
"20180127","토","남","40대","서울특별시","노원구","공릉동","중국집","5"
"20180127","토","남","60대이상","서울특별시","노원구","상계동","중국집","31"
"20180127","토","남","60대이상","서울특별시","노원구","월계동","중국집","5"
"20180127","토","남","40대","서울특별시","노원구","중계동","중국집","5"
"20180127","토","여","10대","서울특별시","노원구","공릉동","중국집","5"
"20180127","토","남","60대이상","서울특별시","노원구","공릉동","중국집","5"
"20180127","토","여","10대","서울특별시","노원구","상계동","중국집","9"
"20180127","토","여","20대","서울특별시","노원구","공릉동","중국집","5"
"20180127","토","여","20대","서울특별시","노원구","상계동","중국집","20"
"20180127","토","여","20대","서울특별시","노원구","중계동","중국집","5"
"20180127","토","여","30대","서울특별시","노원구","공릉동","중국집","5"
"20180127","토","여","30대","서울특별시","노원구","상계동","중국집","55"
"20180127","토","여","30대","서울특별시","노원구","월계동","중국집","5"
"20180127","토","여","30대","서울특별시","노원구","중계동","중국집","5"
"20180127","토","남","10대","서울특별시","노원구","상계동","중국집","12"
"20180127","토","여","40대","서울특별시","노원구","공릉동","중국집","5"
"20180127","토","여","40대","서울특별시","노원구","상계동","중국집","107"
"20180127","토","여","40대","서울특별시","노원구","월계동","중국집","5"
"20180127","토","남","50대","서울특별시","노원구","월계동","중국집","5"
"20180127","토","여","40대","서울특별시","노원구","중계동","중국집","11"
"20180127","토","여","50대","서울특별시","노원구","공릉동","중국집","5"
"20180127","토","여","50대","서울특별시","노원구","상계동","중국집","71"
"20180127","토","여","50대","서울특별시","노원구","월계동","중국집","5"
"20180127","토","남","10대","서울특별시","노원구","중계동","중국집","5"
"20180127","토","여","50대","서울특별시","노원구","중계동","중국집","5"
"20180127","토","남","40대","서울특별시","노원구","상계동","중국집","94"
"20180127","토","여","60대이상","서울특별시","노원구","공릉동","중국집","5"
"20180127","토","여","60대이상","서울특별시","노원구","상계동","중국집","21"
"20180127","토","여","60대이상","서울특별시","노원구","월계동","중국집","5"
"20180127","토","남","10대","서울특별시","도봉구","방학동","중국집","5"
"20180127","토","남","20대","서울특별시","도봉구","쌍문동","중국집","5"
"20180127","토","남","30대","서울특별시","도봉구","방학동","중국집","5"
"20180127","토","남","30대","서울특별시","도봉구","쌍문동","중국집","6"
"20180127","토","남","40대","서울특별시","도봉구","도봉동","중국집","5"
"20180127","토","남","40대","서울특별시","도봉구","방학동","중국집","5"
"20180127","토","남","30대","서울특별시","도봉구","도봉동","중국집","5"
"20180127","토","남","40대","서울특별시","도봉구","쌍문동","중국집","5"
"20180127","토","남","60대이상","서울특별시","도봉구","방학동","중국집","5"
"20180127","토","여","10대","서울특별시","도봉구","쌍문동","중국집","5"
"20180127","토","여","20대","서울특별시","도봉구","도봉동","중국집","5"
"20180127","토","여","20대","서울특별시","도봉구","방학동","중국집","5"
"20180127","토","여","20대","서울특별시","도봉구","쌍문동","중국집","5"
"20180127","토","여","30대","서울특별시","도봉구","도봉동","중국집","5"
"20180127","토","여","30대","서울특별시","도봉구","쌍문동","중국집","5"
"20180127","토","여","40대","서울특별시","도봉구","방학동","중국집","5"
"20180127","토","여","40대","서울특별시","도봉구","쌍문동","중국집","5"
"20180127","토","남","10대","서울특별시","도봉구","쌍문동","중국집","5"
"20180127","토","여","50대","서울특별시","도봉구","도봉동","중국집","5"
"20180127","토","여","50대","서울특별시","도봉구","방학동","중국집","5"
"20180127","토","여","30대","서울특별시","도봉구","방학동","중국집","5"
"20180127","토","여","50대","서울특별시","도봉구","쌍문동","중국집","5"
"20180127","토","여","60대이상","서울특별시","도봉구","도봉동","중국집","5"
"20180127","토","남","10대","서울특별시","동대문구","전농동","중국집","5"
"20180127","토","남","10대","서울특별시","동대문구","제기동","중국집","11"
"20180127","토","남","20대","서울특별시","동대문구","장안동","중국집","35"
"20180127","토","남","20대","서울특별시","동대문구","전농동","중국집","7"
"20180127","토","남","30대","서울특별시","동대문구","장안동","중국집","53"
"20180127","토","남","20대","서울특별시","동대문구","제기동","중국집","39"
"20180127","토","남","30대","서울특별시","동대문구","전농동","중국집","7"
"20180127","토","남","50대","서울특별시","동대문구","제기동","중국집","38"
"20180127","토","남","30대","서울특별시","동대문구","제기동","중국집","74"
"20180127","토","남","10대","서울특별시","동대문구","장안동","중국집","14"
"20180127","토","남","60대이상","서울특별시","동대문구","장안동","중국집","20"
"20180127","토","남","40대","서울특별시","동대문구","제기동","중국집","78"
"20180127","토","남","60대이상","서울특별시","동대문구","전농동","중국집","5"
"20180127","토","여","10대","서울특별시","동대문구","제기동","중국집","7"
"20180127","토","여","20대","서울특별시","동대문구","장안동","중국집","16"
"20180127","토","여","20대","서울특별시","동대문구","제기동","중국집","12"
"20180127","토","여","30대","서울특별시","동대문구","장안동","중국집","60"
"20180127","토","여","30대","서울특별시","동대문구","전농동","중국집","5"
"20180127","토","여","10대","서울특별시","동대문구","장안동","중국집","5"
"20180127","토","남","40대","서울특별시","동대문구","전농동","중국집","5"
"20180127","토","여","30대","서울특별시","동대문구","제기동","중국집","27"
"20180127","토","남","50대","서울특별시","동대문구","장안동","중국집","38"
"20180127","토","여","30대","서울특별시","동대문구","휘경동","중국집","5"
"20180127","토","여","30대","서울특별시","동대문구","답십리동","중국집","5"
"20180127","토","여","20대","서울특별시","동대문구","답십리동","중국집","5"
"20180127","토","여","40대","서울특별시","동대문구","장안동","중국집","96"
"20180127","토","여","40대","서울특별시","동대문구","전농동","중국집","5"
"20180127","토","남","60대이상","서울특별시","동대문구","제기동","중국집","25"
"20180127","토","여","40대","서울특별시","동대문구","제기동","중국집","41"
"20180127","토","여","50대","서울특별시","동대문구","답십리동","중국집","5"
"20180127","토","여","50대","서울특별시","동대문구","장안동","중국집","24"
"20180127","토","남","30대","서울특별시","동대문구","답십리동","중국집","5"
"20180127","토","여","50대","서울특별시","동대문구","전농동","중국집","5"
"20180127","토","여","20대","서울특별시","동대문구","전농동","중국집","5"
"20180127","토","남","40대","서울특별시","동대문구","장안동","중국집","69"
"20180127","토","여","50대","서울특별시","동대문구","제기동","중국집","49"
"20180127","토","여","60대이상","서울특별시","동대문구","답십리동","중국집","5"
"20180127","토","남","50대","서울특별시","동대문구","전농동","중국집","5"
"20180127","토","여","60대이상","서울특별시","동대문구","장안동","중국집","21"
"20180127","토","여","10대","서울특별시","동대문구","전농동","중국집","5"
"20180127","토","여","60대이상","서울특별시","동대문구","전농동","중국집","5"
"20180127","토","여","60대이상","서울특별시","동대문구","제기동","중국집","33"
"20180127","토","남","20대","서울특별시","동작구","노량진동","중국집","5"
"20180127","토","남","20대","서울특별시","동작구","본동","중국집","5"
"20180127","토","남","20대","서울특별시","동작구","사당동","중국집","5"
"20180127","토","남","20대","서울특별시","동작구","상도동","중국집","5"
"20180127","토","남","20대","서울특별시","동작구","신대방동","중국집","89"
"20180127","토","남","30대","서울특별시","동작구","노량진동","중국집","5"
"20180127","토","남","30대","서울특별시","동작구","사당동","중국집","5"
"20180127","토","남","30대","서울특별시","동작구","상도동","중국집","7"
"20180127","토","남","30대","서울특별시","동작구","신대방동","중국집","169"
"20180127","토","남","40대","서울특별시","동작구","노량진동","중국집","5"
"20180127","토","남","40대","서울특별시","동작구","상도동","중국집","5"
"20180127","토","남","40대","서울특별시","동작구","신대방동","중국집","162"
"20180127","토","남","50대","서울특별시","동작구","노량진동","중국집","5"
"20180127","토","남","40대","서울특별시","동작구","사당동","중국집","6"
"20180127","토","남","50대","서울특별시","동작구","본동","중국집","5"
"20180127","토","남","50대","서울특별시","동작구","사당동","중국집","5"
"20180127","토","남","50대","서울특별시","동작구","신대방동","중국집","101"
"20180127","토","남","60대이상","서울특별시","동작구","노량진동","중국집","5"
"20180127","토","남","10대","서울특별시","동작구","신대방동","중국집","10"
"20180127","토","남","30대","서울특별시","동작구","본동","중국집","5"
"20180127","토","남","60대이상","서울특별시","동작구","대방동","중국집","5"
"20180127","토","남","50대","서울특별시","동작구","상도동","중국집","5"
"20180127","토","남","60대이상","서울특별시","동작구","사당동","중국집","5"
"20180127","토","남","60대이상","서울특별시","동작구","상도동","중국집","5"
"20180127","토","남","60대이상","서울특별시","동작구","신대방동","중국집","65"
"20180127","토","여","10대","서울특별시","동작구","상도동","중국집","5"
"20180127","토","여","10대","서울특별시","동작구","신대방동","중국집","17"
"20180127","토","여","20대","서울특별시","동작구","대방동","중국집","5"
"20180127","토","여","20대","서울특별시","동작구","사당동","중국집","5"
"20180127","토","여","20대","서울특별시","동작구","상도동","중국집","5"
"20180127","토","여","20대","서울특별시","동작구","신대방동","중국집","45"
"20180127","토","여","30대","서울특별시","동작구","노량진동","중국집","5"
"20180127","토","여","10대","서울특별시","동작구","본동","중국집","5"
"20180127","토","여","30대","서울특별시","동작구","대방동","중국집","5"
"20180127","토","남","60대이상","서울특별시","동작구","본동","중국집","5"
"20180127","토","여","30대","서울특별시","동작구","본동","중국집","5"
"20180127","토","여","30대","서울특별시","동작구","상도동","중국집","12"
"20180127","토","여","30대","서울특별시","동작구","신대방동","중국집","133"
"20180127","토","여","40대","서울특별시","동작구","노량진동","중국집","5"
"20180127","토","여","30대","서울특별시","동작구","사당동","중국집","7"
"20180127","토","여","40대","서울특별시","동작구","본동","중국집","5"
"20180127","토","여","40대","서울특별시","동작구","사당동","중국집","6"
"20180127","토","여","40대","서울특별시","동작구","상도동","중국집","5"
"20180127","토","여","40대","서울특별시","동작구","신대방동","중국집","165"
"20180127","토","남","30대","서울특별시","동작구","흑석동","중국집","5"
"20180127","토","여","50대","서울특별시","동작구","노량진동","중국집","5"
"20180127","토","여","50대","서울특별시","동작구","사당동","중국집","5"
"20180127","토","여","20대","서울특별시","동작구","본동","중국집","5"
"20180127","토","남","10대","서울특별시","동작구","상도동","중국집","5"
"20180127","토","여","50대","서울특별시","동작구","신대방동","중국집","100"
"20180127","토","여","60대이상","서울특별시","동작구","노량진동","중국집","5"
"20180127","토","여","60대이상","서울특별시","동작구","본동","중국집","5"
"20180127","토","여","60대이상","서울특별시","동작구","사당동","중국집","5"
"20180127","토","여","60대이상","서울특별시","동작구","상도동","중국집","5"
"20180127","토","여","60대이상","서울특별시","동작구","신대방동","중국집","52"
"20180127","토","남","40대","서울특별시","동작구","본동","중국집","5"
"20180127","토","남","10대","서울특별시","마포구","마포동","중국집","5"
"20180127","토","남","10대","서울특별시","마포구","상암동","중국집","5"
"20180127","토","남","10대","서울특별시","마포구","서교동","중국집","5"
"20180127","토","남","20대","서울특별시","마포구","상암동","중국집","16"
"20180127","토","남","20대","서울특별시","마포구","신수동","중국집","5"
"20180127","토","남","20대","서울특별시","마포구","염리동","중국집","5"
"20180127","토","남","20대","서울특별시","마포구","합정동","중국집","16"
"20180127","토","남","30대","서울특별시","마포구","마포동","중국집","5"
"20180127","토","남","30대","서울특별시","마포구","망원동","중국집","5"
"20180127","토","남","40대","서울특별시","마포구","마포동","중국집","5"
"20180127","토","남","40대","서울특별시","마포구","합정동","중국집","20"
"20180127","토","남","40대","서울특별시","마포구","신공덕동","중국집","5"
"20180127","토","남","50대","서울특별시","마포구","창전동","중국집","5"
"20180127","토","남","30대","서울특별시","마포구","노고산동","중국집","5"
"20180127","토","남","60대이상","서울특별시","마포구","아현동","중국집","5"
"20180127","토","남","60대이상","서울특별시","마포구","염리동","중국집","5"
"20180127","토","여","10대","서울특별시","마포구","상암동","중국집","5"
"20180127","토","여","20대","서울특별시","마포구","대흥동","중국집","5"
"20180127","토","여","20대","서울특별시","마포구","신수동","중국집","5"
"20180127","토","남","60대이상","서울특별시","마포구","합정동","중국집","6"
"20180127","토","여","20대","서울특별시","마포구","창전동","중국집","5"
"20180127","토","남","20대","서울특별시","마포구","노고산동","중국집","5"
"20180127","토","남","30대","서울특별시","마포구","아현동","중국집","5"
"20180127","토","여","20대","서울특별시","마포구","합정동","중국집","7"
"20180127","토","여","30대","서울특별시","마포구","노고산동","중국집","5"
"20180127","토","여","30대","서울특별시","마포구","상암동","중국집","31"
"20180127","토","여","30대","서울특별시","마포구","서교동","중국집","5"
"20180127","토","남","60대이상","서울특별시","마포구","상암동","중국집","12"
"20180127","토","남","30대","서울특별시","마포구","염리동","중국집","5"
"20180127","토","여","30대","서울특별시","마포구","아현동","중국집","5"
"20180127","토","여","20대","서울특별시","마포구","신공덕동","중국집","5"
"20180127","토","남","40대","서울특별시","마포구","망원동","중국집","5"
"20180127","토","여","30대","서울특별시","마포구","염리동","중국집","5"
"20180127","토","여","40대","서울특별시","마포구","공덕동","중국집","5"
"20180127","토","남","30대","서울특별시","마포구","신공덕동","중국집","5"
"20180127","토","남","40대","서울특별시","마포구","창전동","중국집","5"
"20180127","토","여","40대","서울특별시","마포구","대흥동","중국집","5"
"20180127","토","남","30대","서울특별시","마포구","상암동","중국집","32"
"20180127","토","여","40대","서울특별시","마포구","마포동","중국집","5"
"20180127","토","여","40대","서울특별시","마포구","상암동","중국집","42"
"20180127","토","남","30대","서울특별시","마포구","신수동","중국집","5"
"20180127","토","남","30대","서울특별시","마포구","대흥동","중국집","5"
"20180127","토","남","50대","서울특별시","마포구","대흥동","중국집","5"
"20180127","토","남","40대","서울특별시","마포구","상암동","중국집","39"
"20180127","토","남","50대","서울특별시","마포구","상암동","중국집","20"
"20180127","토","여","40대","서울특별시","마포구","신공덕동","중국집","5"
"20180127","토","여","40대","서울특별시","마포구","신수동","중국집","5"
"20180127","토","남","50대","서울특별시","마포구","노고산동","중국집","5"
"20180127","토","여","40대","서울특별시","마포구","염리동","중국집","6"
"20180127","토","여","40대","서울특별시","마포구","창전동","중국집","5"
"20180127","토","여","40대","서울특별시","마포구","합정동","중국집","15"
"20180127","토","여","30대","서울특별시","마포구","대흥동","중국집","5"
"20180127","토","남","30대","서울특별시","마포구","합정동","중국집","27"
"20180127","토","여","50대","서울특별시","마포구","마포동","중국집","5"
"20180127","토","남","50대","서울특별시","마포구","아현동","중국집","5"
"20180127","토","여","50대","서울특별시","마포구","망원동","중국집","5"
"20180127","토","여","30대","서울특별시","마포구","마포동","중국집","5"
"20180127","토","여","30대","서울특별시","마포구","신공덕동","중국집","5"
"20180127","토","여","50대","서울특별시","마포구","상암동","중국집","30"
"20180127","토","여","50대","서울특별시","마포구","공덕동","중국집","5"
"20180127","토","여","50대","서울특별시","마포구","신공덕동","중국집","5"
"20180127","토","여","50대","서울특별시","마포구","아현동","중국집","5"
"20180127","토","여","50대","서울특별시","마포구","염리동","중국집","5"
"20180127","토","남","20대","서울특별시","마포구","신공덕동","중국집","5"
"20180127","토","여","30대","서울특별시","마포구","합정동","중국집","17"
"20180127","토","여","20대","서울특별시","마포구","염리동","중국집","5"
"20180127","토","여","50대","서울특별시","마포구","합정동","중국집","10"
"20180127","토","남","50대","서울특별시","마포구","신공덕동","중국집","5"
"20180127","토","여","60대이상","서울특별시","마포구","공덕동","중국집","5"
"20180127","토","남","50대","서울특별시","마포구","합정동","중국집","5"
"20180127","토","여","60대이상","서울특별시","마포구","망원동","중국집","5"
"20180127","토","여","30대","서울특별시","마포구","창전동","중국집","5"
"20180127","토","여","40대","서울특별시","마포구","아현동","중국집","5"
"20180127","토","여","60대이상","서울특별시","마포구","상암동","중국집","16"
"20180127","토","여","30대","서울특별시","마포구","공덕동","중국집","5"
"20180127","토","남","50대","서울특별시","마포구","염리동","중국집","5"
"20180127","토","남","40대","서울특별시","마포구","공덕동","중국집","5"
"20180127","토","여","60대이상","서울특별시","마포구","합정동","중국집","8"
"20180127","토","여","20대","서울특별시","마포구","상암동","중국집","8"
"20180127","토","남","10대","서울특별시","서대문구","창천동","중국집","5"
"20180127","토","남","20대","서울특별시","서대문구","충정로2가","중국집","5"
"20180127","토","남","20대","서울특별시","서대문구","충정로3가","중국집","5"
"20180127","토","남","30대","서울특별시","서대문구","남가좌동","중국집","5"
"20180127","토","남","30대","서울특별시","서대문구","충정로3가","중국집","5"
"20180127","토","남","40대","서울특별시","서대문구","남가좌동","중국집","5"
"20180127","토","남","40대","서울특별시","서대문구","연희동","중국집","82"
"20180127","토","남","40대","서울특별시","서대문구","창천동","중국집","38"
"20180127","토","남","50대","서울특별시","서대문구","연희동","중국집","48"
"20180127","토","남","50대","서울특별시","서대문구","충정로2가","중국집","5"
"20180127","토","남","30대","서울특별시","서대문구","창천동","중국집","42"
"20180127","토","남","40대","서울특별시","서대문구","홍은동","중국집","5"
"20180127","토","남","50대","서울특별시","서대문구","충정로3가","중국집","5"
"20180127","토","남","40대","서울특별시","서대문구","북아현동","중국집","5"
"20180127","토","남","50대","서울특별시","서대문구","홍은동","중국집","5"
"20180127","토","남","60대이상","서울특별시","서대문구","창천동","중국집","14"
"20180127","토","남","60대이상","서울특별시","서대문구","충정로3가","중국집","5"
"20180127","토","남","60대이상","서울특별시","서대문구","남가좌동","중국집","5"
"20180127","토","남","60대이상","서울특별시","서대문구","홍은동","중국집","5"
"20180127","토","남","60대이상","서울특별시","서대문구","홍제동","중국집","18"
"20180127","토","남","30대","서울특별시","서대문구","홍제동","중국집","38"
"20180127","토","남","50대","서울특별시","서대문구","창천동","중국집","22"
"20180127","토","여","10대","서울특별시","서대문구","창천동","중국집","5"
"20180127","토","여","10대","서울특별시","서대문구","홍제동","중국집","5"
"20180127","토","여","10대","서울특별시","서대문구","연희동","중국집","5"
"20180127","토","여","20대","서울특별시","서대문구","남가좌동","중국집","5"
"20180127","토","남","40대","서울특별시","서대문구","홍제동","중국집","43"
"20180127","토","남","60대이상","서울특별시","서대문구","북가좌동","중국집","5"
"20180127","토","여","20대","서울특별시","서대문구","북가좌동","중국집","5"
"20180127","토","여","20대","서울특별시","서대문구","연희동","중국집","27"
"20180127","토","여","20대","서울특별시","서대문구","충정로3가","중국집","5"
"20180127","토","여","30대","서울특별시","서대문구","남가좌동","중국집","5"
"20180127","토","여","30대","서울특별시","서대문구","북가좌동","중국집","5"
"20180127","토","남","50대","서울특별시","서대문구","남가좌동","중국집","5"
"20180127","토","남","10대","서울특별시","서대문구","홍제동","중국집","5"
"20180127","토","남","50대","서울특별시","서대문구","홍제동","중국집","30"
"20180127","토","여","30대","서울특별시","서대문구","북아현동","중국집","5"
"20180127","토","여","30대","서울특별시","서대문구","연희동","중국집","55"
"20180127","토","여","30대","서울특별시","서대문구","창천동","중국집","27"
"20180127","토","남","20대","서울특별시","서대문구","홍은동","중국집","5"
"20180127","토","여","30대","서울특별시","서대문구","충정로2가","중국집","5"
"20180127","토","여","30대","서울특별시","서대문구","충정로3가","중국집","8"
"20180127","토","여","30대","서울특별시","서대문구","홍은동","중국집","5"
"20180127","토","남","20대","서울특별시","서대문구","홍제동","중국집","18"
"20180127","토","여","30대","서울특별시","서대문구","홍제동","중국집","24"
"20180127","토","여","40대","서울특별시","서대문구","북가좌동","중국집","5"
"20180127","토","남","50대","서울특별시","서대문구","북아현동","중국집","5"
"20180127","토","여","40대","서울특별시","서대문구","북아현동","중국집","5"
"20180127","토","여","40대","서울특별시","서대문구","연희동","중국집","53"
"20180127","토","남","20대","서울특별시","서대문구","창천동","중국집","26"
"20180127","토","여","40대","서울특별시","서대문구","충정로3가","중국집","5"
"20180127","토","여","40대","서울특별시","서대문구","홍은동","중국집","5"
"20180127","토","여","50대","서울특별시","서대문구","남가좌동","중국집","5"
"20180127","토","여","20대","서울특별시","서대문구","창천동","중국집","13"
"20180127","토","여","50대","서울특별시","서대문구","북가좌동","중국집","5"
"20180127","토","남","60대이상","서울특별시","서대문구","연희동","중국집","24"
"20180127","토","남","20대","서울특별시","서대문구","연희동","중국집","43"
"20180127","토","여","50대","서울특별시","서대문구","북아현동","중국집","5"
"20180127","토","여","20대","서울특별시","서대문구","북아현동","중국집","5"
"20180127","토","남","30대","서울특별시","서대문구","연희동","중국집","54"
"20180127","토","남","10대","서울특별시","서대문구","연희동","중국집","6"
"20180127","토","여","50대","서울특별시","서대문구","연희동","중국집","26"
"20180127","토","여","20대","서울특별시","서대문구","홍제동","중국집","12"
"20180127","토","여","50대","서울특별시","서대문구","창천동","중국집","23"
"20180127","토","여","50대","서울특별시","서대문구","홍은동","중국집","5"
"20180127","토","남","50대","서울특별시","서대문구","합동","중국집","5"
"20180127","토","여","40대","서울특별시","서대문구","창천동","중국집","48"
"20180127","토","여","50대","서울특별시","서대문구","홍제동","중국집","34"
"20180127","토","여","60대이상","서울특별시","서대문구","북가좌동","중국집","5"
"20180127","토","여","60대이상","서울특별시","서대문구","연희동","중국집","21"
"20180127","토","여","60대이상","서울특별시","서대문구","창천동","중국집","17"
"20180127","토","남","40대","서울특별시","서대문구","충정로3가","중국집","5"
"20180127","토","여","40대","서울특별시","서대문구","홍제동","중국집","64"
"20180127","토","여","60대이상","서울특별시","서대문구","홍제동","중국집","13"
"20180127","토","남","10대","서울특별시","서초구","방배동","중국집","5"
"20180127","토","남","20대","서울특별시","서초구","반포동","중국집","5"
"20180127","토","남","20대","서울특별시","서초구","방배동","중국집","40"
"20180127","토","남","20대","서울특별시","서초구","양재동","중국집","14"
"20180127","토","남","30대","서울특별시","서초구","반포동","중국집","19"
"20180127","토","남","30대","서울특별시","서초구","서초동","중국집","12"
"20180127","토","남","30대","서울특별시","서초구","양재동","중국집","42"
"20180127","토","남","40대","서울특별시","서초구","서초동","중국집","17"
"20180127","토","남","40대","서울특별시","서초구","양재동","중국집","42"
"20180127","토","남","50대","서울특별시","서초구","방배동","중국집","36"
"20180127","토","남","50대","서울특별시","서초구","서초동","중국집","5"
"20180127","토","남","50대","서울특별시","서초구","양재동","중국집","29"
"20180127","토","남","60대이상","서울특별시","서초구","반포동","중국집","8"
"20180127","토","남","60대이상","서울특별시","서초구","방배동","중국집","47"
"20180127","토","남","60대이상","서울특별시","서초구","서초동","중국집","5"
"20180127","토","남","10대","서울특별시","서초구","양재동","중국집","5"
"20180127","토","여","10대","서울특별시","서초구","방배동","중국집","8"
"20180127","토","여","20대","서울특별시","서초구","방배동","중국집","31"
"20180127","토","여","20대","서울특별시","서초구","양재동","중국집","16"
"20180127","토","남","10대","서울특별시","서초구","반포동","중국집","5"
"20180127","토","여","30대","서울특별시","서초구","내곡동","중국집","5"
"20180127","토","남","60대이상","서울특별시","서초구","양재동","중국집","15"
"20180127","토","남","50대","서울특별시","서초구","반포동","중국집","12"
"20180127","토","여","30대","서울특별시","서초구","반포동","중국집","15"
"20180127","토","여","30대","서울특별시","서초구","서초동","중국집","7"
"20180127","토","여","30대","서울특별시","서초구","신원동","중국집","5"
"20180127","토","남","40대","서울특별시","서초구","내곡동","중국집","5"
"20180127","토","여","30대","서울특별시","서초구","양재동","중국집","47"
"20180127","토","여","10대","서울특별시","서초구","반포동","중국집","5"
"20180127","토","여","40대","서울특별시","서초구","반포동","중국집","35"
"20180127","토","남","50대","서울특별시","서초구","내곡동","중국집","5"
"20180127","토","여","40대","서울특별시","서초구","방배동","중국집","89"
"20180127","토","여","40대","서울특별시","서초구","내곡동","중국집","5"
"20180127","토","여","40대","서울특별시","서초구","서초동","중국집","18"
"20180127","토","여","50대","서울특별시","서초구","내곡동","중국집","5"
"20180127","토","여","50대","서울특별시","서초구","반포동","중국집","11"
"20180127","토","남","40대","서울특별시","서초구","반포동","중국집","30"
"20180127","토","남","20대","서울특별시","서초구","서초동","중국집","5"
"20180127","토","여","10대","서울특별시","서초구","양재동","중국집","5"
"20180127","토","여","40대","서울특별시","서초구","양재동","중국집","67"
"20180127","토","여","50대","서울특별시","서초구","방배동","중국집","57"
"20180127","토","여","30대","서울특별시","서초구","방배동","중국집","76"
"20180127","토","여","50대","서울특별시","서초구","서초동","중국집","15"
"20180127","토","여","50대","서울특별시","서초구","양재동","중국집","22"
"20180127","토","여","20대","서울특별시","서초구","반포동","중국집","5"
"20180127","토","여","60대이상","서울특별시","서초구","반포동","중국집","10"
"20180127","토","남","20대","서울특별시","서초구","잠원동","중국집","5"
"20180127","토","남","40대","서울특별시","서초구","방배동","중국집","84"
"20180127","토","여","60대이상","서울특별시","서초구","방배동","중국집","34"
"20180127","토","여","60대이상","서울특별시","서초구","서초동","중국집","6"
"20180127","토","남","30대","서울특별시","서초구","방배동","중국집","70"
"20180127","토","여","20대","서울특별시","서초구","서초동","중국집","6"
"20180127","토","여","60대이상","서울특별시","서초구","양재동","중국집","9"
"20180127","토","남","20대","서울특별시","성동구","성수동2가","중국집","79"
"20180127","토","남","30대","서울특별시","성동구","성수동2가","중국집","140"
"20180127","토","남","30대","서울특별시","성동구","옥수동","중국집","19"
"20180127","토","남","40대","서울특별시","성동구","성수동1가","중국집","5"
"20180127","토","남","40대","서울특별시","성동구","성수동2가","중국집","98"
"20180127","토","남","10대","서울특별시","성동구","옥수동","중국집","5"
"20180127","토","남","50대","서울특별시","성동구","성수동2가","중국집","72"
"20180127","토","남","50대","서울특별시","성동구","옥수동","중국집","11"
"20180127","토","남","50대","서울특별시","성동구","행당동","중국집","5"
"20180127","토","남","10대","서울특별시","성동구","성수동2가","중국집","22"
"20180127","토","남","60대이상","서울특별시","성동구","성수동2가","중국집","32"
"20180127","토","남","60대이상","서울특별시","성동구","옥수동","중국집","13"
"20180127","토","남","60대이상","서울특별시","성동구","홍익동","중국집","5"
"20180127","토","여","10대","서울특별시","성동구","성수동2가","중국집","10"
"20180127","토","남","40대","서울특별시","성동구","옥수동","중국집","25"
"20180127","토","여","20대","서울특별시","성동구","성수동2가","중국집","31"
"20180127","토","여","20대","서울특별시","성동구","옥수동","중국집","6"
"20180127","토","여","30대","서울특별시","성동구","마장동","중국집","5"
"20180127","토","여","30대","서울특별시","성동구","성수동2가","중국집","90"
"20180127","토","여","30대","서울특별시","성동구","옥수동","중국집","15"
"20180127","토","여","40대","서울특별시","성동구","옥수동","중국집","13"
"20180127","토","여","50대","서울특별시","성동구","성수동2가","중국집","64"
"20180127","토","여","40대","서울특별시","성동구","성수동2가","중국집","120"
"20180127","토","여","50대","서울특별시","성동구","옥수동","중국집","10"
"20180127","토","남","20대","서울특별시","성동구","옥수동","중국집","10"
"20180127","토","여","60대이상","서울특별시","성동구","성수동2가","중국집","28"
"20180127","토","여","60대이상","서울특별시","성동구","옥수동","중국집","9"
"20180127","토","남","20대","서울특별시","성북구","동선동2가","중국집","40"
"20180127","토","남","20대","서울특별시","성북구","정릉동","중국집","5"
"20180127","토","남","30대","서울특별시","성북구","길음동","중국집","5"
"20180127","토","남","30대","서울특별시","성북구","삼선동5가","중국집","6"
"20180127","토","남","30대","서울특별시","성북구","동선동2가","중국집","77"
"20180127","토","남","40대","서울특별시","성북구","길음동","중국집","5"
"20180127","토","남","40대","서울특별시","성북구","삼선동5가","중국집","5"
"20180127","토","남","40대","서울특별시","성북구","정릉동","중국집","5"
"20180127","토","남","40대","서울특별시","성북구","동선동2가","중국집","72"
"20180127","토","남","40대","서울특별시","성북구","하월곡동","중국집","5"
"20180127","토","남","50대","서울특별시","성북구","정릉동","중국집","5"
"20180127","토","남","50대","서울특별시","성북구","종암동","중국집","5"
"20180127","토","남","50대","서울특별시","성북구","하월곡동","중국집","5"
"20180127","토","남","60대이상","서울특별시","성북구","동선동2가","중국집","25"
"20180127","토","남","60대이상","서울특별시","성북구","삼선동5가","중국집","5"
"20180127","토","남","60대이상","서울특별시","성북구","정릉동","중국집","5"
"20180127","토","남","60대이상","서울특별시","성북구","상월곡동","중국집","5"
"20180127","토","남","60대이상","서울특별시","성북구","하월곡동","중국집","5"
"20180127","토","여","10대","서울특별시","성북구","동선동2가","중국집","5"
"20180127","토","남","30대","서울특별시","성북구","하월곡동","중국집","5"
"20180127","토","남","20대","서울특별시","성북구","하월곡동","중국집","5"
"20180127","토","여","10대","서울특별시","성북구","동선동3가","중국집","5"
"20180127","토","남","20대","서울특별시","성북구","삼선동5가","중국집","7"
"20180127","토","여","20대","서울특별시","성북구","동선동2가","중국집","16"
"20180127","토","여","20대","서울특별시","성북구","정릉동","중국집","5"
"20180127","토","여","20대","서울특별시","성북구","하월곡동","중국집","5"
"20180127","토","여","30대","서울특별시","성북구","삼선동5가","중국집","5"
"20180127","토","남","30대","서울특별시","성북구","정릉동","중국집","8"
"20180127","토","여","30대","서울특별시","성북구","성북동","중국집","5"
"20180127","토","남","10대","서울특별시","성북구","종암동","중국집","5"
"20180127","토","여","30대","서울특별시","성북구","정릉동","중국집","6"
"20180127","토","여","30대","서울특별시","성북구","종암동","중국집","5"
"20180127","토","여","30대","서울특별시","성북구","하월곡동","중국집","5"
"20180127","토","여","20대","서울특별시","성북구","삼선동5가","중국집","5"
"20180127","토","여","40대","서울특별시","성북구","동선동2가","중국집","74"
"20180127","토","여","10대","서울특별시","성북구","성북동","중국집","5"
"20180127","토","여","40대","서울특별시","성북구","정릉동","중국집","5"
"20180127","토","여","40대","서울특별시","성북구","종암동","중국집","5"
"20180127","토","여","30대","서울특별시","성북구","길음동","중국집","5"
"20180127","토","여","40대","서울특별시","성북구","하월곡동","중국집","5"
"20180127","토","여","50대","서울특별시","성북구","길음동","중국집","5"
"20180127","토","여","50대","서울특별시","성북구","동선동2가","중국집","35"
"20180127","토","여","50대","서울특별시","성북구","삼선동5가","중국집","5"
"20180127","토","여","50대","서울특별시","성북구","성북동","중국집","5"
"20180127","토","남","10대","서울특별시","성북구","동선동2가","중국집","6"
"20180127","토","남","60대이상","서울특별시","성북구","종암동","중국집","5"
"20180127","토","여","50대","서울특별시","성북구","장위동","중국집","5"
"20180127","토","여","50대","서울특별시","성북구","정릉동","중국집","5"
"20180127","토","남","30대","서울특별시","성북구","종암동","중국집","5"
"20180127","토","여","60대이상","서울특별시","성북구","동선동2가","중국집","20"
"20180127","토","여","40대","서울특별시","성북구","길음동","중국집","5"
"20180127","토","여","60대이상","서울특별시","성북구","정릉동","중국집","5"
"20180127","토","여","30대","서울특별시","성북구","동선동2가","중국집","43"
"20180127","토","남","50대","서울특별시","성북구","동선동2가","중국집","59"
"20180127","토","여","60대이상","서울특별시","성북구","종암동","중국집","5"
"20180127","토","여","40대","서울특별시","성북구","상월곡동","중국집","5"
"20180127","토","남","10대","서울특별시","송파구","가락동","중국집","5"
"20180127","토","남","10대","서울특별시","송파구","마천동","중국집","5"
"20180127","토","남","10대","서울특별시","송파구","방이동","중국집","5"
"20180127","토","남","20대","서울특별시","송파구","가락동","중국집","12"
"20180127","토","남","20대","서울특별시","송파구","풍납동","중국집","5"
"20180127","토","남","30대","서울특별시","송파구","마천동","중국집","5"
"20180127","토","남","30대","서울특별시","송파구","송파동","중국집","127"
"20180127","토","남","30대","서울특별시","송파구","가락동","중국집","8"
"20180127","토","남","30대","서울특별시","송파구","풍납동","중국집","5"
"20180127","토","남","20대","서울특별시","송파구","방이동","중국집","5"
"20180127","토","남","40대","서울특별시","송파구","가락동","중국집","25"
"20180127","토","남","40대","서울특별시","송파구","마천동","중국집","5"
"20180127","토","남","40대","서울특별시","송파구","송파동","중국집","118"
"20180127","토","남","40대","서울특별시","송파구","풍납동","중국집","5"
"20180127","토","남","10대","서울특별시","송파구","송파동","중국집","17"
"20180127","토","남","20대","서울특별시","송파구","마천동","중국집","5"
"20180127","토","남","50대","서울특별시","송파구","방이동","중국집","5"
"20180127","토","남","50대","서울특별시","송파구","송파동","중국집","72"
"20180127","토","여","10대","서울특별시","송파구","가락동","중국집","5"
"20180127","토","여","10대","서울특별시","송파구","송파동","중국집","5"
"20180127","토","여","20대","서울특별시","송파구","송파동","중국집","22"
"20180127","토","여","20대","서울특별시","송파구","풍납동","중국집","5"
"20180127","토","여","30대","서울특별시","송파구","마천동","중국집","5"
"20180127","토","남","60대이상","서울특별시","송파구","송파동","중국집","63"
"20180127","토","여","30대","서울특별시","송파구","방이동","중국집","5"
"20180127","토","여","30대","서울특별시","송파구","풍납동","중국집","5"
"20180127","토","여","30대","서울특별시","송파구","가락동","중국집","9"
"20180127","토","남","60대이상","서울특별시","송파구","가락동","중국집","18"
"20180127","토","여","40대","서울특별시","송파구","가락동","중국집","26"
"20180127","토","여","40대","서울특별시","송파구","송파동","중국집","115"
"20180127","토","남","60대이상","서울특별시","송파구","풍납동","중국집","5"
"20180127","토","여","30대","서울특별시","송파구","송파동","중국집","76"
"20180127","토","여","40대","서울특별시","송파구","풍납동","중국집","5"
"20180127","토","남","60대이상","서울특별시","송파구","마천동","중국집","5"
"20180127","토","여","40대","서울특별시","송파구","방이동","중국집","5"
"20180127","토","여","50대","서울특별시","송파구","가락동","중국집","14"
"20180127","토","여","50대","서울특별시","송파구","풍납동","중국집","5"
"20180127","토","여","20대","서울특별시","송파구","가락동","중국집","5"
"20180127","토","여","60대이상","서울특별시","송파구","가락동","중국집","5"
"20180127","토","여","60대이상","서울특별시","송파구","송파동","중국집","28"
"20180127","토","여","50대","서울특별시","송파구","송파동","중국집","62"
"20180127","토","남","50대","서울특별시","송파구","가락동","중국집","14"
"20180127","토","남","20대","서울특별시","송파구","송파동","중국집","59"
"20180127","토","여","60대이상","서울특별시","송파구","풍납동","중국집","5"
"20180127","토","남","10대","서울특별시","양천구","목동","중국집","5"
"20180127","토","남","10대","서울특별시","양천구","신정동","중국집","5"
"20180127","토","남","20대","서울특별시","양천구","목동","중국집","5"
"20180127","토","남","20대","서울특별시","양천구","신월동","중국집","5"
"20180127","토","남","20대","서울특별시","양천구","신정동","중국집","11"
"20180127","토","남","30대","서울특별시","양천구","신정동","중국집","17"
"20180127","토","남","40대","서울특별시","양천구","신정동","중국집","16"
"20180127","토","남","50대","서울특별시","양천구","목동","중국집","5"
"20180127","토","남","30대","서울특별시","양천구","신월동","중국집","5"
"20180127","토","남","40대","서울특별시","양천구","신월동","중국집","5"
"20180127","토","남","50대","서울특별시","양천구","신월동","중국집","9"
"20180127","토","남","60대이상","서울특별시","양천구","신월동","중국집","5"
"20180127","토","남","60대이상","서울특별시","양천구","신정동","중국집","7"
"20180127","토","여","20대","서울특별시","양천구","목동","중국집","5"
"20180127","토","여","20대","서울특별시","양천구","신월동","중국집","5"
"20180127","토","여","20대","서울특별시","양천구","신정동","중국집","7"
"20180127","토","여","30대","서울특별시","양천구","목동","중국집","5"
"20180127","토","여","30대","서울특별시","양천구","신정동","중국집","6"
"20180127","토","여","40대","서울특별시","양천구","목동","중국집","5"
"20180127","토","남","30대","서울특별시","양천구","목동","중국집","5"
"20180127","토","여","40대","서울특별시","양천구","신월동","중국집","5"
"20180127","토","여","40대","서울특별시","양천구","신정동","중국집","22"
"20180127","토","여","50대","서울특별시","양천구","신월동","중국집","6"
"20180127","토","남","50대","서울특별시","양천구","신정동","중국집","14"
"20180127","토","여","50대","서울특별시","양천구","신정동","중국집","12"
"20180127","토","여","10대","서울특별시","양천구","신정동","중국집","5"
"20180127","토","여","60대이상","서울특별시","양천구","신월동","중국집","5"
"20180127","토","여","30대","서울특별시","양천구","신월동","중국집","5"
"20180127","토","여","60대이상","서울특별시","양천구","신정동","중국집","5"
"20180127","토","남","20대","서울특별시","영등포구","문래동2가","중국집","14"
"20180127","토","남","20대","서울특별시","영등포구","영등포동7가","중국집","5"
"20180127","토","남","30대","서울특별시","영등포구","대림동","중국집","5"
"20180127","토","남","30대","서울특별시","영등포구","문래동2가","중국집","29"
"20180127","토","남","30대","서울특별시","영등포구","문래동3가","중국집","32"
"20180127","토","남","40대","서울특별시","영등포구","문래동3가","중국집","52"
"20180127","토","남","40대","서울특별시","영등포구","신길동","중국집","5"
"20180127","토","남","40대","서울특별시","영등포구","대림동","중국집","5"
"20180127","토","남","10대","서울특별시","영등포구","여의도동","중국집","5"
"20180127","토","남","40대","서울특별시","영등포구","여의도동","중국집","16"
"20180127","토","남","50대","서울특별시","영등포구","문래동3가","중국집","35"
"20180127","토","남","20대","서울특별시","영등포구","영등포동1가","중국집","5"
"20180127","토","남","50대","서울특별시","영등포구","신길동","중국집","5"
"20180127","토","남","50대","서울특별시","영등포구","여의도동","중국집","14"
"20180127","토","남","60대이상","서울특별시","영등포구","대림동","중국집","5"
"20180127","토","남","30대","서울특별시","영등포구","당산동6가","중국집","5"
"20180127","토","남","60대이상","서울특별시","영등포구","영등포동1가","중국집","5"
"20180127","토","여","10대","서울특별시","영등포구","문래동3가","중국집","5"
"20180127","토","여","10대","서울특별시","영등포구","여의도동","중국집","5"
"20180127","토","여","20대","서울특별시","영등포구","신길동","중국집","5"
"20180127","토","여","20대","서울특별시","영등포구","여의도동","중국집","5"
"20180127","토","남","20대","서울특별시","영등포구","대림동","중국집","5"
"20180127","토","남","30대","서울특별시","영등포구","신길동","중국집","5"
"20180127","토","여","20대","서울특별시","영등포구","영등포동1가","중국집","5"
"20180127","토","여","20대","서울특별시","영등포구","영등포동7가","중국집","5"
"20180127","토","남","50대","서울특별시","영등포구","문래동2가","중국집","15"
"20180127","토","남","20대","서울특별시","영등포구","문래동3가","중국집","22"
"20180127","토","여","30대","서울특별시","영등포구","대림동","중국집","5"
"20180127","토","여","30대","서울특별시","영등포구","문래동2가","중국집","24"
"20180127","토","여","20대","서울특별시","영등포구","대림동","중국집","5"
"20180127","토","남","20대","서울특별시","영등포구","여의도동","중국집","8"
"20180127","토","남","50대","서울특별시","영등포구","영등포동1가","중국집","5"
"20180127","토","여","30대","서울특별시","영등포구","문래동3가","중국집","34"
"20180127","토","여","20대","서울특별시","영등포구","문래동3가","중국집","5"
"20180127","토","남","40대","서울특별시","영등포구","영등포동7가","중국집","5"
"20180127","토","남","10대","서울특별시","영등포구","문래동3가","중국집","5"
"20180127","토","여","30대","서울특별시","영등포구","여의도동","중국집","22"
"20180127","토","여","30대","서울특별시","영등포구","영등포동1가","중국집","5"
"20180127","토","여","30대","서울특별시","영등포구","신길동","중국집","5"
"20180127","토","여","40대","서울특별시","영등포구","대림동","중국집","5"
"20180127","토","남","40대","서울특별시","영등포구","문래동2가","중국집","41"
"20180127","토","여","40대","서울특별시","영등포구","문래동2가","중국집","29"
"20180127","토","남","30대","서울특별시","영등포구","영등포동1가","중국집","5"
"20180127","토","남","60대이상","서울특별시","영등포구","문래동3가","중국집","16"
"20180127","토","여","40대","서울특별시","영등포구","문래동3가","중국집","18"
"20180127","토","여","40대","서울특별시","영등포구","영등포동1가","중국집","5"
"20180127","토","여","30대","서울특별시","영등포구","영등포동8가","중국집","5"
"20180127","토","여","40대","서울특별시","영등포구","영등포동7가","중국집","5"
"20180127","토","여","50대","서울특별시","영등포구","당산동6가","중국집","5"
"20180127","토","남","60대이상","서울특별시","영등포구","여의도동","중국집","11"
"20180127","토","여","50대","서울특별시","영등포구","문래동2가","중국집","14"
"20180127","토","여","50대","서울특별시","영등포구","문래동3가","중국집","16"
"20180127","토","남","30대","서울특별시","영등포구","여의도동","중국집","29"
"20180127","토","남","40대","서울특별시","영등포구","영등포동1가","중국집","5"
"20180127","토","여","20대","서울특별시","영등포구","문래동2가","중국집","8"
"20180127","토","남","10대","서울특별시","영등포구","문래동2가","중국집","5"
"20180127","토","여","50대","서울특별시","영등포구","여의도동","중국집","11"
"20180127","토","여","40대","서울특별시","영등포구","신길동","중국집","5"
"20180127","토","여","40대","서울특별시","영등포구","여의도동","중국집","14"
"20180127","토","남","30대","서울특별시","영등포구","영등포동7가","중국집","5"
"20180127","토","여","50대","서울특별시","영등포구","영등포동1가","중국집","5"
"20180127","토","남","10대","서울특별시","영등포구","신길동","중국집","5"
"20180127","토","여","60대이상","서울특별시","영등포구","대림동","중국집","5"
"20180127","토","여","60대이상","서울특별시","영등포구","문래동2가","중국집","6"
"20180127","토","여","60대이상","서울특별시","영등포구","문래동3가","중국집","7"
"20180127","토","여","60대이상","서울특별시","영등포구","여의도동","중국집","9"
"20180127","토","여","10대","서울특별시","영등포구","문래동2가","중국집","5"
"20180127","토","여","60대이상","서울특별시","영등포구","영등포동1가","중국집","5"
"20180127","토","남","60대이상","서울특별시","영등포구","문래동2가","중국집","11"
"20180127","토","남","20대","서울특별시","용산구","이촌동","중국집","5"
"20180127","토","남","20대","서울특별시","용산구","한강로3가","중국집","22"
"20180127","토","남","20대","서울특별시","용산구","후암동","중국집","18"
"20180127","토","남","30대","서울특별시","용산구","도원동","중국집","5"
"20180127","토","남","30대","서울특별시","용산구","동자동","중국집","5"
"20180127","토","남","30대","서울특별시","용산구","보광동","중국집","5"
"20180127","토","남","30대","서울특별시","용산구","이촌동","중국집","8"
"20180127","토","남","20대","서울특별시","용산구","효창동","중국집","5"
"20180127","토","남","20대","서울특별시","용산구","보광동","중국집","5"
"20180127","토","남","30대","서울특별시","용산구","이태원동","중국집","5"
"20180127","토","남","30대","서울특별시","용산구","한강로3가","중국집","50"
"20180127","토","남","30대","서울특별시","용산구","후암동","중국집","32"
"20180127","토","남","40대","서울특별시","용산구","도원동","중국집","5"
"20180127","토","남","40대","서울특별시","용산구","동자동","중국집","5"
"20180127","토","남","40대","서울특별시","용산구","신계동","중국집","6"
"20180127","토","남","40대","서울특별시","용산구","원효로4가","중국집","5"
"20180127","토","남","40대","서울특별시","용산구","후암동","중국집","58"
"20180127","토","남","30대","서울특별시","용산구","한남동","중국집","5"
"20180127","토","남","50대","서울특별시","용산구","신계동","중국집","5"
"20180127","토","남","50대","서울특별시","용산구","이촌동","중국집","5"
"20180127","토","남","50대","서울특별시","용산구","한강로3가","중국집","22"
"20180127","토","남","40대","서울특별시","용산구","보광동","중국집","5"
"20180127","토","남","50대","서울특별시","용산구","후암동","중국집","35"
"20180127","토","남","60대이상","서울특별시","용산구","도원동","중국집","5"
"20180127","토","남","60대이상","서울특별시","용산구","신계동","중국집","5"
"20180127","토","남","60대이상","서울특별시","용산구","후암동","중국집","23"
"20180127","토","남","40대","서울특별시","용산구","한남동","중국집","5"
"20180127","토","여","10대","서울특별시","용산구","갈월동","중국집","5"
"20180127","토","남","60대이상","서울특별시","용산구","한남동","중국집","5"
"20180127","토","남","10대","서울특별시","용산구","보광동","중국집","5"
"20180127","토","남","20대","서울특별시","용산구","이태원동","중국집","5"
"20180127","토","남","50대","서울특별시","용산구","동자동","중국집","5"
"20180127","토","여","10대","서울특별시","용산구","후암동","중국집","5"
"20180127","토","남","20대","서울특별시","용산구","원효로4가","중국집","5"
"20180127","토","남","50대","서울특별시","용산구","이태원동","중국집","5"
"20180127","토","여","20대","서울특별시","용산구","도원동","중국집","5"
"20180127","토","여","20대","서울특별시","용산구","동자동","중국집","5"
"20180127","토","여","20대","서울특별시","용산구","한강로3가","중국집","11"
"20180127","토","여","20대","서울특별시","용산구","한남동","중국집","5"
"20180127","토","여","30대","서울특별시","용산구","도원동","중국집","5"
"20180127","토","여","30대","서울특별시","용산구","동자동","중국집","5"
"20180127","토","여","30대","서울특별시","용산구","보광동","중국집","5"
"20180127","토","여","20대","서울특별시","용산구","후암동","중국집","8"
"20180127","토","여","30대","서울특별시","용산구","신계동","중국집","5"
"20180127","토","남","20대","서울특별시","용산구","도원동","중국집","5"
"20180127","토","여","30대","서울특별시","용산구","이태원동","중국집","5"
"20180127","토","여","30대","서울특별시","용산구","후암동","중국집","29"
"20180127","토","여","30대","서울특별시","용산구","원효로4가","중국집","5"
"20180127","토","남","50대","서울특별시","용산구","보광동","중국집","5"
"20180127","토","여","40대","서울특별시","용산구","보광동","중국집","8"
"20180127","토","남","30대","서울특별시","용산구","원효로4가","중국집","5"
"20180127","토","여","30대","서울특별시","용산구","이촌동","중국집","5"
"20180127","토","여","40대","서울특별시","용산구","원효로4가","중국집","5"
"20180127","토","여","40대","서울특별시","용산구","이촌동","중국집","5"
"20180127","토","여","20대","서울특별시","용산구","보광동","중국집","5"
"20180127","토","여","40대","서울특별시","용산구","한강로3가","중국집","49"
"20180127","토","여","40대","서울특별시","용산구","한남동","중국집","5"
"20180127","토","남","40대","서울특별시","용산구","이촌동","중국집","6"
"20180127","토","여","40대","서울특별시","용산구","후암동","중국집","25"
"20180127","토","여","20대","서울특별시","용산구","이촌동","중국집","5"
"20180127","토","여","50대","서울특별시","용산구","동자동","중국집","5"
"20180127","토","여","40대","서울특별시","용산구","도원동","중국집","5"
"20180127","토","남","50대","서울특별시","용산구","원효로4가","중국집","5"
"20180127","토","여","50대","서울특별시","용산구","보광동","중국집","5"
"20180127","토","여","50대","서울특별시","용산구","신계동","중국집","5"
"20180127","토","여","30대","서울특별시","용산구","한남동","중국집","5"
"20180127","토","여","50대","서울특별시","용산구","한강로3가","중국집","39"
"20180127","토","남","60대이상","서울특별시","용산구","한강로3가","중국집","29"
"20180127","토","여","30대","서울특별시","용산구","한강로3가","중국집","51"
"20180127","토","여","50대","서울특별시","용산구","이촌동","중국집","5"
"20180127","토","여","50대","서울특별시","용산구","한남동","중국집","5"
"20180127","토","여","50대","서울특별시","용산구","후암동","중국집","18"
"20180127","토","남","10대","서울특별시","용산구","후암동","중국집","5"
"20180127","토","남","60대이상","서울특별시","용산구","보광동","중국집","5"
"20180127","토","남","60대이상","서울특별시","용산구","이태원동","중국집","5"
"20180127","토","여","60대이상","서울특별시","용산구","보광동","중국집","5"
"20180127","토","여","60대이상","서울특별시","용산구","원효로4가","중국집","5"
"20180127","토","여","60대이상","서울특별시","용산구","이태원동","중국집","5"
"20180127","토","여","60대이상","서울특별시","용산구","한강로3가","중국집","12"
"20180127","토","남","40대","서울특별시","용산구","한강로3가","중국집","56"
"20180127","토","여","60대이상","서울특별시","용산구","후암동","중국집","9"
"20180127","토","여","20대","서울특별시","용산구","원효로4가","중국집","5"
"20180127","토","남","10대","서울특별시","은평구","불광동","중국집","7"
"20180127","토","남","20대","서울특별시","은평구","구산동","중국집","5"
"20180127","토","남","20대","서울특별시","은평구","증산동","중국집","7"
"20180127","토","남","30대","서울특별시","은평구","구산동","중국집","5"
"20180127","토","남","20대","서울특별시","은평구","불광동","중국집","35"
"20180127","토","남","30대","서울특별시","은평구","불광동","중국집","79"
"20180127","토","남","30대","서울특별시","은평구","수색동","중국집","5"
"20180127","토","남","30대","서울특별시","은평구","증산동","중국집","5"
"20180127","토","남","40대","서울특별시","은평구","불광동","중국집","68"
"20180127","토","남","40대","서울특별시","은평구","증산동","중국집","5"
"20180127","토","남","60대이상","서울특별시","은평구","구산동","중국집","5"
"20180127","토","남","50대","서울특별시","은평구","불광동","중국집","31"
"20180127","토","남","60대이상","서울특별시","은평구","불광동","중국집","29"
"20180127","토","남","60대이상","서울특별시","은평구","증산동","중국집","5"
"20180127","토","여","10대","서울특별시","은평구","증산동","중국집","5"
"20180127","토","여","10대","서울특별시","은평구","불광동","중국집","5"
"20180127","토","여","20대","서울특별시","은평구","구산동","중국집","5"
"20180127","토","여","20대","서울특별시","은평구","증산동","중국집","5"
"20180127","토","여","30대","서울특별시","은평구","구산동","중국집","5"
"20180127","토","여","30대","서울특별시","은평구","수색동","중국집","5"
"20180127","토","여","30대","서울특별시","은평구","증산동","중국집","6"
"20180127","토","여","40대","서울특별시","은평구","불광동","중국집","81"
"20180127","토","여","20대","서울특별시","은평구","불광동","중국집","12"
"20180127","토","여","40대","서울특별시","은평구","수색동","중국집","5"
"20180127","토","여","50대","서울특별시","은평구","구산동","중국집","5"
"20180127","토","여","40대","서울특별시","은평구","증산동","중국집","5"
"20180127","토","여","50대","서울특별시","은평구","불광동","중국집","42"
"20180127","토","여","30대","서울특별시","은평구","불광동","중국집","65"
"20180127","토","여","50대","서울특별시","은평구","증산동","중국집","5"
"20180127","토","여","60대이상","서울특별시","은평구","불광동","중국집","24"
"20180127","토","여","40대","서울특별시","은평구","구산동","중국집","6"
"20180127","토","남","40대","서울특별시","은평구","수색동","중국집","5"
"20180127","토","여","60대이상","서울특별시","은평구","증산동","중국집","5"
"20180127","토","남","10대","서울특별시","종로구","평창동","중국집","5"
"20180127","토","남","20대","서울특별시","종로구","동숭동","중국집","5"
"20180127","토","남","20대","서울특별시","종로구","명륜1가","중국집","5"
"20180127","토","남","20대","서울특별시","종로구","서린동","중국집","5"
"20180127","토","남","20대","서울특별시","종로구","창성동","중국집","5"
"20180127","토","남","20대","서울특별시","종로구","숭인동","중국집","5"
"20180127","토","남","30대","서울특별시","종로구","관수동","중국집","5"
"20180127","토","남","30대","서울특별시","종로구","교남동","중국집","5"
"20180127","토","남","30대","서울특별시","종로구","숭인동","중국집","5"
"20180127","토","남","20대","서울특별시","종로구","관수동","중국집","5"
"20180127","토","남","30대","서울특별시","종로구","원서동","중국집","5"
"20180127","토","남","30대","서울특별시","종로구","창성동","중국집","5"
"20180127","토","남","30대","서울특별시","종로구","동숭동","중국집","5"
"20180127","토","남","40대","서울특별시","종로구","서린동","중국집","5"
"20180127","토","남","40대","서울특별시","종로구","숭인동","중국집","5"
"20180127","토","남","40대","서울특별시","종로구","원서동","중국집","5"
"20180127","토","남","50대","서울특별시","종로구","교남동","중국집","5"
"20180127","토","남","50대","서울특별시","종로구","원서동","중국집","5"
"20180127","토","남","60대이상","서울특별시","종로구","교남동","중국집","5"
"20180127","토","남","50대","서울특별시","종로구","옥인동","중국집","5"
"20180127","토","남","60대이상","서울특별시","종로구","명륜3가","중국집","5"
"20180127","토","여","10대","서울특별시","종로구","교남동","중국집","5"
"20180127","토","여","30대","서울특별시","종로구","경운동","중국집","5"
"20180127","토","남","60대이상","서울특별시","종로구","창신동","중국집","5"
"20180127","토","남","30대","서울특별시","종로구","평창동","중국집","7"
"20180127","토","여","30대","서울특별시","종로구","교남동","중국집","5"
"20180127","토","남","10대","서울특별시","종로구","신문로2가","중국집","5"
"20180127","토","여","30대","서울특별시","종로구","숭인동","중국집","5"
"20180127","토","남","30대","서울특별시","종로구","낙원동","중국집","5"
"20180127","토","여","30대","서울특별시","종로구","옥인동","중국집","5"
"20180127","토","여","20대","서울특별시","종로구","동숭동","중국집","5"
"20180127","토","남","40대","서울특별시","종로구","창성동","중국집","5"
"20180127","토","여","30대","서울특별시","종로구","평창동","중국집","5"
"20180127","토","여","40대","서울특별시","종로구","경운동","중국집","5"
"20180127","토","여","40대","서울특별시","종로구","교남동","중국집","5"
"20180127","토","여","30대","서울특별시","종로구","종로5가","중국집","5"
"20180127","토","여","40대","서울특별시","종로구","동숭동","중국집","5"
"20180127","토","남","50대","서울특별시","종로구","숭인동","중국집","5"
"20180127","토","여","40대","서울특별시","종로구","숭인동","중국집","5"
"20180127","토","여","20대","서울특별시","종로구","원서동","중국집","5"
"20180127","토","남","20대","서울특별시","종로구","평창동","중국집","5"
"20180127","토","여","30대","서울특별시","종로구","명륜1가","중국집","5"
"20180127","토","여","30대","서울특별시","종로구","창성동","중국집","5"
"20180127","토","남","40대","서울특별시","종로구","동숭동","중국집","8"
"20180127","토","여","20대","서울특별시","종로구","신문로2가","중국집","5"
"20180127","토","여","40대","서울특별시","종로구","신문로2가","중국집","5"
"20180127","토","여","40대","서울특별시","종로구","원서동","중국집","5"
"20180127","토","여","40대","서울특별시","종로구","종로6가","중국집","5"
"20180127","토","여","40대","서울특별시","종로구","평창동","중국집","5"
"20180127","토","여","50대","서울특별시","종로구","관수동","중국집","5"
"20180127","토","여","50대","서울특별시","종로구","교남동","중국집","5"
"20180127","토","남","50대","서울특별시","종로구","평창동","중국집","5"
"20180127","토","여","50대","서울특별시","종로구","동숭동","중국집","5"
"20180127","토","여","50대","서울특별시","종로구","서린동","중국집","5"
"20180127","토","남","40대","서울특별시","종로구","평창동","중국집","5"
"20180127","토","남","50대","서울특별시","종로구","낙원동","중국집","5"
"20180127","토","여","40대","서울특별시","종로구","관수동","중국집","5"
"20180127","토","여","50대","서울특별시","종로구","창성동","중국집","5"
"20180127","토","여","50대","서울특별시","종로구","종로5가","중국집","5"
"20180127","토","여","60대이상","서울특별시","종로구","동숭동","중국집","5"
"20180127","토","남","20대","서울특별시","종로구","종로6가","중국집","5"
"20180127","토","여","60대이상","서울특별시","종로구","명륜3가","중국집","5"
"20180127","토","여","60대이상","서울특별시","종로구","원서동","중국집","5"
"20180127","토","여","10대","서울특별시","종로구","숭인동","중국집","5"
"20180127","토","여","40대","서울특별시","종로구","창성동","중국집","6"
"20180127","토","여","60대이상","서울특별시","종로구","종로5가","중국집","5"
"20180127","토","여","60대이상","서울특별시","종로구","창성동","중국집","5"
"20180127","토","남","20대","서울특별시","종로구","원서동","중국집","5"
"20180127","토","여","20대","서울특별시","종로구","평창동","중국집","5"
"20180127","토","여","10대","서울특별시","종로구","평창동","중국집","5"
"20180127","토","여","50대","서울특별시","종로구","원서동","중국집","5"
"20180127","토","여","30대","서울특별시","종로구","동숭동","중국집","5"
"20180127","토","남","10대","서울특별시","중구","수표동","중국집","5"
"20180127","토","남","20대","서울특별시","중구","신당동","중국집","54"
"20180127","토","남","20대","서울특별시","중구","흥인동","중국집","5"
"20180127","토","남","30대","서울특별시","중구","수하동","중국집","50"
"20180127","토","남","30대","서울특별시","중구","신당동","중국집","105"
"20180127","토","남","30대","서울특별시","중구","을지로6가","중국집","5"
"20180127","토","남","30대","서울특별시","중구","충무로1가","중국집","5"
"20180127","토","남","40대","서울특별시","중구","수하동","중국집","71"
"20180127","토","남","40대","서울특별시","중구","신당동","중국집","107"
"20180127","토","남","40대","서울특별시","중구","충무로1가","중국집","5"
"20180127","토","남","40대","서울특별시","중구","필동2가","중국집","5"
"20180127","토","남","40대","서울특별시","중구","회현동1가","중국집","5"
"20180127","토","남","50대","서울특별시","중구","수하동","중국집","39"
"20180127","토","남","50대","서울특별시","중구","신당동","중국집","80"
"20180127","토","남","50대","서울특별시","중구","을지로3가","중국집","5"
"20180127","토","남","50대","서울특별시","중구","정동","중국집","5"
"20180127","토","남","20대","서울특별시","중구","수하동","중국집","28"
"20180127","토","남","50대","서울특별시","중구","주교동","중국집","5"
"20180127","토","남","30대","서울특별시","중구","을지로3가","중국집","5"
"20180127","토","남","60대이상","서울특별시","중구","수하동","중국집","22"
"20180127","토","남","60대이상","서울특별시","중구","을지로6가","중국집","5"
"20180127","토","남","40대","서울특별시","중구","정동","중국집","5"
"20180127","토","남","60대이상","서울특별시","중구","주교동","중국집","5"
"20180127","토","여","10대","서울특별시","중구","신당동","중국집","6"
"20180127","토","여","20대","서울특별시","중구","수하동","중국집","5"
"20180127","토","남","10대","서울특별시","중구","필동2가","중국집","5"
"20180127","토","여","20대","서울특별시","중구","신당동","중국집","44"
"20180127","토","여","20대","서울특별시","중구","을지로6가","중국집","5"
"20180127","토","남","20대","서울특별시","중구","을지로6가","중국집","5"
"20180127","토","여","20대","서울특별시","중구","정동","중국집","5"
"20180127","토","남","60대이상","서울특별시","중구","신당동","중국집","45"
"20180127","토","여","10대","서울특별시","중구","수하동","중국집","5"
"20180127","토","여","20대","서울특별시","중구","충무로1가","중국집","5"
"20180127","토","남","10대","서울특별시","중구","신당동","중국집","7"
"20180127","토","여","30대","서울특별시","중구","명동1가","중국집","5"
"20180127","토","여","30대","서울특별시","중구","수하동","중국집","20"
"20180127","토","여","30대","서울특별시","중구","신당동","중국집","93"
"20180127","토","여","30대","서울특별시","중구","을지로6가","중국집","5"
"20180127","토","남","20대","서울특별시","중구","을지로3가","중국집","5"
"20180127","토","남","10대","서울특별시","중구","수하동","중국집","5"
"20180127","토","여","30대","서울특별시","중구","충무로1가","중국집","5"
"20180127","토","여","40대","서울특별시","중구","수하동","중국집","25"
"20180127","토","여","40대","서울특별시","중구","을지로1가","중국집","5"
"20180127","토","남","60대이상","서울특별시","중구","필동2가","중국집","5"
"20180127","토","여","10대","서울특별시","중구","을지로6가","중국집","5"
"20180127","토","여","30대","서울특별시","중구","필동2가","중국집","5"
"20180127","토","여","40대","서울특별시","중구","을지로3가","중국집","5"
"20180127","토","여","50대","서울특별시","중구","명동1가","중국집","5"
"20180127","토","여","50대","서울특별시","중구","수하동","중국집","27"
"20180127","토","여","50대","서울특별시","중구","신당동","중국집","62"
"20180127","토","남","50대","서울특별시","중구","을지로6가","중국집","5"
"20180127","토","여","50대","서울특별시","중구","필동2가","중국집","5"
"20180127","토","여","40대","서울특별시","중구","을지로6가","중국집","5"
"20180127","토","남","30대","서울특별시","중구","필동2가","중국집","5"
"20180127","토","여","60대이상","서울특별시","중구","수하동","중국집","13"
"20180127","토","여","60대이상","서울특별시","중구","신당동","중국집","24"
"20180127","토","여","60대이상","서울특별시","중구","을지로6가","중국집","5"
"20180127","토","여","40대","서울특별시","중구","신당동","중국집","89"
"20180127","토","남","10대","서울특별시","중랑구","망우동","중국집","5"
"20180127","토","남","10대","서울특별시","중랑구","면목동","중국집","5"
"20180127","토","남","10대","서울특별시","중랑구","묵동","중국집","5"
"20180127","토","남","20대","서울특별시","중랑구","상봉동","중국집","5"
"20180127","토","남","40대","서울특별시","중랑구","망우동","중국집","5"
"20180127","토","남","40대","서울특별시","중랑구","면목동","중국집","67"
"20180127","토","남","30대","서울특별시","중랑구","망우동","중국집","5"
"20180127","토","남","40대","서울특별시","중랑구","묵동","중국집","5"
"20180127","토","남","10대","서울특별시","중랑구","신내동","중국집","5"
"20180127","토","남","50대","서울특별시","중랑구","망우동","중국집","5"
"20180127","토","남","60대이상","서울특별시","중랑구","망우동","중국집","5"
"20180127","토","남","60대이상","서울특별시","중랑구","면목동","중국집","31"
"20180127","토","남","60대이상","서울특별시","중랑구","상봉동","중국집","5"
"20180127","토","남","50대","서울특별시","중랑구","상봉동","중국집","5"
"20180127","토","남","60대이상","서울특별시","중랑구","신내동","중국집","5"
"20180127","토","여","10대","서울특별시","중랑구","면목동","중국집","5"
"20180127","토","남","40대","서울특별시","중랑구","상봉동","중국집","5"
"20180127","토","여","10대","서울특별시","중랑구","상봉동","중국집","5"
"20180127","토","여","20대","서울특별시","중랑구","망우동","중국집","5"
"20180127","토","여","20대","서울특별시","중랑구","면목동","중국집","8"
"20180127","토","남","50대","서울특별시","중랑구","면목동","중국집","37"
"20180127","토","남","30대","서울특별시","중랑구","면목동","중국집","58"
"20180127","토","여","20대","서울특별시","중랑구","신내동","중국집","5"
"20180127","토","여","30대","서울특별시","중랑구","망우동","중국집","5"
"20180127","토","여","30대","서울특별시","중랑구","묵동","중국집","5"
"20180127","토","여","30대","서울특별시","중랑구","신내동","중국집","5"
"20180127","토","여","40대","서울특별시","중랑구","망우동","중국집","5"
"20180127","토","여","40대","서울특별시","중랑구","면목동","중국집","82"
"20180127","토","여","40대","서울특별시","중랑구","중화동","중국집","5"
"20180127","토","남","20대","서울특별시","중랑구","신내동","중국집","5"
"20180127","토","남","20대","서울특별시","중랑구","망우동","중국집","8"
"20180127","토","여","50대","서울특별시","중랑구","망우동","중국집","5"
"20180127","토","여","50대","서울특별시","중랑구","면목동","중국집","49"
"20180127","토","여","50대","서울특별시","중랑구","묵동","중국집","5"
"20180127","토","여","30대","서울특별시","중랑구","면목동","중국집","45"
"20180127","토","남","10대","서울특별시","중랑구","중화동","중국집","5"
"20180127","토","여","50대","서울특별시","중랑구","중화동","중국집","5"
"20180127","토","남","30대","서울특별시","중랑구","묵동","중국집","5"
"20180127","토","여","60대이상","서울특별시","중랑구","망우동","중국집","7"
"20180127","토","여","50대","서울특별시","중랑구","상봉동","중국집","5"
"20180127","토","여","30대","서울특별시","중랑구","중화동","중국집","5"
"20180127","토","여","60대이상","서울특별시","중랑구","면목동","중국집","23"
"20180127","토","남","20대","서울특별시","중랑구","면목동","중국집","38"
"20180127","토","여","60대이상","서울특별시","중랑구","신내동","중국집","5"
"20180128","일","남","10대","서울특별시","강남구","세곡동","중국집","5"
"20180128","일","남","10대","서울특별시","강남구","역삼동","중국집","5"
"20180128","일","남","10대","서울특별시","강남구","일원동","중국집","5"
"20180128","일","남","30대","서울특별시","강남구","논현동","중국집","40"
"20180128","일","남","10대","서울특별시","강남구","삼성동","중국집","6"
"20180128","일","남","30대","서울특별시","강남구","수서동","중국집","7"
"20180128","일","남","40대","서울특별시","강남구","논현동","중국집","50"
"20180128","일","남","40대","서울특별시","강남구","도곡동","중국집","10"
"20180128","일","남","40대","서울특별시","강남구","삼성동","중국집","92"
"20180128","일","남","40대","서울특별시","강남구","수서동","중국집","5"
"20180128","일","남","40대","서울특별시","강남구","압구정동","중국집","5"
"20180128","일","남","40대","서울특별시","강남구","일원동","중국집","5"
"20180128","일","남","50대","서울특별시","강남구","논현동","중국집","30"
"20180128","일","남","50대","서울특별시","강남구","개포동","중국집","5"
"20180128","일","남","50대","서울특별시","강남구","삼성동","중국집","42"
"20180128","일","남","60대이상","서울특별시","강남구","논현동","중국집","7"
"20180128","일","남","60대이상","서울특별시","강남구","역삼동","중국집","15"
"20180128","일","여","10대","서울특별시","강남구","세곡동","중국집","5"
"20180128","일","여","10대","서울특별시","강남구","일원동","중국집","5"
"20180128","일","남","40대","서울특별시","강남구","대치동","중국집","5"
"20180128","일","여","20대","서울특별시","강남구","개포동","중국집","5"
"20180128","일","남","10대","서울특별시","강남구","논현동","중국집","5"
"20180128","일","남","60대이상","서울특별시","강남구","삼성동","중국집","20"
"20180128","일","여","10대","서울특별시","강남구","삼성동","중국집","5"
"20180128","일","여","20대","서울특별시","강남구","논현동","중국집","24"
"20180128","일","여","20대","서울특별시","강남구","세곡동","중국집","5"
"20180128","일","여","20대","서울특별시","강남구","수서동","중국집","5"
"20180128","일","남","30대","서울특별시","강남구","삼성동","중국집","60"
"20180128","일","여","20대","서울특별시","강남구","압구정동","중국집","5"
"20180128","일","여","20대","서울특별시","강남구","역삼동","중국집","24"
"20180128","일","여","10대","서울특별시","강남구","역삼동","중국집","7"
"20180128","일","여","20대","서울특별시","강남구","도곡동","중국집","5"
"20180128","일","남","20대","서울특별시","강남구","삼성동","중국집","32"
"20180128","일","여","30대","서울특별시","강남구","도곡동","중국집","5"
"20180128","일","남","40대","서울특별시","강남구","역삼동","중국집","72"
"20180128","일","남","60대이상","서울특별시","강남구","수서동","중국집","5"
"20180128","일","남","30대","서울특별시","강남구","세곡동","중국집","17"
"20180128","일","여","30대","서울특별시","강남구","세곡동","중국집","16"
"20180128","일","남","50대","서울특별시","강남구","역삼동","중국집","19"
"20180128","일","여","30대","서울특별시","강남구","역삼동","중국집","31"
"20180128","일","여","40대","서울특별시","강남구","개포동","중국집","5"
"20180128","일","여","10대","서울특별시","강남구","논현동","중국집","5"
"20180128","일","여","40대","서울특별시","강남구","대치동","중국집","5"
"20180128","일","여","30대","서울특별시","강남구","대치동","중국집","5"
"20180128","일","여","40대","서울특별시","강남구","도곡동","중국집","12"
"20180128","일","여","40대","서울특별시","강남구","삼성동","중국집","118"
"20180128","일","여","40대","서울특별시","강남구","세곡동","중국집","15"
"20180128","일","남","50대","서울특별시","강남구","압구정동","중국집","5"
"20180128","일","여","40대","서울특별시","강남구","수서동","중국집","5"
"20180128","일","남","30대","서울특별시","강남구","대치동","중국집","5"
"20180128","일","여","20대","서울특별시","강남구","삼성동","중국집","13"
"20180128","일","남","30대","서울특별시","강남구","일원동","중국집","5"
"20180128","일","여","40대","서울특별시","강남구","역삼동","중국집","59"
"20180128","일","여","40대","서울특별시","강남구","일원동","중국집","5"
"20180128","일","남","40대","서울특별시","강남구","세곡동","중국집","14"
"20180128","일","여","50대","서울특별시","강남구","개포동","중국집","5"
"20180128","일","남","60대이상","서울특별시","강남구","세곡동","중국집","5"
"20180128","일","여","50대","서울특별시","강남구","논현동","중국집","31"
"20180128","일","여","40대","서울특별시","강남구","논현동","중국집","44"
"20180128","일","남","10대","서울특별시","강남구","도곡동","중국집","6"
"20180128","일","여","50대","서울특별시","강남구","대치동","중국집","5"
"20180128","일","여","30대","서울특별시","강남구","삼성동","중국집","64"
"20180128","일","여","50대","서울특별시","강남구","삼성동","중국집","49"
"20180128","일","남","20대","서울특별시","강남구","수서동","중국집","5"
"20180128","일","남","50대","서울특별시","강남구","수서동","중국집","5"
"20180128","일","남","20대","서울특별시","강남구","도곡동","중국집","5"
"20180128","일","여","30대","서울특별시","강남구","논현동","중국집","34"
"20180128","일","여","20대","서울특별시","강남구","대치동","중국집","5"
"20180128","일","여","50대","서울특별시","강남구","수서동","중국집","5"
"20180128","일","여","50대","서울특별시","강남구","일원동","중국집","5"
"20180128","일","남","20대","서울특별시","강남구","세곡동","중국집","9"
"20180128","일","여","30대","서울특별시","강남구","압구정동","중국집","5"
"20180128","일","여","60대이상","서울특별시","강남구","개포동","중국집","5"
"20180128","일","여","50대","서울특별시","강남구","세곡동","중국집","6"
"20180128","일","남","50대","서울특별시","강남구","세곡동","중국집","7"
"20180128","일","여","50대","서울특별시","강남구","도곡동","중국집","5"
"20180128","일","남","60대이상","서울특별시","강남구","대치동","중국집","5"
"20180128","일","여","60대이상","서울특별시","강남구","논현동","중국집","11"
"20180128","일","여","50대","서울특별시","강남구","역삼동","중국집","18"
"20180128","일","남","20대","서울특별시","강남구","논현동","중국집","31"
"20180128","일","남","30대","서울특별시","강남구","역삼동","중국집","68"
"20180128","일","남","20대","서울특별시","강남구","역삼동","중국집","32"
"20180128","일","남","30대","서울특별시","강남구","도곡동","중국집","5"
"20180128","일","여","60대이상","서울특별시","강남구","대치동","중국집","5"
"20180128","일","여","60대이상","서울특별시","강남구","도곡동","중국집","5"
"20180128","일","남","50대","서울특별시","강남구","도곡동","중국집","5"
"20180128","일","남","20대","서울특별시","강남구","압구정동","중국집","5"
"20180128","일","여","60대이상","서울특별시","강남구","삼성동","중국집","17"
"20180128","일","여","10대","서울특별시","강남구","개포동","중국집","5"
"20180128","일","여","60대이상","서울특별시","강남구","수서동","중국집","8"
"20180128","일","여","60대이상","서울특별시","강남구","역삼동","중국집","13"
"20180128","일","여","60대이상","서울특별시","강남구","일원동","중국집","5"
"20180128","일","여","60대이상","서울특별시","강남구","세곡동","중국집","5"
"20180128","일","남","10대","서울특별시","강동구","성내동","중국집","5"
"20180128","일","남","20대","서울특별시","강동구","길동","중국집","37"
"20180128","일","남","20대","서울특별시","강동구","명일동","중국집","5"
"20180128","일","남","30대","서울특별시","강동구","길동","중국집","111"
"20180128","일","남","30대","서울특별시","강동구","명일동","중국집","5"
"20180128","일","남","30대","서울특별시","강동구","상일동","중국집","5"
"20180128","일","남","30대","서울특별시","강동구","성내동","중국집","8"
"20180128","일","남","40대","서울특별시","강동구","길동","중국집","107"
"20180128","일","남","40대","서울특별시","강동구","명일동","중국집","8"
"20180128","일","남","40대","서울특별시","강동구","성내동","중국집","6"
"20180128","일","남","30대","서울특별시","강동구","암사동","중국집","5"
"20180128","일","남","50대","서울특별시","강동구","암사동","중국집","5"
"20180128","일","남","60대이상","서울특별시","강동구","길동","중국집","49"
"20180128","일","남","60대이상","서울특별시","강동구","명일동","중국집","5"
"20180128","일","남","60대이상","서울특별시","강동구","상일동","중국집","5"
"20180128","일","남","60대이상","서울특별시","강동구","성내동","중국집","5"
"20180128","일","남","60대이상","서울특별시","강동구","암사동","중국집","5"
"20180128","일","남","60대이상","서울특별시","강동구","천호동","중국집","5"
"20180128","일","여","10대","서울특별시","강동구","길동","중국집","5"
"20180128","일","여","10대","서울특별시","강동구","성내동","중국집","5"
"20180128","일","남","40대","서울특별시","강동구","천호동","중국집","5"
"20180128","일","남","50대","서울특별시","강동구","상일동","중국집","5"
"20180128","일","남","20대","서울특별시","강동구","천호동","중국집","5"
"20180128","일","여","10대","서울특별시","강동구","천호동","중국집","5"
"20180128","일","남","50대","서울특별시","강동구","길동","중국집","64"
"20180128","일","여","20대","서울특별시","강동구","길동","중국집","31"
"20180128","일","여","20대","서울특별시","강동구","암사동","중국집","5"
"20180128","일","여","20대","서울특별시","강동구","천호동","중국집","5"
"20180128","일","여","30대","서울특별시","강동구","길동","중국집","78"
"20180128","일","남","20대","서울특별시","강동구","성내동","중국집","8"
"20180128","일","여","20대","서울특별시","강동구","명일동","중국집","5"
"20180128","일","여","30대","서울특별시","강동구","암사동","중국집","5"
"20180128","일","여","30대","서울특별시","강동구","천호동","중국집","5"
"20180128","일","남","50대","서울특별시","강동구","천호동","중국집","5"
"20180128","일","여","40대","서울특별시","강동구","길동","중국집","105"
"20180128","일","남","50대","서울특별시","강동구","성내동","중국집","9"
"20180128","일","여","40대","서울특별시","강동구","명일동","중국집","6"
"20180128","일","여","40대","서울특별시","강동구","암사동","중국집","5"
"20180128","일","여","40대","서울특별시","강동구","천호동","중국집","5"
"20180128","일","여","30대","서울특별시","강동구","성내동","중국집","7"
"20180128","일","여","20대","서울특별시","강동구","성내동","중국집","5"
"20180128","일","남","40대","서울특별시","강동구","암사동","중국집","5"
"20180128","일","여","50대","서울특별시","강동구","길동","중국집","65"
"20180128","일","남","30대","서울특별시","강동구","천호동","중국집","5"
"20180128","일","여","50대","서울특별시","강동구","명일동","중국집","5"
"20180128","일","남","10대","서울특별시","강동구","길동","중국집","11"
"20180128","일","여","50대","서울특별시","강동구","성내동","중국집","9"
"20180128","일","여","50대","서울특별시","강동구","암사동","중국집","5"
"20180128","일","여","60대이상","서울특별시","강동구","길동","중국집","33"
"20180128","일","남","20대","서울특별시","강동구","암사동","중국집","5"
"20180128","일","여","60대이상","서울특별시","강동구","성내동","중국집","5"
"20180128","일","여","30대","서울특별시","강동구","명일동","중국집","5"
"20180128","일","여","60대이상","서울특별시","강동구","암사동","중국집","5"
"20180128","일","여","40대","서울특별시","강동구","성내동","중국집","5"
"20180128","일","여","60대이상","서울특별시","강동구","천호동","중국집","5"
"20180128","일","남","10대","서울특별시","강북구","번동","중국집","5"
"20180128","일","남","20대","서울특별시","강북구","미아동","중국집","45"
"20180128","일","남","20대","서울특별시","강북구","번동","중국집","18"
"20180128","일","남","20대","서울특별시","강북구","우이동","중국집","5"
"20180128","일","남","30대","서울특별시","강북구","미아동","중국집","106"
"20180128","일","남","30대","서울특별시","강북구","수유동","중국집","5"
"20180128","일","남","30대","서울특별시","강북구","우이동","중국집","5"
"20180128","일","남","40대","서울특별시","강북구","미아동","중국집","88"
"20180128","일","남","40대","서울특별시","강북구","번동","중국집","32"
"20180128","일","남","40대","서울특별시","강북구","우이동","중국집","5"
"20180128","일","남","50대","서울특별시","강북구","번동","중국집","12"
"20180128","일","남","10대","서울특별시","강북구","미아동","중국집","7"
"20180128","일","남","60대이상","서울특별시","강북구","번동","중국집","12"
"20180128","일","남","60대이상","서울특별시","강북구","우이동","중국집","5"
"20180128","일","여","10대","서울특별시","강북구","번동","중국집","5"
"20180128","일","여","10대","서울특별시","강북구","우이동","중국집","5"
"20180128","일","여","20대","서울특별시","강북구","미아동","중국집","23"
"20180128","일","남","30대","서울특별시","강북구","번동","중국집","26"
"20180128","일","여","20대","서울특별시","강북구","번동","중국집","9"
"20180128","일","남","60대이상","서울특별시","강북구","미아동","중국집","57"
"20180128","일","여","20대","서울특별시","강북구","우이동","중국집","5"
"20180128","일","여","30대","서울특별시","강북구","미아동","중국집","77"
"20180128","일","여","30대","서울특별시","강북구","번동","중국집","15"
"20180128","일","여","30대","서울특별시","강북구","수유동","중국집","5"
"20180128","일","여","40대","서울특별시","강북구","미아동","중국집","143"
"20180128","일","남","50대","서울특별시","강북구","미아동","중국집","91"
"20180128","일","여","40대","서울특별시","강북구","번동","중국집","33"
"20180128","일","여","40대","서울특별시","강북구","우이동","중국집","5"
"20180128","일","여","50대","서울특별시","강북구","미아동","중국집","85"
"20180128","일","여","50대","서울특별시","강북구","번동","중국집","22"
"20180128","일","여","50대","서울특별시","강북구","우이동","중국집","6"
"20180128","일","여","60대이상","서울특별시","강북구","미아동","중국집","42"
"20180128","일","여","60대이상","서울특별시","강북구","번동","중국집","18"
"20180128","일","여","10대","서울특별시","강북구","미아동","중국집","5"
"20180128","일","여","60대이상","서울특별시","강북구","우이동","중국집","5"
"20180128","일","남","10대","서울특별시","강서구","가양동","중국집","5"
"20180128","일","남","10대","서울특별시","강서구","등촌동","중국집","5"
"20180128","일","남","10대","서울특별시","강서구","화곡동","중국집","12"
"20180128","일","남","20대","서울특별시","강서구","화곡동","중국집","35"
"20180128","일","남","20대","서울특별시","강서구","방화동","중국집","5"
"20180128","일","남","30대","서울특별시","강서구","등촌동","중국집","29"
"20180128","일","남","30대","서울특별시","강서구","방화동","중국집","5"
"20180128","일","남","20대","서울특별시","강서구","가양동","중국집","19"
"20180128","일","남","30대","서울특별시","강서구","외발산동","중국집","5"
"20180128","일","남","40대","서울특별시","강서구","가양동","중국집","58"
"20180128","일","남","40대","서울특별시","강서구","방화동","중국집","5"
"20180128","일","남","40대","서울특별시","강서구","외발산동","중국집","5"
"20180128","일","남","50대","서울특별시","강서구","가양동","중국집","33"
"20180128","일","남","50대","서울특별시","강서구","내발산동","중국집","48"
"20180128","일","남","50대","서울특별시","강서구","등촌동","중국집","24"
"20180128","일","남","50대","서울특별시","강서구","방화동","중국집","8"
"20180128","일","남","60대이상","서울특별시","강서구","가양동","중국집","12"
"20180128","일","남","60대이상","서울특별시","강서구","등촌동","중국집","11"
"20180128","일","남","60대이상","서울특별시","강서구","외발산동","중국집","5"
"20180128","일","남","60대이상","서울특별시","강서구","화곡동","중국집","33"
"20180128","일","남","60대이상","서울특별시","강서구","방화동","중국집","5"
"20180128","일","여","10대","서울특별시","강서구","가양동","중국집","5"
"20180128","일","여","10대","서울특별시","강서구","화곡동","중국집","5"
"20180128","일","남","10대","서울특별시","강서구","내발산동","중국집","5"
"20180128","일","여","20대","서울특별시","강서구","내발산동","중국집","17"
"20180128","일","여","20대","서울특별시","강서구","등촌동","중국집","11"
"20180128","일","여","20대","서울특별시","강서구","방화동","중국집","5"
"20180128","일","여","30대","서울특별시","강서구","가양동","중국집","24"
"20180128","일","남","40대","서울특별시","강서구","등촌동","중국집","46"
"20180128","일","남","30대","서울특별시","강서구","마곡동","중국집","5"
"20180128","일","남","20대","서울특별시","강서구","내발산동","중국집","22"
"20180128","일","여","30대","서울특별시","강서구","내발산동","중국집","55"
"20180128","일","여","30대","서울특별시","강서구","등촌동","중국집","22"
"20180128","일","여","30대","서울특별시","강서구","마곡동","중국집","5"
"20180128","일","여","30대","서울특별시","강서구","방화동","중국집","5"
"20180128","일","여","30대","서울특별시","강서구","화곡동","중국집","74"
"20180128","일","남","50대","서울특별시","강서구","외발산동","중국집","5"
"20180128","일","남","40대","서울특별시","강서구","내발산동","중국집","70"
"20180128","일","여","40대","서울특별시","강서구","가양동","중국집","27"
"20180128","일","여","40대","서울특별시","강서구","내발산동","중국집","96"
"20180128","일","남","20대","서울특별시","강서구","마곡동","중국집","5"
"20180128","일","여","20대","서울특별시","강서구","화곡동","중국집","19"
"20180128","일","여","40대","서울특별시","강서구","마곡동","중국집","5"
"20180128","일","여","50대","서울특별시","강서구","가양동","중국집","14"
"20180128","일","여","50대","서울특별시","강서구","내발산동","중국집","36"
"20180128","일","여","50대","서울특별시","강서구","등촌동","중국집","22"
"20180128","일","여","50대","서울특별시","강서구","방화동","중국집","5"
"20180128","일","여","10대","서울특별시","강서구","내발산동","중국집","5"
"20180128","일","남","30대","서울특별시","강서구","화곡동","중국집","75"
"20180128","일","남","30대","서울특별시","강서구","가양동","중국집","48"
"20180128","일","남","60대이상","서울특별시","강서구","내발산동","중국집","27"
"20180128","일","여","50대","서울특별시","강서구","화곡동","중국집","43"
"20180128","일","여","40대","서울특별시","강서구","화곡동","중국집","95"
"20180128","일","여","60대이상","서울특별시","강서구","가양동","중국집","15"
"20180128","일","남","50대","서울특별시","강서구","화곡동","중국집","56"
"20180128","일","여","60대이상","서울특별시","강서구","내발산동","중국집","26"
"20180128","일","여","20대","서울특별시","강서구","가양동","중국집","16"
"20180128","일","여","60대이상","서울특별시","강서구","등촌동","중국집","17"
"20180128","일","남","30대","서울특별시","강서구","내발산동","중국집","73"
"20180128","일","여","50대","서울특별시","강서구","마곡동","중국집","5"
"20180128","일","여","60대이상","서울특별시","강서구","화곡동","중국집","27"
"20180128","일","남","20대","서울특별시","강서구","등촌동","중국집","22"
"20180128","일","남","40대","서울특별시","강서구","화곡동","중국집","97"
"20180128","일","여","40대","서울특별시","강서구","등촌동","중국집","47"
"20180128","일","남","10대","서울특별시","관악구","신림동","중국집","5"
"20180128","일","남","20대","서울특별시","관악구","봉천동","중국집","7"
"20180128","일","남","20대","서울특별시","관악구","신림동","중국집","18"
"20180128","일","남","30대","서울특별시","관악구","신림동","중국집","22"
"20180128","일","남","40대","서울특별시","관악구","신림동","중국집","9"
"20180128","일","남","30대","서울특별시","관악구","봉천동","중국집","13"
"20180128","일","남","50대","서울특별시","관악구","신림동","중국집","5"
"20180128","일","남","60대이상","서울특별시","관악구","봉천동","중국집","5"
"20180128","일","남","40대","서울특별시","관악구","봉천동","중국집","10"
"20180128","일","남","60대이상","서울특별시","관악구","신림동","중국집","5"
"20180128","일","여","10대","서울특별시","관악구","봉천동","중국집","5"
"20180128","일","여","20대","서울특별시","관악구","신림동","중국집","13"
"20180128","일","여","30대","서울특별시","관악구","봉천동","중국집","11"
"20180128","일","여","30대","서울특별시","관악구","신림동","중국집","9"
"20180128","일","여","40대","서울특별시","관악구","봉천동","중국집","8"
"20180128","일","여","40대","서울특별시","관악구","신림동","중국집","9"
"20180128","일","여","20대","서울특별시","관악구","봉천동","중국집","5"
"20180128","일","여","50대","서울특별시","관악구","봉천동","중국집","8"
"20180128","일","여","50대","서울특별시","관악구","신림동","중국집","5"
"20180128","일","여","60대이상","서울특별시","관악구","봉천동","중국집","5"
"20180128","일","남","50대","서울특별시","관악구","봉천동","중국집","6"
"20180128","일","여","60대이상","서울특별시","관악구","신림동","중국집","5"
"20180128","일","남","10대","서울특별시","광진구","능동","중국집","5"
"20180128","일","남","10대","서울특별시","광진구","자양동","중국집","5"
"20180128","일","남","10대","서울특별시","광진구","중곡동","중국집","5"
"20180128","일","남","20대","서울특별시","광진구","능동","중국집","5"
"20180128","일","남","20대","서울특별시","광진구","자양동","중국집","5"
"20180128","일","남","20대","서울특별시","광진구","중곡동","중국집","5"
"20180128","일","남","20대","서울특별시","광진구","화양동","중국집","5"
"20180128","일","남","30대","서울특별시","광진구","자양동","중국집","9"
"20180128","일","남","30대","서울특별시","광진구","중곡동","중국집","5"
"20180128","일","남","40대","서울특별시","광진구","광장동","중국집","5"
"20180128","일","남","40대","서울특별시","광진구","능동","중국집","5"
"20180128","일","남","30대","서울특별시","광진구","광장동","중국집","5"
"20180128","일","남","30대","서울특별시","광진구","능동","중국집","5"
"20180128","일","남","40대","서울특별시","광진구","자양동","중국집","11"
"20180128","일","남","60대이상","서울특별시","광진구","광장동","중국집","5"
"20180128","일","남","60대이상","서울특별시","광진구","구의동","중국집","5"
"20180128","일","남","60대이상","서울특별시","광진구","자양동","중국집","5"
"20180128","일","남","30대","서울특별시","광진구","구의동","중국집","5"
"20180128","일","여","10대","서울특별시","광진구","자양동","중국집","6"
"20180128","일","여","20대","서울특별시","광진구","능동","중국집","5"
"20180128","일","여","30대","서울특별시","광진구","광장동","중국집","5"
"20180128","일","여","30대","서울특별시","광진구","구의동","중국집","5"
"20180128","일","남","60대이상","서울특별시","광진구","화양동","중국집","5"
"20180128","일","여","30대","서울특별시","광진구","자양동","중국집","6"
"20180128","일","남","60대이상","서울특별시","광진구","중곡동","중국집","5"
"20180128","일","여","30대","서울특별시","광진구","화양동","중국집","5"
"20180128","일","여","40대","서울특별시","광진구","광장동","중국집","5"
"20180128","일","남","40대","서울특별시","광진구","화양동","중국집","5"
"20180128","일","여","20대","서울특별시","광진구","자양동","중국집","10"
"20180128","일","여","40대","서울특별시","광진구","능동","중국집","5"
"20180128","일","남","50대","서울특별시","광진구","자양동","중국집","5"
"20180128","일","여","40대","서울특별시","광진구","자양동","중국집","10"
"20180128","일","여","40대","서울특별시","광진구","중곡동","중국집","5"
"20180128","일","여","50대","서울특별시","광진구","능동","중국집","5"
"20180128","일","여","50대","서울특별시","광진구","자양동","중국집","5"
"20180128","일","남","20대","서울특별시","광진구","광장동","중국집","5"
"20180128","일","여","60대이상","서울특별시","광진구","광장동","중국집","5"
"20180128","일","여","20대","서울특별시","광진구","광장동","중국집","5"
"20180128","일","여","60대이상","서울특별시","광진구","자양동","중국집","6"
"20180128","일","남","10대","서울특별시","구로구","궁동","중국집","5"
"20180128","일","남","20대","서울특별시","구로구","개봉동","중국집","17"
"20180128","일","남","20대","서울특별시","구로구","구로동","중국집","5"
"20180128","일","남","30대","서울특별시","구로구","구로동","중국집","6"
"20180128","일","남","30대","서울특별시","구로구","궁동","중국집","5"
"20180128","일","남","40대","서울특별시","구로구","개봉동","중국집","71"
"20180128","일","남","40대","서울특별시","구로구","궁동","중국집","5"
"20180128","일","남","50대","서울특별시","구로구","개봉동","중국집","36"
"20180128","일","남","50대","서울특별시","구로구","구로동","중국집","5"
"20180128","일","남","60대이상","서울특별시","구로구","개봉동","중국집","36"
"20180128","일","남","60대이상","서울특별시","구로구","구로동","중국집","5"
"20180128","일","여","10대","서울특별시","구로구","개봉동","중국집","5"
"20180128","일","남","40대","서울특별시","구로구","신도림동","중국집","5"
"20180128","일","여","10대","서울특별시","구로구","궁동","중국집","5"
"20180128","일","여","20대","서울특별시","구로구","개봉동","중국집","20"
"20180128","일","여","30대","서울특별시","구로구","개봉동","중국집","59"
"20180128","일","여","30대","서울특별시","구로구","구로동","중국집","5"
"20180128","일","여","30대","서울특별시","구로구","궁동","중국집","5"
"20180128","일","여","40대","서울특별시","구로구","개봉동","중국집","86"
"20180128","일","여","40대","서울특별시","구로구","구로동","중국집","5"
"20180128","일","여","20대","서울특별시","구로구","궁동","중국집","5"
"20180128","일","여","40대","서울특별시","구로구","궁동","중국집","5"
"20180128","일","여","50대","서울특별시","구로구","개봉동","중국집","37"
"20180128","일","여","50대","서울특별시","구로구","구로동","중국집","5"
"20180128","일","여","50대","서울특별시","구로구","궁동","중국집","5"
"20180128","일","여","60대이상","서울특별시","구로구","구로동","중국집","5"
"20180128","일","여","60대이상","서울특별시","구로구","신도림동","중국집","5"
"20180128","일","여","60대이상","서울특별시","구로구","개봉동","중국집","12"
"20180128","일","남","50대","서울특별시","구로구","궁동","중국집","5"
"20180128","일","남","10대","서울특별시","구로구","개봉동","중국집","9"
"20180128","일","남","30대","서울특별시","구로구","개봉동","중국집","59"
"20180128","일","남","10대","서울특별시","금천구","가산동","중국집","5"
"20180128","일","남","20대","서울특별시","금천구","독산동","중국집","5"
"20180128","일","남","30대","서울특별시","금천구","독산동","중국집","5"
"20180128","일","남","30대","서울특별시","금천구","시흥동","중국집","5"
"20180128","일","남","20대","서울특별시","금천구","시흥동","중국집","5"
"20180128","일","남","40대","서울특별시","금천구","가산동","중국집","16"
"20180128","일","남","40대","서울특별시","금천구","독산동","중국집","5"
"20180128","일","남","40대","서울특별시","금천구","시흥동","중국집","5"
"20180128","일","남","50대","서울특별시","금천구","가산동","중국집","29"
"20180128","일","남","50대","서울특별시","금천구","시흥동","중국집","5"
"20180128","일","남","60대이상","서울특별시","금천구","가산동","중국집","5"
"20180128","일","남","60대이상","서울특별시","금천구","독산동","중국집","10"
"20180128","일","남","60대이상","서울특별시","금천구","시흥동","중국집","5"
"20180128","일","남","50대","서울특별시","금천구","독산동","중국집","5"
"20180128","일","여","10대","서울특별시","금천구","시흥동","중국집","5"
"20180128","일","남","20대","서울특별시","금천구","가산동","중국집","11"
"20180128","일","여","20대","서울특별시","금천구","독산동","중국집","5"
"20180128","일","여","20대","서울특별시","금천구","시흥동","중국집","5"
"20180128","일","남","10대","서울특별시","금천구","시흥동","중국집","5"
"20180128","일","여","30대","서울특별시","금천구","가산동","중국집","6"
"20180128","일","여","30대","서울특별시","금천구","독산동","중국집","5"
"20180128","일","여","30대","서울특별시","금천구","시흥동","중국집","9"
"20180128","일","여","40대","서울특별시","금천구","가산동","중국집","25"
"20180128","일","여","20대","서울특별시","금천구","가산동","중국집","9"
"20180128","일","여","40대","서울특별시","금천구","독산동","중국집","5"
"20180128","일","여","40대","서울특별시","금천구","시흥동","중국집","5"
"20180128","일","남","30대","서울특별시","금천구","가산동","중국집","20"
"20180128","일","여","50대","서울특별시","금천구","가산동","중국집","16"
"20180128","일","여","50대","서울특별시","금천구","독산동","중국집","5"
"20180128","일","여","60대이상","서울특별시","금천구","독산동","중국집","5"
"20180128","일","여","60대이상","서울특별시","금천구","시흥동","중국집","5"
"20180128","일","남","10대","서울특별시","노원구","중계동","중국집","5"
"20180128","일","남","20대","서울특별시","노원구","월계동","중국집","5"
"20180128","일","남","30대","서울특별시","노원구","공릉동","중국집","5"
"20180128","일","남","30대","서울특별시","노원구","상계동","중국집","73"
"20180128","일","남","30대","서울특별시","노원구","월계동","중국집","7"
"20180128","일","남","40대","서울특별시","노원구","상계동","중국집","102"
"20180128","일","남","40대","서울특별시","노원구","월계동","중국집","5"
"20180128","일","남","50대","서울특별시","노원구","공릉동","중국집","5"
"20180128","일","남","50대","서울특별시","노원구","월계동","중국집","5"
"20180128","일","남","50대","서울특별시","노원구","중계동","중국집","5"
"20180128","일","남","40대","서울특별시","노원구","공릉동","중국집","5"
"20180128","일","남","60대이상","서울특별시","노원구","공릉동","중국집","5"
"20180128","일","남","60대이상","서울특별시","노원구","월계동","중국집","5"
"20180128","일","남","60대이상","서울특별시","노원구","중계동","중국집","5"
"20180128","일","여","10대","서울특별시","노원구","상계동","중국집","9"
"20180128","일","여","10대","서울특별시","노원구","월계동","중국집","5"
"20180128","일","남","60대이상","서울특별시","노원구","상계동","중국집","33"
"20180128","일","여","10대","서울특별시","노원구","중계동","중국집","5"
"20180128","일","여","20대","서울특별시","노원구","공릉동","중국집","7"
"20180128","일","여","20대","서울특별시","노원구","하계동","중국집","5"
"20180128","일","여","30대","서울특별시","노원구","공릉동","중국집","7"
"20180128","일","여","30대","서울특별시","노원구","상계동","중국집","61"
"20180128","일","남","20대","서울특별시","노원구","상계동","중국집","31"
"20180128","일","여","30대","서울특별시","노원구","월계동","중국집","5"
"20180128","일","여","40대","서울특별시","노원구","공릉동","중국집","5"
"20180128","일","남","30대","서울특별시","노원구","중계동","중국집","5"
"20180128","일","여","40대","서울특별시","노원구","상계동","중국집","131"
"20180128","일","여","40대","서울특별시","노원구","월계동","중국집","6"
"20180128","일","여","40대","서울특별시","노원구","중계동","중국집","8"
"20180128","일","여","50대","서울특별시","노원구","공릉동","중국집","5"
"20180128","일","여","50대","서울특별시","노원구","상계동","중국집","65"
"20180128","일","여","50대","서울특별시","노원구","월계동","중국집","5"
"20180128","일","남","10대","서울특별시","노원구","공릉동","중국집","5"
"20180128","일","여","50대","서울특별시","노원구","중계동","중국집","5"
"20180128","일","남","20대","서울특별시","노원구","공릉동","중국집","5"
"20180128","일","남","10대","서울특별시","노원구","상계동","중국집","24"
"20180128","일","여","60대이상","서울특별시","노원구","공릉동","중국집","5"
"20180128","일","여","60대이상","서울특별시","노원구","상계동","중국집","26"
"20180128","일","여","60대이상","서울특별시","노원구","월계동","중국집","5"
"20180128","일","남","50대","서울특별시","노원구","상계동","중국집","53"
"20180128","일","여","60대이상","서울특별시","노원구","중계동","중국집","5"
"20180128","일","여","20대","서울특별시","노원구","상계동","중국집","15"
"20180128","일","남","20대","서울특별시","도봉구","도봉동","중국집","5"
"20180128","일","남","30대","서울특별시","도봉구","도봉동","중국집","5"
"20180128","일","남","30대","서울특별시","도봉구","방학동","중국집","5"
"20180128","일","남","30대","서울특별시","도봉구","쌍문동","중국집","5"
"20180128","일","남","40대","서울특별시","도봉구","도봉동","중국집","5"
"20180128","일","남","40대","서울특별시","도봉구","방학동","중국집","5"
"20180128","일","남","40대","서울특별시","도봉구","쌍문동","중국집","5"
"20180128","일","남","50대","서울특별시","도봉구","방학동","중국집","5"
"20180128","일","남","20대","서울특별시","도봉구","쌍문동","중국집","5"
"20180128","일","남","50대","서울특별시","도봉구","쌍문동","중국집","5"
"20180128","일","남","60대이상","서울특별시","도봉구","방학동","중국집","5"
"20180128","일","여","10대","서울특별시","도봉구","쌍문동","중국집","5"
"20180128","일","여","20대","서울특별시","도봉구","쌍문동","중국집","5"
"20180128","일","남","60대이상","서울특별시","도봉구","쌍문동","중국집","5"
"20180128","일","여","30대","서울특별시","도봉구","도봉동","중국집","5"
"20180128","일","여","30대","서울특별시","도봉구","방학동","중국집","5"
"20180128","일","여","30대","서울특별시","도봉구","쌍문동","중국집","5"
"20180128","일","여","40대","서울특별시","도봉구","도봉동","중국집","5"
"20180128","일","여","40대","서울특별시","도봉구","방학동","중국집","5"
"20180128","일","여","20대","서울특별시","도봉구","방학동","중국집","5"
"20180128","일","여","40대","서울특별시","도봉구","쌍문동","중국집","5"
"20180128","일","여","50대","서울특별시","도봉구","방학동","중국집","5"
"20180128","일","여","50대","서울특별시","도봉구","쌍문동","중국집","5"
"20180128","일","남","10대","서울특별시","도봉구","도봉동","중국집","5"
"20180128","일","남","60대이상","서울특별시","도봉구","도봉동","중국집","5"
"20180128","일","여","60대이상","서울특별시","도봉구","도봉동","중국집","5"
"20180128","일","남","10대","서울특별시","동대문구","장안동","중국집","7"
"20180128","일","남","10대","서울특별시","동대문구","제기동","중국집","15"
"20180128","일","남","20대","서울특별시","동대문구","제기동","중국집","35"
"20180128","일","남","30대","서울특별시","동대문구","장안동","중국집","50"
"20180128","일","남","30대","서울특별시","동대문구","제기동","중국집","55"
"20180128","일","남","30대","서울특별시","동대문구","휘경동","중국집","5"
"20180128","일","남","40대","서울특별시","동대문구","장안동","중국집","65"
"20180128","일","남","40대","서울특별시","동대문구","제기동","중국집","73"
"20180128","일","남","40대","서울특별시","동대문구","답십리동","중국집","5"
"20180128","일","남","50대","서울특별시","동대문구","장안동","중국집","56"
"20180128","일","남","50대","서울특별시","동대문구","전농동","중국집","5"
"20180128","일","남","50대","서울특별시","동대문구","제기동","중국집","37"
"20180128","일","남","60대이상","서울특별시","동대문구","답십리동","중국집","5"
"20180128","일","남","60대이상","서울특별시","동대문구","제기동","중국집","35"
"20180128","일","여","10대","서울특별시","동대문구","답십리동","중국집","5"
"20180128","일","여","10대","서울특별시","동대문구","장안동","중국집","5"
"20180128","일","남","20대","서울특별시","동대문구","장안동","중국집","56"
"20180128","일","여","10대","서울특별시","동대문구","제기동","중국집","5"
"20180128","일","여","20대","서울특별시","동대문구","답십리동","중국집","5"
"20180128","일","남","10대","서울특별시","동대문구","전농동","중국집","5"
"20180128","일","남","60대이상","서울특별시","동대문구","장안동","중국집","18"
"20180128","일","여","20대","서울특별시","동대문구","장안동","중국집","12"
"20180128","일","여","20대","서울특별시","동대문구","전농동","중국집","5"
"20180128","일","여","30대","서울특별시","동대문구","답십리동","중국집","5"
"20180128","일","여","30대","서울특별시","동대문구","장안동","중국집","58"
"20180128","일","남","30대","서울특별시","동대문구","답십리동","중국집","5"
"20180128","일","남","30대","서울특별시","동대문구","전농동","중국집","6"
"20180128","일","여","30대","서울특별시","동대문구","전농동","중국집","5"
"20180128","일","남","20대","서울특별시","동대문구","답십리동","중국집","5"
"20180128","일","여","30대","서울특별시","동대문구","제기동","중국집","32"
"20180128","일","여","40대","서울특별시","동대문구","답십리동","중국집","5"
"20180128","일","여","40대","서울특별시","동대문구","장안동","중국집","92"
"20180128","일","여","40대","서울특별시","동대문구","전농동","중국집","5"
"20180128","일","여","40대","서울특별시","동대문구","제기동","중국집","42"
"20180128","일","여","50대","서울특별시","동대문구","장안동","중국집","20"
"20180128","일","여","50대","서울특별시","동대문구","제기동","중국집","60"
"20180128","일","남","20대","서울특별시","동대문구","전농동","중국집","7"
"20180128","일","여","60대이상","서울특별시","동대문구","답십리동","중국집","5"
"20180128","일","남","40대","서울특별시","동대문구","전농동","중국집","5"
"20180128","일","여","60대이상","서울특별시","동대문구","장안동","중국집","24"
"20180128","일","여","60대이상","서울특별시","동대문구","전농동","중국집","5"
"20180128","일","여","60대이상","서울특별시","동대문구","제기동","중국집","34"
"20180128","일","여","50대","서울특별시","동대문구","답십리동","중국집","5"
"20180128","일","여","20대","서울특별시","동대문구","제기동","중국집","21"
"20180128","일","남","20대","서울특별시","동작구","본동","중국집","6"
"20180128","일","남","20대","서울특별시","동작구","사당동","중국집","5"
"20180128","일","남","30대","서울특별시","동작구","노량진동","중국집","5"
"20180128","일","남","30대","서울특별시","동작구","본동","중국집","5"
"20180128","일","남","30대","서울특별시","동작구","상도동","중국집","5"
"20180128","일","남","30대","서울특별시","동작구","신대방동","중국집","202"
"20180128","일","남","40대","서울특별시","동작구","사당동","중국집","5"
"20180128","일","남","10대","서울특별시","동작구","본동","중국집","5"
"20180128","일","남","40대","서울특별시","동작구","상도동","중국집","8"
"20180128","일","남","20대","서울특별시","동작구","신대방동","중국집","107"
"20180128","일","남","40대","서울특별시","동작구","신대방동","중국집","157"
"20180128","일","남","50대","서울특별시","동작구","노량진동","중국집","5"
"20180128","일","남","50대","서울특별시","동작구","사당동","중국집","5"
"20180128","일","남","50대","서울특별시","동작구","신대방동","중국집","79"
"20180128","일","남","30대","서울특별시","동작구","대방동","중국집","5"
"20180128","일","남","50대","서울특별시","동작구","흑석동","중국집","5"
"20180128","일","남","60대이상","서울특별시","동작구","노량진동","중국집","5"
"20180128","일","남","60대이상","서울특별시","동작구","대방동","중국집","5"
"20180128","일","남","60대이상","서울특별시","동작구","사당동","중국집","5"
"20180128","일","남","60대이상","서울특별시","동작구","상도동","중국집","5"
"20180128","일","남","60대이상","서울특별시","동작구","신대방동","중국집","61"
"20180128","일","남","60대이상","서울특별시","동작구","본동","중국집","5"
"20180128","일","여","20대","서울특별시","동작구","본동","중국집","5"
"20180128","일","여","10대","서울특별시","동작구","신대방동","중국집","5"
"20180128","일","여","20대","서울특별시","동작구","사당동","중국집","7"
"20180128","일","여","20대","서울특별시","동작구","상도동","중국집","5"
"20180128","일","여","20대","서울특별시","동작구","신대방동","중국집","78"
"20180128","일","여","30대","서울특별시","동작구","노량진동","중국집","6"
"20180128","일","여","30대","서울특별시","동작구","본동","중국집","5"
"20180128","일","여","30대","서울특별시","동작구","상도동","중국집","7"
"20180128","일","여","30대","서울특별시","동작구","신대방동","중국집","129"
"20180128","일","여","40대","서울특별시","동작구","본동","중국집","5"
"20180128","일","여","40대","서울특별시","동작구","사당동","중국집","6"
"20180128","일","여","40대","서울특별시","동작구","상도동","중국집","7"
"20180128","일","여","40대","서울특별시","동작구","노량진동","중국집","5"
"20180128","일","남","10대","서울특별시","동작구","신대방동","중국집","10"
"20180128","일","여","40대","서울특별시","동작구","신대방동","중국집","146"
"20180128","일","여","50대","서울특별시","동작구","노량진동","중국집","5"
"20180128","일","남","20대","서울특별시","동작구","노량진동","중국집","5"
"20180128","일","여","50대","서울특별시","동작구","대방동","중국집","5"
"20180128","일","남","50대","서울특별시","동작구","상도동","중국집","5"
"20180128","일","여","50대","서울특별시","동작구","본동","중국집","5"
"20180128","일","여","50대","서울특별시","동작구","사당동","중국집","5"
"20180128","일","여","20대","서울특별시","동작구","노량진동","중국집","5"
"20180128","일","여","50대","서울특별시","동작구","신대방동","중국집","99"
"20180128","일","여","50대","서울특별시","동작구","흑석동","중국집","5"
"20180128","일","여","30대","서울특별시","동작구","사당동","중국집","6"
"20180128","일","남","40대","서울특별시","동작구","본동","중국집","5"
"20180128","일","여","60대이상","서울특별시","동작구","노량진동","중국집","5"
"20180128","일","여","60대이상","서울특별시","동작구","본동","중국집","5"
"20180128","일","여","60대이상","서울특별시","동작구","상도동","중국집","5"
"20180128","일","남","50대","서울특별시","동작구","본동","중국집","5"
"20180128","일","남","30대","서울특별시","동작구","사당동","중국집","6"
"20180128","일","여","60대이상","서울특별시","동작구","신대방동","중국집","57"
"20180128","일","남","20대","서울특별시","동작구","상도동","중국집","6"
"20180128","일","여","60대이상","서울특별시","동작구","흑석동","중국집","5"
"20180128","일","남","40대","서울특별시","동작구","노량진동","중국집","5"
"20180128","일","남","10대","서울특별시","마포구","대흥동","중국집","5"
"20180128","일","남","20대","서울특별시","마포구","마포동","중국집","5"
"20180128","일","남","20대","서울특별시","마포구","상암동","중국집","14"
"20180128","일","남","20대","서울특별시","마포구","서교동","중국집","5"
"20180128","일","남","20대","서울특별시","마포구","신수동","중국집","5"
"20180128","일","남","20대","서울특별시","마포구","창전동","중국집","5"
"20180128","일","남","30대","서울특별시","마포구","마포동","중국집","5"
"20180128","일","남","30대","서울특별시","마포구","망원동","중국집","5"
"20180128","일","남","20대","서울특별시","마포구","공덕동","중국집","5"
"20180128","일","남","30대","서울특별시","마포구","신공덕동","중국집","5"
"20180128","일","남","30대","서울특별시","마포구","신수동","중국집","5"
"20180128","일","남","30대","서울특별시","마포구","염리동","중국집","5"
"20180128","일","남","30대","서울특별시","마포구","합정동","중국집","22"
"20180128","일","남","10대","서울특별시","마포구","합정동","중국집","5"
"20180128","일","남","40대","서울특별시","마포구","마포동","중국집","5"
"20180128","일","남","40대","서울특별시","마포구","상수동","중국집","5"
"20180128","일","남","40대","서울특별시","마포구","아현동","중국집","5"
"20180128","일","남","40대","서울특별시","마포구","염리동","중국집","5"
"20180128","일","남","40대","서울특별시","마포구","창전동","중국집","5"
"20180128","일","남","40대","서울특별시","마포구","합정동","중국집","16"
"20180128","일","남","50대","서울특별시","마포구","망원동","중국집","5"
"20180128","일","남","50대","서울특별시","마포구","상암동","중국집","23"
"20180128","일","남","30대","서울특별시","마포구","공덕동","중국집","5"
"20180128","일","남","50대","서울특별시","마포구","염리동","중국집","5"
"20180128","일","남","50대","서울특별시","마포구","합정동","중국집","11"
"20180128","일","남","60대이상","서울특별시","마포구","마포동","중국집","5"
"20180128","일","남","60대이상","서울특별시","마포구","상암동","중국집","10"
"20180128","일","남","60대이상","서울특별시","마포구","합정동","중국집","5"
"20180128","일","남","20대","서울특별시","마포구","신공덕동","중국집","5"
"20180128","일","남","60대이상","서울특별시","마포구","신공덕동","중국집","5"
"20180128","일","여","10대","서울특별시","마포구","대흥동","중국집","5"
"20180128","일","남","40대","서울특별시","마포구","상암동","중국집","39"
"20180128","일","여","10대","서울특별시","마포구","서교동","중국집","5"
"20180128","일","여","20대","서울특별시","마포구","상암동","중국집","10"
"20180128","일","여","20대","서울특별시","마포구","신공덕동","중국집","5"
"20180128","일","여","20대","서울특별시","마포구","신수동","중국집","5"
"20180128","일","여","20대","서울특별시","마포구","아현동","중국집","5"
"20180128","일","여","20대","서울특별시","마포구","창전동","중국집","5"
"20180128","일","여","30대","서울특별시","마포구","공덕동","중국집","5"
"20180128","일","여","30대","서울특별시","마포구","대흥동","중국집","5"
"20180128","일","여","30대","서울특별시","마포구","상암동","중국집","16"
"20180128","일","여","30대","서울특별시","마포구","신수동","중국집","5"
"20180128","일","여","40대","서울특별시","마포구","공덕동","중국집","5"
"20180128","일","여","40대","서울특별시","마포구","대흥동","중국집","5"
"20180128","일","여","20대","서울특별시","마포구","대흥동","중국집","5"
"20180128","일","여","10대","서울특별시","마포구","염리동","중국집","5"
"20180128","일","여","40대","서울특별시","마포구","마포동","중국집","5"
"20180128","일","여","40대","서울특별시","마포구","망원동","중국집","5"
"20180128","일","여","30대","서울특별시","마포구","합정동","중국집","16"
"20180128","일","여","20대","서울특별시","마포구","망원동","중국집","5"
"20180128","일","여","30대","서울특별시","마포구","신공덕동","중국집","5"
"20180128","일","여","40대","서울특별시","마포구","상암동","중국집","38"
"20180128","일","여","10대","서울특별시","마포구","상암동","중국집","5"
"20180128","일","여","40대","서울특별시","마포구","신공덕동","중국집","6"
"20180128","일","여","40대","서울특별시","마포구","신수동","중국집","5"
"20180128","일","남","30대","서울특별시","마포구","상암동","중국집","34"
"20180128","일","남","50대","서울특별시","마포구","공덕동","중국집","5"
"20180128","일","여","20대","서울특별시","마포구","서교동","중국집","5"
"20180128","일","남","10대","서울특별시","마포구","상암동","중국집","5"
"20180128","일","여","40대","서울특별시","마포구","창전동","중국집","5"
"20180128","일","남","40대","서울특별시","마포구","신공덕동","중국집","5"
"20180128","일","여","50대","서울특별시","마포구","대흥동","중국집","5"
"20180128","일","여","50대","서울특별시","마포구","망원동","중국집","5"
"20180128","일","여","50대","서울특별시","마포구","상암동","중국집","14"
"20180128","일","여","30대","서울특별시","마포구","아현동","중국집","5"
"20180128","일","여","50대","서울특별시","마포구","신공덕동","중국집","5"
"20180128","일","여","50대","서울특별시","마포구","신수동","중국집","5"
"20180128","일","여","50대","서울특별시","마포구","창전동","중국집","5"
"20180128","일","남","40대","서울특별시","마포구","신수동","중국집","5"
"20180128","일","여","50대","서울특별시","마포구","염리동","중국집","5"
"20180128","일","여","60대이상","서울특별시","마포구","공덕동","중국집","5"
"20180128","일","여","40대","서울특별시","마포구","합정동","중국집","19"
"20180128","일","여","20대","서울특별시","마포구","합정동","중국집","5"
"20180128","일","여","60대이상","서울특별시","마포구","대흥동","중국집","5"
"20180128","일","여","60대이상","서울특별시","마포구","마포동","중국집","5"
"20180128","일","여","60대이상","서울특별시","마포구","상암동","중국집","15"
"20180128","일","여","50대","서울특별시","마포구","합정동","중국집","13"
"20180128","일","여","60대이상","서울특별시","마포구","신수동","중국집","5"
"20180128","일","남","20대","서울특별시","마포구","염리동","중국집","5"
"20180128","일","여","10대","서울특별시","마포구","신수동","중국집","5"
"20180128","일","여","30대","서울특별시","마포구","마포동","중국집","6"
"20180128","일","여","60대이상","서울특별시","마포구","창전동","중국집","5"
"20180128","일","여","20대","서울특별시","마포구","공덕동","중국집","5"
"20180128","일","여","30대","서울특별시","마포구","염리동","중국집","5"
"20180128","일","남","20대","서울특별시","마포구","합정동","중국집","21"
"20180128","일","여","60대이상","서울특별시","마포구","합정동","중국집","5"
"20180128","일","남","10대","서울특별시","서대문구","연희동","중국집","5"
"20180128","일","남","10대","서울특별시","서대문구","창천동","중국집","5"
"20180128","일","남","10대","서울특별시","서대문구","충정로3가","중국집","5"
"20180128","일","남","20대","서울특별시","서대문구","연희동","중국집","49"
"20180128","일","남","30대","서울특별시","서대문구","북가좌동","중국집","5"
"20180128","일","남","30대","서울특별시","서대문구","연희동","중국집","77"
"20180128","일","남","30대","서울특별시","서대문구","창천동","중국집","42"
"20180128","일","남","30대","서울특별시","서대문구","홍은동","중국집","5"
"20180128","일","남","30대","서울특별시","서대문구","홍제동","중국집","44"
"20180128","일","남","40대","서울특별시","서대문구","남가좌동","중국집","5"
"20180128","일","남","20대","서울특별시","서대문구","창천동","중국집","10"
"20180128","일","남","40대","서울특별시","서대문구","홍제동","중국집","52"
"20180128","일","남","20대","서울특별시","서대문구","충정로2가","중국집","5"
"20180128","일","남","50대","서울특별시","서대문구","북가좌동","중국집","5"
"20180128","일","남","50대","서울특별시","서대문구","창천동","중국집","25"
"20180128","일","남","50대","서울특별시","서대문구","홍은동","중국집","5"
"20180128","일","남","60대이상","서울특별시","서대문구","창천동","중국집","17"
"20180128","일","여","10대","서울특별시","서대문구","연희동","중국집","5"
"20180128","일","남","60대이상","서울특별시","서대문구","남가좌동","중국집","5"
"20180128","일","남","50대","서울특별시","서대문구","홍제동","중국집","23"
"20180128","일","여","10대","서울특별시","서대문구","창천동","중국집","5"
"20180128","일","여","20대","서울특별시","서대문구","남가좌동","중국집","5"
"20180128","일","여","20대","서울특별시","서대문구","연희동","중국집","31"
"20180128","일","남","60대이상","서울특별시","서대문구","홍제동","중국집","12"
"20180128","일","여","20대","서울특별시","서대문구","창천동","중국집","13"
"20180128","일","남","20대","서울특별시","서대문구","홍제동","중국집","36"
"20180128","일","여","20대","서울특별시","서대문구","충정로3가","중국집","5"
"20180128","일","여","20대","서울특별시","서대문구","홍제동","중국집","10"
"20180128","일","여","30대","서울특별시","서대문구","연희동","중국집","50"
"20180128","일","여","30대","서울특별시","서대문구","창천동","중국집","30"
"20180128","일","여","30대","서울특별시","서대문구","합동","중국집","5"
"20180128","일","남","10대","서울특별시","서대문구","홍제동","중국집","5"
"20180128","일","남","60대이상","서울특별시","서대문구","홍은동","중국집","5"
"20180128","일","여","30대","서울특별시","서대문구","홍은동","중국집","5"
"20180128","일","남","40대","서울특별시","서대문구","연희동","중국집","54"
"20180128","일","여","40대","서울특별시","서대문구","남가좌동","중국집","5"
"20180128","일","남","60대이상","서울특별시","서대문구","연희동","중국집","23"
"20180128","일","여","30대","서울특별시","서대문구","북아현동","중국집","5"
"20180128","일","여","30대","서울특별시","서대문구","홍제동","중국집","27"
"20180128","일","여","40대","서울특별시","서대문구","북가좌동","중국집","5"
"20180128","일","남","50대","서울특별시","서대문구","연희동","중국집","42"
"20180128","일","여","40대","서울특별시","서대문구","연희동","중국집","63"
"20180128","일","여","40대","서울특별시","서대문구","창천동","중국집","42"
"20180128","일","여","40대","서울특별시","서대문구","충정로3가","중국집","5"
"20180128","일","여","40대","서울특별시","서대문구","홍은동","중국집","5"
"20180128","일","남","30대","서울특별시","서대문구","충정로3가","중국집","5"
"20180128","일","여","40대","서울특별시","서대문구","홍제동","중국집","52"
"20180128","일","여","50대","서울특별시","서대문구","북가좌동","중국집","5"
"20180128","일","여","50대","서울특별시","서대문구","연희동","중국집","33"
"20180128","일","여","30대","서울특별시","서대문구","남가좌동","중국집","5"
"20180128","일","여","50대","서울특별시","서대문구","창천동","중국집","27"
"20180128","일","여","50대","서울특별시","서대문구","충정로3가","중국집","5"
"20180128","일","여","20대","서울특별시","서대문구","북가좌동","중국집","5"
"20180128","일","여","50대","서울특별시","서대문구","홍제동","중국집","27"
"20180128","일","여","60대이상","서울특별시","서대문구","남가좌동","중국집","5"
"20180128","일","남","40대","서울특별시","서대문구","충정로3가","중국집","5"
"20180128","일","여","60대이상","서울특별시","서대문구","북아현동","중국집","5"
"20180128","일","여","60대이상","서울특별시","서대문구","연희동","중국집","24"
"20180128","일","여","60대이상","서울특별시","서대문구","북가좌동","중국집","5"
"20180128","일","여","60대이상","서울특별시","서대문구","창천동","중국집","11"
"20180128","일","여","60대이상","서울특별시","서대문구","홍은동","중국집","5"
"20180128","일","여","20대","서울특별시","서대문구","홍은동","중국집","5"
"20180128","일","남","40대","서울특별시","서대문구","창천동","중국집","43"
"20180128","일","남","50대","서울특별시","서대문구","충정로3가","중국집","5"
"20180128","일","남","30대","서울특별시","서대문구","남가좌동","중국집","5"
"20180128","일","여","60대이상","서울특별시","서대문구","홍제동","중국집","19"
"20180128","일","남","10대","서울특별시","서초구","양재동","중국집","5"
"20180128","일","남","20대","서울특별시","서초구","반포동","중국집","8"
"20180128","일","남","20대","서울특별시","서초구","서초동","중국집","7"
"20180128","일","남","30대","서울특별시","서초구","서초동","중국집","12"
"20180128","일","남","30대","서울특별시","서초구","양재동","중국집","45"
"20180128","일","남","40대","서울특별시","서초구","양재동","중국집","42"
"20180128","일","남","10대","서울특별시","서초구","반포동","중국집","5"
"20180128","일","남","40대","서울특별시","서초구","잠원동","중국집","5"
"20180128","일","남","50대","서울특별시","서초구","내곡동","중국집","5"
"20180128","일","남","50대","서울특별시","서초구","방배동","중국집","31"
"20180128","일","남","50대","서울특별시","서초구","양재동","중국집","28"
"20180128","일","남","60대이상","서울특별시","서초구","내곡동","중국집","5"
"20180128","일","남","20대","서울특별시","서초구","양재동","중국집","18"
"20180128","일","남","60대이상","서울특별시","서초구","방배동","중국집","37"
"20180128","일","남","40대","서울특별시","서초구","방배동","중국집","70"
"20180128","일","남","60대이상","서울특별시","서초구","양재동","중국집","22"
"20180128","일","여","10대","서울특별시","서초구","방배동","중국집","8"
"20180128","일","여","10대","서울특별시","서초구","양재동","중국집","5"
"20180128","일","여","20대","서울특별시","서초구","반포동","중국집","6"
"20180128","일","여","20대","서울특별시","서초구","방배동","중국집","25"
"20180128","일","남","40대","서울특별시","서초구","반포동","중국집","23"
"20180128","일","여","20대","서울특별시","서초구","서초동","중국집","5"
"20180128","일","남","30대","서울특별시","서초구","방배동","중국집","77"
"20180128","일","여","20대","서울특별시","서초구","양재동","중국집","11"
"20180128","일","여","30대","서울특별시","서초구","내곡동","중국집","5"
"20180128","일","여","30대","서울특별시","서초구","반포동","중국집","13"
"20180128","일","여","30대","서울특별시","서초구","서초동","중국집","19"
"20180128","일","남","60대이상","서울특별시","서초구","서초동","중국집","5"
"20180128","일","남","10대","서울특별시","서초구","방배동","중국집","6"
"20180128","일","여","40대","서울특별시","서초구","반포동","중국집","40"
"20180128","일","남","30대","서울특별시","서초구","반포동","중국집","14"
"20180128","일","남","50대","서울특별시","서초구","반포동","중국집","13"
"20180128","일","남","40대","서울특별시","서초구","서초동","중국집","15"
"20180128","일","여","40대","서울특별시","서초구","방배동","중국집","74"
"20180128","일","남","60대이상","서울특별시","서초구","반포동","중국집","5"
"20180128","일","여","40대","서울특별시","서초구","서초동","중국집","15"
"20180128","일","여","40대","서울특별시","서초구","양재동","중국집","49"
"20180128","일","여","50대","서울특별시","서초구","반포동","중국집","12"
"20180128","일","여","50대","서울특별시","서초구","방배동","중국집","53"
"20180128","일","여","50대","서울특별시","서초구","서초동","중국집","8"
"20180128","일","여","50대","서울특별시","서초구","양재동","중국집","20"
"20180128","일","남","20대","서울특별시","서초구","방배동","중국집","25"
"20180128","일","여","30대","서울특별시","서초구","양재동","중국집","49"
"20180128","일","여","60대이상","서울특별시","서초구","반포동","중국집","5"
"20180128","일","여","30대","서울특별시","서초구","방배동","중국집","69"
"20180128","일","여","60대이상","서울특별시","서초구","방배동","중국집","32"
"20180128","일","여","60대이상","서울특별시","서초구","서초동","중국집","5"
"20180128","일","여","60대이상","서울특별시","서초구","양재동","중국집","15"
"20180128","일","남","10대","서울특별시","성동구","성수동2가","중국집","9"
"20180128","일","남","10대","서울특별시","성동구","옥수동","중국집","5"
"20180128","일","남","20대","서울특별시","성동구","옥수동","중국집","22"
"20180128","일","남","20대","서울특별시","성동구","행당동","중국집","5"
"20180128","일","남","30대","서울특별시","성동구","성수동2가","중국집","157"
"20180128","일","남","40대","서울특별시","성동구","성수동1가","중국집","5"
"20180128","일","남","40대","서울특별시","성동구","성수동2가","중국집","131"
"20180128","일","남","40대","서울특별시","성동구","옥수동","중국집","40"
"20180128","일","남","20대","서울특별시","성동구","성수동2가","중국집","46"
"20180128","일","남","50대","서울특별시","성동구","성수동2가","중국집","76"
"20180128","일","남","60대이상","서울특별시","성동구","옥수동","중국집","19"
"20180128","일","여","10대","서울특별시","성동구","성수동2가","중국집","5"
"20180128","일","여","10대","서울특별시","성동구","옥수동","중국집","5"
"20180128","일","여","20대","서울특별시","성동구","성수동2가","중국집","41"
"20180128","일","남","30대","서울특별시","성동구","행당동","중국집","5"
"20180128","일","여","20대","서울특별시","성동구","옥수동","중국집","7"
"20180128","일","여","30대","서울특별시","성동구","성수동2가","중국집","102"
"20180128","일","여","30대","서울특별시","성동구","옥수동","중국집","18"
"20180128","일","남","30대","서울특별시","성동구","옥수동","중국집","40"
"20180128","일","여","40대","서울특별시","성동구","성수동2가","중국집","109"
"20180128","일","여","40대","서울특별시","성동구","옥수동","중국집","33"
"20180128","일","여","40대","서울특별시","성동구","행당동","중국집","5"
"20180128","일","여","50대","서울특별시","성동구","성수동2가","중국집","62"
"20180128","일","여","50대","서울특별시","성동구","옥수동","중국집","15"
"20180128","일","남","60대이상","서울특별시","성동구","성수동2가","중국집","33"
"20180128","일","여","60대이상","서울특별시","성동구","성수동2가","중국집","53"
"20180128","일","여","60대이상","서울특별시","성동구","옥수동","중국집","11"
"20180128","일","남","50대","서울특별시","성동구","옥수동","중국집","22"
"20180128","일","남","20대","서울특별시","성북구","삼선동5가","중국집","5"
"20180128","일","남","20대","서울특별시","성북구","정릉동","중국집","5"
"20180128","일","남","30대","서울특별시","성북구","동선동2가","중국집","69"
"20180128","일","남","20대","서울특별시","성북구","동선동2가","중국집","24"
"20180128","일","남","30대","서울특별시","성북구","동선동3가","중국집","5"
"20180128","일","남","30대","서울특별시","성북구","삼선동5가","중국집","5"
"20180128","일","남","30대","서울특별시","성북구","상월곡동","중국집","5"
"20180128","일","남","30대","서울특별시","성북구","성북동","중국집","5"
"20180128","일","남","40대","서울특별시","성북구","동선동2가","중국집","72"
"20180128","일","남","40대","서울특별시","성북구","동선동3가","중국집","5"
"20180128","일","남","50대","서울특별시","성북구","삼선동5가","중국집","5"
"20180128","일","남","50대","서울특별시","성북구","성북동","중국집","5"
"20180128","일","남","40대","서울특별시","성북구","정릉동","중국집","5"
"20180128","일","남","40대","서울특별시","성북구","삼선동5가","중국집","6"
"20180128","일","남","50대","서울특별시","성북구","정릉동","중국집","5"
"20180128","일","여","10대","서울특별시","성북구","동선동2가","중국집","5"
"20180128","일","남","10대","서울특별시","성북구","동선동2가","중국집","9"
"20180128","일","남","30대","서울특별시","성북구","정릉동","중국집","5"
"20180128","일","여","10대","서울특별시","성북구","정릉동","중국집","5"
"20180128","일","여","20대","서울특별시","성북구","동선동2가","중국집","12"
"20180128","일","남","50대","서울특별시","성북구","동선동2가","중국집","37"
"20180128","일","여","20대","서울특별시","성북구","삼선동5가","중국집","5"
"20180128","일","여","20대","서울특별시","성북구","성북동","중국집","5"
"20180128","일","남","60대이상","서울특별시","성북구","동선동2가","중국집","30"
"20180128","일","남","30대","서울특별시","성북구","하월곡동","중국집","5"
"20180128","일","여","20대","서울특별시","성북구","정릉동","중국집","5"
"20180128","일","여","30대","서울특별시","성북구","길음동","중국집","5"
"20180128","일","남","40대","서울특별시","성북구","종암동","중국집","5"
"20180128","일","남","50대","서울특별시","성북구","하월곡동","중국집","5"
"20180128","일","여","30대","서울특별시","성북구","동선동2가","중국집","55"
"20180128","일","여","30대","서울특별시","성북구","동선동3가","중국집","5"
"20180128","일","여","30대","서울특별시","성북구","삼선동5가","중국집","5"
"20180128","일","여","20대","서울특별시","성북구","하월곡동","중국집","5"
"20180128","일","여","30대","서울특별시","성북구","종암동","중국집","5"
"20180128","일","여","30대","서울특별시","성북구","하월곡동","중국집","5"
"20180128","일","여","40대","서울특별시","성북구","길음동","중국집","5"
"20180128","일","남","60대이상","서울특별시","성북구","삼선동5가","중국집","5"
"20180128","일","여","40대","서울특별시","성북구","동선동2가","중국집","60"
"20180128","일","여","40대","서울특별시","성북구","삼선동5가","중국집","5"
"20180128","일","남","30대","서울특별시","성북구","종암동","중국집","5"
"20180128","일","여","20대","서울특별시","성북구","동선동3가","중국집","5"
"20180128","일","여","40대","서울특별시","성북구","성북동","중국집","5"
"20180128","일","여","40대","서울특별시","성북구","정릉동","중국집","5"
"20180128","일","여","30대","서울특별시","성북구","정릉동","중국집","5"
"20180128","일","여","50대","서울특별시","성북구","삼선동5가","중국집","5"
"20180128","일","남","50대","서울특별시","성북구","길음동","중국집","5"
"20180128","일","여","50대","서울특별시","성북구","정릉동","중국집","5"
"20180128","일","남","40대","서울특별시","성북구","성북동","중국집","5"
"20180128","일","여","60대이상","서울특별시","성북구","동선동2가","중국집","22"
"20180128","일","여","50대","서울특별시","성북구","동선동2가","중국집","40"
"20180128","일","남","20대","서울특별시","성북구","길음동","중국집","5"
"20180128","일","여","60대이상","서울특별시","성북구","삼선동5가","중국집","5"
"20180128","일","남","40대","서울특별시","성북구","하월곡동","중국집","5"
"20180128","일","여","40대","서울특별시","성북구","종암동","중국집","6"
"20180128","일","여","60대이상","서울특별시","성북구","정릉동","중국집","5"
"20180128","일","여","40대","서울특별시","성북구","동선동3가","중국집","5"
"20180128","일","여","60대이상","서울특별시","성북구","종암동","중국집","5"
"20180128","일","남","60대이상","서울특별시","성북구","정릉동","중국집","5"
"20180128","일","여","60대이상","서울특별시","성북구","하월곡동","중국집","5"
"20180128","일","남","20대","서울특별시","송파구","가락동","중국집","7"
"20180128","일","남","20대","서울특별시","송파구","송파동","중국집","44"
"20180128","일","남","20대","서울특별시","송파구","풍납동","중국집","5"
"20180128","일","남","30대","서울특별시","송파구","가락동","중국집","16"
"20180128","일","남","30대","서울특별시","송파구","송파동","중국집","90"
"20180128","일","남","30대","서울특별시","송파구","잠실동","중국집","5"
"20180128","일","남","40대","서울특별시","송파구","마천동","중국집","5"
"20180128","일","남","40대","서울특별시","송파구","송파동","중국집","115"
"20180128","일","남","40대","서울특별시","송파구","잠실동","중국집","5"
"20180128","일","남","50대","서울특별시","송파구","송파동","중국집","58"
"20180128","일","남","60대이상","서울특별시","송파구","마천동","중국집","5"
"20180128","일","여","10대","서울특별시","송파구","송파동","중국집","11"
"20180128","일","여","10대","서울특별시","송파구","신천동","중국집","5"
"20180128","일","여","20대","서울특별시","송파구","가락동","중국집","5"
"20180128","일","여","20대","서울특별시","송파구","송파동","중국집","25"
"20180128","일","여","20대","서울특별시","송파구","풍납동","중국집","5"
"20180128","일","남","20대","서울특별시","송파구","마천동","중국집","5"
"20180128","일","여","30대","서울특별시","송파구","가락동","중국집","11"
"20180128","일","여","30대","서울특별시","송파구","마천동","중국집","5"
"20180128","일","남","10대","서울특별시","송파구","가락동","중국집","5"
"20180128","일","여","30대","서울특별시","송파구","풍납동","중국집","5"
"20180128","일","남","30대","서울특별시","송파구","풍납동","중국집","5"
"20180128","일","남","10대","서울특별시","송파구","마천동","중국집","5"
"20180128","일","남","50대","서울특별시","송파구","마천동","중국집","5"
"20180128","일","여","40대","서울특별시","송파구","가락동","중국집","16"
"20180128","일","여","30대","서울특별시","송파구","송파동","중국집","69"
"20180128","일","남","60대이상","서울특별시","송파구","가락동","중국집","12"
"20180128","일","여","40대","서울특별시","송파구","마천동","중국집","5"
"20180128","일","남","40대","서울특별시","송파구","가락동","중국집","17"
"20180128","일","여","40대","서울특별시","송파구","송파동","중국집","108"
"20180128","일","남","40대","서울특별시","송파구","방이동","중국집","5"
"20180128","일","여","40대","서울특별시","송파구","풍납동","중국집","5"
"20180128","일","남","50대","서울특별시","송파구","가락동","중국집","8"
"20180128","일","여","50대","서울특별시","송파구","가락동","중국집","12"
"20180128","일","여","50대","서울특별시","송파구","마천동","중국집","5"
"20180128","일","여","50대","서울특별시","송파구","송파동","중국집","64"
"20180128","일","여","20대","서울특별시","송파구","마천동","중국집","5"
"20180128","일","남","60대이상","서울특별시","송파구","송파동","중국집","48"
"20180128","일","여","50대","서울특별시","송파구","풍납동","중국집","5"
"20180128","일","여","60대이상","서울특별시","송파구","가락동","중국집","5"
"20180128","일","여","60대이상","서울특별시","송파구","마천동","중국집","5"
"20180128","일","여","60대이상","서울특별시","송파구","송파동","중국집","30"
"20180128","일","남","10대","서울특별시","송파구","송파동","중국집","7"
"20180128","일","남","30대","서울특별시","송파구","마천동","중국집","5"
"20180128","일","여","60대이상","서울특별시","송파구","풍납동","중국집","5"
"20180128","일","남","20대","서울특별시","양천구","신월동","중국집","5"
"20180128","일","남","20대","서울특별시","양천구","신정동","중국집","7"
"20180128","일","남","30대","서울특별시","양천구","신월동","중국집","5"
"20180128","일","남","40대","서울특별시","양천구","목동","중국집","5"
"20180128","일","남","40대","서울특별시","양천구","신월동","중국집","8"
"20180128","일","남","40대","서울특별시","양천구","신정동","중국집","16"
"20180128","일","남","50대","서울특별시","양천구","신정동","중국집","11"
"20180128","일","남","60대이상","서울특별시","양천구","목동","중국집","5"
"20180128","일","남","60대이상","서울특별시","양천구","신월동","중국집","5"
"20180128","일","여","10대","서울특별시","양천구","목동","중국집","5"
"20180128","일","남","30대","서울특별시","양천구","목동","중국집","5"
"20180128","일","여","10대","서울특별시","양천구","신월동","중국집","5"
"20180128","일","여","20대","서울특별시","양천구","목동","중국집","5"
"20180128","일","여","20대","서울특별시","양천구","신월동","중국집","5"
"20180128","일","여","10대","서울특별시","양천구","신정동","중국집","5"
"20180128","일","여","30대","서울특별시","양천구","목동","중국집","5"
"20180128","일","여","30대","서울특별시","양천구","신월동","중국집","5"
"20180128","일","여","30대","서울특별시","양천구","신정동","중국집","22"
"20180128","일","여","40대","서울특별시","양천구","목동","중국집","5"
"20180128","일","여","20대","서울특별시","양천구","신정동","중국집","5"
"20180128","일","여","40대","서울특별시","양천구","신월동","중국집","5"
"20180128","일","여","40대","서울특별시","양천구","신정동","중국집","36"
"20180128","일","남","10대","서울특별시","양천구","신월동","중국집","5"
"20180128","일","여","50대","서울특별시","양천구","목동","중국집","5"
"20180128","일","남","60대이상","서울특별시","양천구","신정동","중국집","8"
"20180128","일","남","10대","서울특별시","양천구","신정동","중국집","5"
"20180128","일","여","50대","서울특별시","양천구","신월동","중국집","5"
"20180128","일","여","50대","서울특별시","양천구","신정동","중국집","15"
"20180128","일","여","60대이상","서울특별시","양천구","목동","중국집","5"
"20180128","일","남","30대","서울특별시","양천구","신정동","중국집","7"
"20180128","일","남","50대","서울특별시","양천구","신월동","중국집","7"
"20180128","일","여","60대이상","서울특별시","양천구","신월동","중국집","5"
"20180128","일","여","60대이상","서울특별시","양천구","신정동","중국집","8"
"20180128","일","남","10대","서울특별시","영등포구","문래동3가","중국집","5"
"20180128","일","남","10대","서울특별시","영등포구","여의도동","중국집","5"
"20180128","일","남","20대","서울특별시","영등포구","영등포동1가","중국집","5"
"20180128","일","남","20대","서울특별시","영등포구","영등포동7가","중국집","5"
"20180128","일","남","20대","서울특별시","영등포구","영등포동8가","중국집","5"
"20180128","일","남","30대","서울특별시","영등포구","대림동","중국집","6"
"20180128","일","남","30대","서울특별시","영등포구","영등포동7가","중국집","5"
"20180128","일","남","40대","서울특별시","영등포구","문래동2가","중국집","32"
"20180128","일","남","40대","서울특별시","영등포구","신길동","중국집","5"
"20180128","일","남","50대","서울특별시","영등포구","대림동","중국집","5"
"20180128","일","남","50대","서울특별시","영등포구","문래동2가","중국집","12"
"20180128","일","남","50대","서울특별시","영등포구","여의도동","중국집","17"
"20180128","일","남","20대","서울특별시","영등포구","신길동","중국집","5"
"20180128","일","남","10대","서울특별시","영등포구","문래동2가","중국집","5"
"20180128","일","남","60대이상","서울특별시","영등포구","대림동","중국집","5"
"20180128","일","남","20대","서울특별시","영등포구","여의도동","중국집","9"
"20180128","일","남","30대","서울특별시","영등포구","영등포동1가","중국집","9"
"20180128","일","남","60대이상","서울특별시","영등포구","문래동2가","중국집","8"
"20180128","일","남","60대이상","서울특별시","영등포구","문래동3가","중국집","16"
"20180128","일","남","60대이상","서울특별시","영등포구","여의도동","중국집","7"
"20180128","일","남","60대이상","서울특별시","영등포구","영등포동1가","중국집","5"
"20180128","일","여","10대","서울특별시","영등포구","문래동2가","중국집","5"
"20180128","일","여","10대","서울특별시","영등포구","문래동3가","중국집","5"
"20180128","일","남","30대","서울특별시","영등포구","문래동3가","중국집","28"
"20180128","일","남","20대","서울특별시","영등포구","문래동3가","중국집","13"
"20180128","일","남","20대","서울특별시","영등포구","문래동2가","중국집","11"
"20180128","일","여","20대","서울특별시","영등포구","대림동","중국집","5"
"20180128","일","남","30대","서울특별시","영등포구","여의도동","중국집","20"
"20180128","일","여","20대","서울특별시","영등포구","문래동2가","중국집","5"
"20180128","일","여","20대","서울특별시","영등포구","문래동3가","중국집","5"
"20180128","일","여","20대","서울특별시","영등포구","여의도동","중국집","5"
"20180128","일","여","20대","서울특별시","영등포구","영등포동7가","중국집","5"
"20180128","일","남","40대","서울특별시","영등포구","영등포동1가","중국집","5"
"20180128","일","여","30대","서울특별시","영등포구","문래동2가","중국집","20"
"20180128","일","여","30대","서울특별시","영등포구","문래동3가","중국집","32"
"20180128","일","여","30대","서울특별시","영등포구","신길동","중국집","5"
"20180128","일","남","40대","서울특별시","영등포구","여의도동","중국집","16"
"20180128","일","남","20대","서울특별시","영등포구","대림동","중국집","5"
"20180128","일","여","30대","서울특별시","영등포구","여의도동","중국집","15"
"20180128","일","여","30대","서울특별시","영등포구","영등포동7가","중국집","5"
"20180128","일","여","40대","서울특별시","영등포구","문래동2가","중국집","27"
"20180128","일","여","40대","서울특별시","영등포구","문래동3가","중국집","36"
"20180128","일","여","40대","서울특별시","영등포구","신길동","중국집","5"
"20180128","일","여","40대","서울특별시","영등포구","여의도동","중국집","13"
"20180128","일","여","40대","서울특별시","영등포구","영등포동1가","중국집","5"
"20180128","일","여","50대","서울특별시","영등포구","대림동","중국집","5"
"20180128","일","여","30대","서울특별시","영등포구","대림동","중국집","5"
"20180128","일","여","50대","서울특별시","영등포구","여의도동","중국집","10"
"20180128","일","여","50대","서울특별시","영등포구","영등포동1가","중국집","5"
"20180128","일","남","30대","서울특별시","영등포구","문래동2가","중국집","19"
"20180128","일","여","50대","서울특별시","영등포구","영등포동8가","중국집","5"
"20180128","일","여","60대이상","서울특별시","영등포구","당산동6가","중국집","5"
"20180128","일","여","60대이상","서울특별시","영등포구","대림동","중국집","5"
"20180128","일","남","40대","서울특별시","영등포구","영등포동7가","중국집","5"
"20180128","일","여","60대이상","서울특별시","영등포구","문래동2가","중국집","12"
"20180128","일","여","30대","서울특별시","영등포구","영등포동1가","중국집","8"
"20180128","일","여","60대이상","서울특별시","영등포구","문래동3가","중국집","9"
"20180128","일","여","40대","서울특별시","영등포구","대림동","중국집","5"
"20180128","일","여","20대","서울특별시","영등포구","영등포동1가","중국집","5"
"20180128","일","여","50대","서울특별시","영등포구","문래동2가","중국집","10"
"20180128","일","여","50대","서울특별시","영등포구","문래동3가","중국집","13"
"20180128","일","여","60대이상","서울특별시","영등포구","여의도동","중국집","5"
"20180128","일","여","60대이상","서울특별시","영등포구","영등포동1가","중국집","5"
"20180128","일","여","10대","서울특별시","영등포구","대림동","중국집","5"
"20180128","일","남","40대","서울특별시","영등포구","문래동3가","중국집","31"
"20180128","일","남","50대","서울특별시","영등포구","문래동3가","중국집","12"
"20180128","일","남","10대","서울특별시","용산구","도원동","중국집","5"
"20180128","일","남","10대","서울특별시","용산구","한강로3가","중국집","5"
"20180128","일","남","20대","서울특별시","용산구","보광동","중국집","5"
"20180128","일","남","20대","서울특별시","용산구","한강로3가","중국집","8"
"20180128","일","남","10대","서울특별시","용산구","후암동","중국집","5"
"20180128","일","남","30대","서울특별시","용산구","동자동","중국집","5"
"20180128","일","남","30대","서울특별시","용산구","보광동","중국집","5"
"20180128","일","남","30대","서울특별시","용산구","이태원동","중국집","5"
"20180128","일","남","10대","서울특별시","용산구","이촌동","중국집","5"
"20180128","일","남","30대","서울특별시","용산구","한강로3가","중국집","35"
"20180128","일","남","10대","서울특별시","용산구","신계동","중국집","5"
"20180128","일","남","30대","서울특별시","용산구","효창동","중국집","5"
"20180128","일","남","30대","서울특별시","용산구","후암동","중국집","40"
"20180128","일","남","40대","서울특별시","용산구","갈월동","중국집","5"
"20180128","일","남","40대","서울특별시","용산구","동자동","중국집","5"
"20180128","일","남","40대","서울특별시","용산구","보광동","중국집","5"
"20180128","일","남","40대","서울특별시","용산구","신계동","중국집","5"
"20180128","일","남","40대","서울특별시","용산구","한남동","중국집","5"
"20180128","일","남","50대","서울특별시","용산구","동자동","중국집","5"
"20180128","일","남","50대","서울특별시","용산구","보광동","중국집","5"
"20180128","일","남","50대","서울특별시","용산구","이태원동","중국집","5"
"20180128","일","남","30대","서울특별시","용산구","이촌동","중국집","7"
"20180128","일","남","50대","서울특별시","용산구","한강로3가","중국집","29"
"20180128","일","남","60대이상","서울특별시","용산구","보광동","중국집","5"
"20180128","일","남","60대이상","서울특별시","용산구","한강로3가","중국집","10"
"20180128","일","남","30대","서울특별시","용산구","도원동","중국집","5"
"20180128","일","남","60대이상","서울특별시","용산구","후암동","중국집","14"
"20180128","일","남","20대","서울특별시","용산구","한남동","중국집","5"
"20180128","일","여","10대","서울특별시","용산구","이촌동","중국집","5"
"20180128","일","남","40대","서울특별시","용산구","이태원동","중국집","5"
"20180128","일","남","10대","서울특별시","용산구","보광동","중국집","5"
"20180128","일","남","60대이상","서울특별시","용산구","한남동","중국집","5"
"20180128","일","여","10대","서울특별시","용산구","후암동","중국집","7"
"20180128","일","여","20대","서울특별시","용산구","도원동","중국집","5"
"20180128","일","여","20대","서울특별시","용산구","동자동","중국집","5"
"20180128","일","남","20대","서울특별시","용산구","원효로4가","중국집","5"
"20180128","일","여","20대","서울특별시","용산구","보광동","중국집","5"
"20180128","일","여","20대","서울특별시","용산구","원효로4가","중국집","5"
"20180128","일","여","20대","서울특별시","용산구","후암동","중국집","7"
"20180128","일","남","40대","서울특별시","용산구","이촌동","중국집","5"
"20180128","일","여","30대","서울특별시","용산구","보광동","중국집","9"
"20180128","일","여","30대","서울특별시","용산구","원효로4가","중국집","5"
"20180128","일","남","20대","서울특별시","용산구","이태원동","중국집","5"
"20180128","일","여","30대","서울특별시","용산구","이촌동","중국집","7"
"20180128","일","여","30대","서울특별시","용산구","이태원동","중국집","5"
"20180128","일","여","30대","서울특별시","용산구","한강로3가","중국집","32"
"20180128","일","남","50대","서울특별시","용산구","후암동","중국집","25"
"20180128","일","여","20대","서울특별시","용산구","한강로3가","중국집","6"
"20180128","일","남","60대이상","서울특별시","용산구","이촌동","중국집","5"
"20180128","일","남","40대","서울특별시","용산구","후암동","중국집","29"
"20180128","일","여","30대","서울특별시","용산구","한남동","중국집","5"
"20180128","일","여","30대","서울특별시","용산구","후암동","중국집","23"
"20180128","일","남","20대","서울특별시","용산구","후암동","중국집","17"
"20180128","일","남","60대이상","서울특별시","용산구","동자동","중국집","5"
"20180128","일","여","40대","서울특별시","용산구","원효로4가","중국집","5"
"20180128","일","여","40대","서울특별시","용산구","이촌동","중국집","8"
"20180128","일","여","40대","서울특별시","용산구","이태원동","중국집","5"
"20180128","일","남","30대","서울특별시","용산구","원효로4가","중국집","5"
"20180128","일","여","40대","서울특별시","용산구","한강로3가","중국집","44"
"20180128","일","남","40대","서울특별시","용산구","한강로3가","중국집","42"
"20180128","일","여","40대","서울특별시","용산구","동자동","중국집","5"
"20180128","일","남","50대","서울특별시","용산구","이촌동","중국집","5"
"20180128","일","여","40대","서울특별시","용산구","후암동","중국집","46"
"20180128","일","여","50대","서울특별시","용산구","도원동","중국집","5"
"20180128","일","여","50대","서울특별시","용산구","보광동","중국집","5"
"20180128","일","여","50대","서울특별시","용산구","이촌동","중국집","5"
"20180128","일","남","50대","서울특별시","용산구","한남동","중국집","5"
"20180128","일","여","30대","서울특별시","용산구","도원동","중국집","5"
"20180128","일","여","40대","서울특별시","용산구","한남동","중국집","5"
"20180128","일","여","50대","서울특별시","용산구","한강로3가","중국집","24"
"20180128","일","여","40대","서울특별시","용산구","갈월동","중국집","5"
"20180128","일","남","20대","서울특별시","용산구","이촌동","중국집","5"
"20180128","일","여","60대이상","서울특별시","용산구","도원동","중국집","5"
"20180128","일","여","40대","서울특별시","용산구","도원동","중국집","5"
"20180128","일","여","30대","서울특별시","용산구","동자동","중국집","5"
"20180128","일","남","40대","서울특별시","용산구","원효로4가","중국집","5"
"20180128","일","여","60대이상","서울특별시","용산구","보광동","중국집","5"
"20180128","일","여","50대","서울특별시","용산구","한남동","중국집","5"
"20180128","일","여","60대이상","서울특별시","용산구","이촌동","중국집","5"
"20180128","일","여","60대이상","서울특별시","용산구","한강로3가","중국집","15"
"20180128","일","여","60대이상","서울특별시","용산구","후암동","중국집","5"
"20180128","일","여","40대","서울특별시","용산구","보광동","중국집","9"
"20180128","일","여","20대","서울특별시","용산구","이태원동","중국집","5"
"20180128","일","여","50대","서울특별시","용산구","후암동","중국집","15"
"20180128","일","남","60대이상","서울특별시","용산구","이태원동","중국집","5"
"20180128","일","남","10대","서울특별시","은평구","불광동","중국집","6"
"20180128","일","남","20대","서울특별시","은평구","불광동","중국집","36"
"20180128","일","남","20대","서울특별시","은평구","증산동","중국집","5"
"20180128","일","남","30대","서울특별시","은평구","구산동","중국집","5"
"20180128","일","남","30대","서울특별시","은평구","불광동","중국집","62"
"20180128","일","남","40대","서울특별시","은평구","구산동","중국집","5"
"20180128","일","남","40대","서울특별시","은평구","불광동","중국집","81"
"20180128","일","남","40대","서울특별시","은평구","증산동","중국집","5"
"20180128","일","남","50대","서울특별시","은평구","구산동","중국집","5"
"20180128","일","남","50대","서울특별시","은평구","불광동","중국집","59"
"20180128","일","남","50대","서울특별시","은평구","수색동","중국집","5"
"20180128","일","남","50대","서울특별시","은평구","증산동","중국집","5"
"20180128","일","남","60대이상","서울특별시","은평구","구산동","중국집","5"
"20180128","일","남","60대이상","서울특별시","은평구","불광동","중국집","25"
"20180128","일","남","60대이상","서울특별시","은평구","증산동","중국집","5"
"20180128","일","여","10대","서울특별시","은평구","불광동","중국집","5"
"20180128","일","여","20대","서울특별시","은평구","구산동","중국집","5"
"20180128","일","남","30대","서울특별시","은평구","증산동","중국집","5"
"20180128","일","여","20대","서울특별시","은평구","불광동","중국집","19"
"20180128","일","여","20대","서울특별시","은평구","수색동","중국집","5"
"20180128","일","여","20대","서울특별시","은평구","증산동","중국집","5"
"20180128","일","여","30대","서울특별시","은평구","구산동","중국집","5"
"20180128","일","여","30대","서울특별시","은평구","불광동","중국집","50"
"20180128","일","여","30대","서울특별시","은평구","증산동","중국집","5"
"20180128","일","여","40대","서울특별시","은평구","구산동","중국집","5"
"20180128","일","여","40대","서울특별시","은평구","불광동","중국집","82"
"20180128","일","여","40대","서울특별시","은평구","증산동","중국집","8"
"20180128","일","여","50대","서울특별시","은평구","구산동","중국집","5"
"20180128","일","여","50대","서울특별시","은평구","불광동","중국집","56"
"20180128","일","여","50대","서울특별시","은평구","수색동","중국집","5"
"20180128","일","여","50대","서울특별시","은평구","진관동","중국집","5"
"20180128","일","여","60대이상","서울특별시","은평구","불광동","중국집","20"
"20180128","일","남","20대","서울특별시","종로구","경운동","중국집","5"
"20180128","일","남","20대","서울특별시","종로구","동숭동","중국집","7"
"20180128","일","남","20대","서울특별시","종로구","평창동","중국집","5"
"20180128","일","남","30대","서울특별시","종로구","숭인동","중국집","5"
"20180128","일","남","30대","서울특별시","종로구","원서동","중국집","5"
"20180128","일","남","30대","서울특별시","종로구","창성동","중국집","5"
"20180128","일","남","40대","서울특별시","종로구","관수동","중국집","5"
"20180128","일","남","40대","서울특별시","종로구","교남동","중국집","5"
"20180128","일","남","40대","서울특별시","종로구","동숭동","중국집","5"
"20180128","일","남","40대","서울특별시","종로구","원서동","중국집","5"
"20180128","일","남","20대","서울특별시","종로구","낙원동","중국집","5"
"20180128","일","남","40대","서울특별시","종로구","종로5가","중국집","5"
"20180128","일","남","40대","서울특별시","종로구","종로6가","중국집","5"
"20180128","일","남","50대","서울특별시","종로구","낙원동","중국집","5"
"20180128","일","남","50대","서울특별시","종로구","동숭동","중국집","5"
"20180128","일","남","50대","서울특별시","종로구","원서동","중국집","5"
"20180128","일","남","60대이상","서울특별시","종로구","명륜1가","중국집","5"
"20180128","일","남","60대이상","서울특별시","종로구","명륜3가","중국집","5"
"20180128","일","남","60대이상","서울특별시","종로구","원서동","중국집","5"
"20180128","일","남","60대이상","서울특별시","종로구","창성동","중국집","5"
"20180128","일","남","60대이상","서울특별시","종로구","평창동","중국집","5"
"20180128","일","여","10대","서울특별시","종로구","신문로2가","중국집","5"
"20180128","일","여","10대","서울특별시","종로구","창성동","중국집","5"
"20180128","일","남","50대","서울특별시","종로구","종로6가","중국집","5"
"20180128","일","여","20대","서울특별시","종로구","경운동","중국집","5"
"20180128","일","남","30대","서울특별시","종로구","서린동","중국집","5"
"20180128","일","여","20대","서울특별시","종로구","동숭동","중국집","5"
"20180128","일","여","20대","서울특별시","종로구","숭인동","중국집","5"
"20180128","일","남","50대","서울특별시","종로구","숭인동","중국집","5"
"20180128","일","남","20대","서울특별시","종로구","신문로2가","중국집","5"
"20180128","일","여","20대","서울특별시","종로구","창신동","중국집","5"
"20180128","일","여","20대","서울특별시","종로구","평창동","중국집","5"
"20180128","일","여","30대","서울특별시","종로구","동숭동","중국집","5"
"20180128","일","여","30대","서울특별시","종로구","명륜1가","중국집","5"
"20180128","일","여","30대","서울특별시","종로구","창성동","중국집","5"
"20180128","일","남","10대","서울특별시","종로구","창성동","중국집","5"
"20180128","일","남","50대","서울특별시","종로구","명륜1가","중국집","5"
"20180128","일","여","30대","서울특별시","종로구","평창동","중국집","5"
"20180128","일","여","40대","서울특별시","종로구","동숭동","중국집","5"
"20180128","일","여","40대","서울특별시","종로구","명륜1가","중국집","5"
"20180128","일","남","40대","서울특별시","종로구","평창동","중국집","5"
"20180128","일","여","40대","서울특별시","종로구","신문로2가","중국집","5"
"20180128","일","여","40대","서울특별시","종로구","창성동","중국집","5"
"20180128","일","남","20대","서울특별시","종로구","원서동","중국집","5"
"20180128","일","여","30대","서울특별시","종로구","교남동","중국집","5"
"20180128","일","여","40대","서울특별시","종로구","평창동","중국집","5"
"20180128","일","남","20대","서울특별시","종로구","창성동","중국집","5"
"20180128","일","여","40대","서울특별시","종로구","원서동","중국집","5"
"20180128","일","여","50대","서울특별시","종로구","교남동","중국집","5"
"20180128","일","여","50대","서울특별시","종로구","동숭동","중국집","5"
"20180128","일","여","20대","서울특별시","종로구","창성동","중국집","5"
"20180128","일","남","20대","서울특별시","종로구","교남동","중국집","5"
"20180128","일","남","50대","서울특별시","종로구","관수동","중국집","5"
"20180128","일","여","40대","서울특별시","종로구","숭인동","중국집","5"
"20180128","일","여","50대","서울특별시","종로구","명륜1가","중국집","5"
"20180128","일","남","40대","서울특별시","종로구","서린동","중국집","5"
"20180128","일","남","30대","서울특별시","종로구","교남동","중국집","5"
"20180128","일","남","40대","서울특별시","종로구","안국동","중국집","5"
"20180128","일","여","50대","서울특별시","종로구","숭인동","중국집","5"
"20180128","일","남","40대","서울특별시","종로구","창성동","중국집","5"
"20180128","일","여","60대이상","서울특별시","종로구","교남동","중국집","5"
"20180128","일","남","30대","서울특별시","종로구","관수동","중국집","5"
"20180128","일","여","60대이상","서울특별시","종로구","낙원동","중국집","5"
"20180128","일","남","60대이상","서울특별시","종로구","동숭동","중국집","5"
"20180128","일","남","20대","서울특별시","종로구","명륜1가","중국집","5"
"20180128","일","여","60대이상","서울특별시","종로구","숭인동","중국집","5"
"20180128","일","남","30대","서울특별시","종로구","낙원동","중국집","5"
"20180128","일","여","40대","서울특별시","종로구","교남동","중국집","5"
"20180128","일","남","10대","서울특별시","중구","수하동","중국집","9"
"20180128","일","남","10대","서울특별시","중구","신당동","중국집","7"
"20180128","일","남","10대","서울특별시","중구","충무로1가","중국집","5"
"20180128","일","남","20대","서울특별시","중구","수하동","중국집","13"
"20180128","일","남","20대","서울특별시","중구","장충동2가","중국집","5"
"20180128","일","남","30대","서울특별시","중구","명동1가","중국집","5"
"20180128","일","남","30대","서울특별시","중구","수하동","중국집","42"
"20180128","일","남","30대","서울특별시","중구","신당동","중국집","92"
"20180128","일","남","30대","서울특별시","중구","을지로1가","중국집","5"
"20180128","일","남","30대","서울특별시","중구","정동","중국집","5"
"20180128","일","남","30대","서울특별시","중구","충무로1가","중국집","5"
"20180128","일","남","30대","서울특별시","중구","필동2가","중국집","5"
"20180128","일","남","40대","서울특별시","중구","을지로6가","중국집","5"
"20180128","일","남","50대","서울특별시","중구","수하동","중국집","11"
"20180128","일","남","50대","서울특별시","중구","신당동","중국집","74"
"20180128","일","남","50대","서울특별시","중구","을지로6가","중국집","5"
"20180128","일","남","50대","서울특별시","중구","충무로1가","중국집","5"
"20180128","일","남","60대이상","서울특별시","중구","수하동","중국집","11"
"20180128","일","여","10대","서울특별시","중구","수하동","중국집","5"
"20180128","일","남","40대","서울특별시","중구","신당동","중국집","96"
"20180128","일","여","20대","서울특별시","중구","수하동","중국집","7"
"20180128","일","여","20대","서울특별시","중구","신당동","중국집","16"
"20180128","일","남","60대이상","서울특별시","중구","충무로1가","중국집","5"
"20180128","일","여","20대","서울특별시","중구","을지로3가","중국집","5"
"20180128","일","여","20대","서울특별시","중구","을지로6가","중국집","5"
"20180128","일","남","20대","서울특별시","중구","신당동","중국집","44"
"20180128","일","여","20대","서울특별시","중구","정동","중국집","5"
"20180128","일","남","30대","서울특별시","중구","을지로6가","중국집","5"
"20180128","일","남","60대이상","서울특별시","중구","신당동","중국집","43"
"20180128","일","여","30대","서울특별시","중구","명동1가","중국집","5"
"20180128","일","여","30대","서울특별시","중구","수하동","중국집","23"
"20180128","일","여","30대","서울특별시","중구","신당동","중국집","75"
"20180128","일","여","30대","서울특별시","중구","회현동1가","중국집","5"
"20180128","일","남","40대","서울특별시","중구","충무로1가","중국집","5"
"20180128","일","여","30대","서울특별시","중구","무교동","중국집","5"
"20180128","일","여","40대","서울특별시","중구","무교동","중국집","5"
"20180128","일","남","50대","서울특별시","중구","회현동1가","중국집","5"
"20180128","일","여","40대","서울특별시","중구","수하동","중국집","15"
"20180128","일","여","40대","서울특별시","중구","신당동","중국집","78"
"20180128","일","여","30대","서울특별시","중구","정동","중국집","5"
"20180128","일","남","40대","서울특별시","중구","수표동","중국집","5"
"20180128","일","남","20대","서울특별시","중구","을지로6가","중국집","5"
"20180128","일","여","40대","서울특별시","중구","필동2가","중국집","5"
"20180128","일","여","50대","서울특별시","중구","수하동","중국집","11"
"20180128","일","여","50대","서울특별시","중구","신당동","중국집","57"
"20180128","일","여","50대","서울특별시","중구","필동2가","중국집","5"
"20180128","일","여","10대","서울특별시","중구","신당동","중국집","5"
"20180128","일","여","60대이상","서울특별시","중구","수하동","중국집","5"
"20180128","일","남","40대","서울특별시","중구","수하동","중국집","44"
"20180128","일","여","60대이상","서울특별시","중구","신당동","중국집","29"
"20180128","일","여","60대이상","서울특별시","중구","을지로6가","중국집","5"
"20180128","일","남","10대","서울특별시","중랑구","망우동","중국집","5"
"20180128","일","남","10대","서울특별시","중랑구","면목동","중국집","8"
"20180128","일","남","20대","서울특별시","중랑구","망우동","중국집","5"
"20180128","일","남","20대","서울특별시","중랑구","묵동","중국집","5"
"20180128","일","남","20대","서울특별시","중랑구","상봉동","중국집","5"
"20180128","일","남","30대","서울특별시","중랑구","망우동","중국집","5"
"20180128","일","남","30대","서울특별시","중랑구","면목동","중국집","59"
"20180128","일","남","10대","서울특별시","중랑구","신내동","중국집","5"
"20180128","일","남","30대","서울특별시","중랑구","묵동","중국집","5"
"20180128","일","남","40대","서울특별시","중랑구","망우동","중국집","5"
"20180128","일","남","40대","서울특별시","중랑구","묵동","중국집","5"
"20180128","일","남","50대","서울특별시","중랑구","면목동","중국집","56"
"20180128","일","남","20대","서울특별시","중랑구","면목동","중국집","39"
"20180128","일","남","50대","서울특별시","중랑구","묵동","중국집","5"
"20180128","일","남","30대","서울특별시","중랑구","신내동","중국집","5"
"20180128","일","남","50대","서울특별시","중랑구","상봉동","중국집","5"
"20180128","일","남","60대이상","서울특별시","중랑구","면목동","중국집","30"
"20180128","일","남","60대이상","서울특별시","중랑구","신내동","중국집","5"
"20180128","일","여","10대","서울특별시","중랑구","면목동","중국집","5"
"20180128","일","여","20대","서울특별시","중랑구","망우동","중국집","5"
"20180128","일","여","30대","서울특별시","중랑구","망우동","중국집","5"
"20180128","일","여","30대","서울특별시","중랑구","면목동","중국집","55"
"20180128","일","남","20대","서울특별시","중랑구","신내동","중국집","5"
"20180128","일","남","40대","서울특별시","중랑구","신내동","중국집","5"
"20180128","일","여","30대","서울특별시","중랑구","묵동","중국집","5"
"20180128","일","여","30대","서울특별시","중랑구","신내동","중국집","5"
"20180128","일","여","40대","서울특별시","중랑구","면목동","중국집","68"
"20180128","일","여","40대","서울특별시","중랑구","망우동","중국집","5"
"20180128","일","남","40대","서울특별시","중랑구","면목동","중국집","82"
"20180128","일","여","40대","서울특별시","중랑구","묵동","중국집","6"
"20180128","일","여","40대","서울특별시","중랑구","신내동","중국집","5"
"20180128","일","여","50대","서울특별시","중랑구","망우동","중국집","5"
"20180128","일","여","50대","서울특별시","중랑구","면목동","중국집","48"
"20180128","일","여","50대","서울특별시","중랑구","묵동","중국집","5"
"20180128","일","여","20대","서울특별시","중랑구","묵동","중국집","5"
"20180128","일","여","60대이상","서울특별시","중랑구","망우동","중국집","5"
"20180128","일","남","50대","서울특별시","중랑구","망우동","중국집","8"
"20180128","일","여","60대이상","서울특별시","중랑구","면목동","중국집","26"
"20180128","일","여","20대","서울특별시","중랑구","면목동","중국집","17"
"20180128","일","여","60대이상","서울특별시","중랑구","묵동","중국집","5"
"20180128","일","남","60대이상","서울특별시","중랑구","중화동","중국집","5"
"20180128","일","여","60대이상","서울특별시","중랑구","신내동","중국집","5"
"20180129","월","남","10대","서울특별시","강남구","역삼동","중국집","8"
"20180129","월","남","20대","서울특별시","강남구","대치동","중국집","5"
"20180129","월","남","20대","서울특별시","강남구","세곡동","중국집","5"
"20180129","월","남","30대","서울특별시","강남구","논현동","중국집","44"
"20180129","월","남","30대","서울특별시","강남구","역삼동","중국집","72"
"20180129","월","남","40대","서울특별시","강남구","논현동","중국집","40"
"20180129","월","남","40대","서울특별시","강남구","세곡동","중국집","9"
"20180129","월","남","30대","서울특별시","강남구","신사동","중국집","5"
"20180129","월","남","40대","서울특별시","강남구","수서동","중국집","5"
"20180129","월","남","40대","서울특별시","강남구","역삼동","중국집","70"
"20180129","월","남","50대","서울특별시","강남구","세곡동","중국집","5"
"20180129","월","남","50대","서울특별시","강남구","역삼동","중국집","39"
"20180129","월","남","60대이상","서울특별시","강남구","도곡동","중국집","5"
"20180129","월","남","30대","서울특별시","강남구","대치동","중국집","5"
"20180129","월","남","30대","서울특별시","강남구","일원동","중국집","5"
"20180129","월","남","60대이상","서울특별시","강남구","삼성동","중국집","28"
"20180129","월","남","60대이상","서울특별시","강남구","역삼동","중국집","29"
"20180129","월","여","10대","서울특별시","강남구","삼성동","중국집","5"
"20180129","월","남","40대","서울특별시","강남구","삼성동","중국집","77"
"20180129","월","남","30대","서울특별시","강남구","수서동","중국집","5"
"20180129","월","남","50대","서울특별시","강남구","삼성동","중국집","50"
"20180129","월","여","20대","서울특별시","강남구","삼성동","중국집","21"
"20180129","월","여","20대","서울특별시","강남구","세곡동","중국집","5"
"20180129","월","남","20대","서울특별시","강남구","역삼동","중국집","35"
"20180129","월","여","10대","서울특별시","강남구","역삼동","중국집","5"
"20180129","월","여","20대","서울특별시","강남구","압구정동","중국집","5"
"20180129","월","여","20대","서울특별시","강남구","역삼동","중국집","24"
"20180129","월","남","20대","서울특별시","강남구","개포동","중국집","5"
"20180129","월","여","20대","서울특별시","강남구","청담동","중국집","5"
"20180129","월","여","30대","서울특별시","강남구","개포동","중국집","5"
"20180129","월","여","30대","서울특별시","강남구","도곡동","중국집","6"
"20180129","월","남","30대","서울특별시","강남구","삼성동","중국집","84"
"20180129","월","여","30대","서울특별시","강남구","수서동","중국집","5"
"20180129","월","남","60대이상","서울특별시","강남구","대치동","중국집","5"
"20180129","월","남","30대","서울특별시","강남구","세곡동","중국집","6"
"20180129","월","여","30대","서울특별시","강남구","압구정동","중국집","6"
"20180129","월","남","10대","서울특별시","강남구","삼성동","중국집","6"
"20180129","월","여","30대","서울특별시","강남구","역삼동","중국집","44"
"20180129","월","여","30대","서울특별시","강남구","일원동","중국집","5"
"20180129","월","여","40대","서울특별시","강남구","논현동","중국집","46"
"20180129","월","남","50대","서울특별시","강남구","수서동","중국집","5"
"20180129","월","여","40대","서울특별시","강남구","도곡동","중국집","7"
"20180129","월","남","60대이상","서울특별시","강남구","세곡동","중국집","5"
"20180129","월","여","20대","서울특별시","강남구","개포동","중국집","5"
"20180129","월","여","40대","서울특별시","강남구","세곡동","중국집","5"
"20180129","월","남","10대","서울특별시","강남구","세곡동","중국집","5"
"20180129","월","여","50대","서울특별시","강남구","개포동","중국집","5"
"20180129","월","여","50대","서울특별시","강남구","논현동","중국집","23"
"20180129","월","여","20대","서울특별시","강남구","논현동","중국집","31"
"20180129","월","여","50대","서울특별시","강남구","도곡동","중국집","5"
"20180129","월","여","40대","서울특별시","강남구","삼성동","중국집","97"
"20180129","월","남","20대","서울특별시","강남구","도곡동","중국집","5"
"20180129","월","여","30대","서울특별시","강남구","삼성동","중국집","37"
"20180129","월","여","10대","서울특별시","강남구","논현동","중국집","5"
"20180129","월","여","50대","서울특별시","강남구","삼성동","중국집","39"
"20180129","월","여","30대","서울특별시","강남구","세곡동","중국집","8"
"20180129","월","남","30대","서울특별시","강남구","도곡동","중국집","5"
"20180129","월","남","40대","서울특별시","강남구","도곡동","중국집","5"
"20180129","월","여","50대","서울특별시","강남구","세곡동","중국집","10"
"20180129","월","여","50대","서울특별시","강남구","압구정동","중국집","5"
"20180129","월","여","50대","서울특별시","강남구","역삼동","중국집","21"
"20180129","월","여","50대","서울특별시","강남구","일원동","중국집","5"
"20180129","월","남","40대","서울특별시","강남구","대치동","중국집","5"
"20180129","월","여","10대","서울특별시","강남구","도곡동","중국집","5"
"20180129","월","여","60대이상","서울특별시","강남구","논현동","중국집","12"
"20180129","월","여","60대이상","서울특별시","강남구","대치동","중국집","5"
"20180129","월","여","30대","서울특별시","강남구","논현동","중국집","38"
"20180129","월","여","50대","서울특별시","강남구","수서동","중국집","5"
"20180129","월","여","60대이상","서울특별시","강남구","도곡동","중국집","5"
"20180129","월","여","60대이상","서울특별시","강남구","삼성동","중국집","19"
"20180129","월","남","20대","서울특별시","강남구","논현동","중국집","18"
"20180129","월","여","20대","서울특별시","강남구","도곡동","중국집","5"
"20180129","월","여","60대이상","서울특별시","강남구","세곡동","중국집","5"
"20180129","월","남","50대","서울특별시","강남구","논현동","중국집","25"
"20180129","월","남","50대","서울특별시","강남구","도곡동","중국집","5"
"20180129","월","남","60대이상","서울특별시","강남구","논현동","중국집","20"
"20180129","월","여","60대이상","서울특별시","강남구","압구정동","중국집","5"
"20180129","월","여","60대이상","서울특별시","강남구","수서동","중국집","5"
"20180129","월","여","60대이상","서울특별시","강남구","역삼동","중국집","19"
"20180129","월","여","60대이상","서울특별시","강남구","일원동","중국집","5"
"20180129","월","남","50대","서울특별시","강남구","개포동","중국집","5"
"20180129","월","여","40대","서울특별시","강남구","역삼동","중국집","41"
"20180129","월","남","20대","서울특별시","강남구","삼성동","중국집","44"
"20180129","월","남","10대","서울특별시","강동구","길동","중국집","7"
"20180129","월","남","20대","서울특별시","강동구","길동","중국집","21"
"20180129","월","남","20대","서울특별시","강동구","명일동","중국집","5"
"20180129","월","남","20대","서울특별시","강동구","성내동","중국집","6"
"20180129","월","남","20대","서울특별시","강동구","천호동","중국집","5"
"20180129","월","남","20대","서울특별시","강동구","상일동","중국집","5"
"20180129","월","남","30대","서울특별시","강동구","길동","중국집","54"
"20180129","월","남","30대","서울특별시","강동구","상일동","중국집","5"
"20180129","월","남","30대","서울특별시","강동구","성내동","중국집","7"
"20180129","월","남","30대","서울특별시","강동구","암사동","중국집","5"
"20180129","월","남","30대","서울특별시","강동구","천호동","중국집","5"
"20180129","월","남","40대","서울특별시","강동구","성내동","중국집","5"
"20180129","월","남","40대","서울특별시","강동구","암사동","중국집","5"
"20180129","월","남","40대","서울특별시","강동구","천호동","중국집","5"
"20180129","월","남","50대","서울특별시","강동구","길동","중국집","43"
"20180129","월","남","50대","서울특별시","강동구","명일동","중국집","5"
"20180129","월","남","50대","서울특별시","강동구","암사동","중국집","5"
"20180129","월","남","60대이상","서울특별시","강동구","길동","중국집","40"
"20180129","월","남","60대이상","서울특별시","강동구","암사동","중국집","5"
"20180129","월","남","50대","서울특별시","강동구","천호동","중국집","5"
"20180129","월","남","60대이상","서울특별시","강동구","천호동","중국집","5"
"20180129","월","여","10대","서울특별시","강동구","길동","중국집","5"
"20180129","월","여","10대","서울특별시","강동구","성내동","중국집","5"
"20180129","월","여","10대","서울특별시","강동구","천호동","중국집","5"
"20180129","월","여","20대","서울특별시","강동구","길동","중국집","16"
"20180129","월","여","20대","서울특별시","강동구","성내동","중국집","7"
"20180129","월","여","30대","서울특별시","강동구","길동","중국집","39"
"20180129","월","여","30대","서울특별시","강동구","둔촌동","중국집","5"
"20180129","월","남","40대","서울특별시","강동구","길동","중국집","61"
"20180129","월","여","30대","서울특별시","강동구","명일동","중국집","5"
"20180129","월","여","30대","서울특별시","강동구","성내동","중국집","5"
"20180129","월","여","30대","서울특별시","강동구","암사동","중국집","5"
"20180129","월","여","40대","서울특별시","강동구","상일동","중국집","5"
"20180129","월","여","40대","서울특별시","강동구","성내동","중국집","7"
"20180129","월","여","40대","서울특별시","강동구","암사동","중국집","5"
"20180129","월","여","40대","서울특별시","강동구","천호동","중국집","5"
"20180129","월","남","50대","서울특별시","강동구","성내동","중국집","5"
"20180129","월","여","50대","서울특별시","강동구","길동","중국집","45"
"20180129","월","여","50대","서울특별시","강동구","명일동","중국집","5"
"20180129","월","여","40대","서울특별시","강동구","명일동","중국집","6"
"20180129","월","남","40대","서울특별시","강동구","명일동","중국집","5"
"20180129","월","여","50대","서울특별시","강동구","성내동","중국집","5"
"20180129","월","여","40대","서울특별시","강동구","길동","중국집","68"
"20180129","월","여","50대","서울특별시","강동구","암사동","중국집","5"
"20180129","월","남","10대","서울특별시","강동구","성내동","중국집","5"
"20180129","월","여","50대","서울특별시","강동구","천호동","중국집","5"
"20180129","월","여","60대이상","서울특별시","강동구","길동","중국집","24"
"20180129","월","여","60대이상","서울특별시","강동구","성내동","중국집","5"
"20180129","월","여","60대이상","서울특별시","강동구","암사동","중국집","5"
"20180129","월","남","10대","서울특별시","강북구","미아동","중국집","12"
"20180129","월","남","20대","서울특별시","강북구","번동","중국집","11"
"20180129","월","남","30대","서울특별시","강북구","미아동","중국집","54"
"20180129","월","남","30대","서울특별시","강북구","번동","중국집","16"
"20180129","월","남","30대","서울특별시","강북구","우이동","중국집","5"
"20180129","월","남","40대","서울특별시","강북구","미아동","중국집","70"
"20180129","월","남","40대","서울특별시","강북구","우이동","중국집","5"
"20180129","월","남","50대","서울특별시","강북구","미아동","중국집","51"
"20180129","월","남","50대","서울특별시","강북구","번동","중국집","7"
"20180129","월","남","60대이상","서울특별시","강북구","미아동","중국집","33"
"20180129","월","남","60대이상","서울특별시","강북구","번동","중국집","9"
"20180129","월","남","20대","서울특별시","강북구","미아동","중국집","38"
"20180129","월","남","40대","서울특별시","강북구","번동","중국집","13"
"20180129","월","남","60대이상","서울특별시","강북구","우이동","중국집","5"
"20180129","월","여","10대","서울특별시","강북구","미아동","중국집","9"
"20180129","월","여","10대","서울특별시","강북구","번동","중국집","5"
"20180129","월","여","10대","서울특별시","강북구","수유동","중국집","5"
"20180129","월","남","50대","서울특별시","강북구","우이동","중국집","5"
"20180129","월","여","20대","서울특별시","강북구","미아동","중국집","12"
"20180129","월","여","20대","서울특별시","강북구","우이동","중국집","5"
"20180129","월","여","30대","서울특별시","강북구","미아동","중국집","48"
"20180129","월","여","40대","서울특별시","강북구","번동","중국집","22"
"20180129","월","여","40대","서울특별시","강북구","우이동","중국집","5"
"20180129","월","여","50대","서울특별시","강북구","미아동","중국집","43"
"20180129","월","여","40대","서울특별시","강북구","미아동","중국집","63"
"20180129","월","남","10대","서울특별시","강북구","번동","중국집","5"
"20180129","월","여","50대","서울특별시","강북구","번동","중국집","18"
"20180129","월","여","30대","서울특별시","강북구","번동","중국집","8"
"20180129","월","여","50대","서울특별시","강북구","우이동","중국집","5"
"20180129","월","여","60대이상","서울특별시","강북구","미아동","중국집","27"
"20180129","월","여","60대이상","서울특별시","강북구","번동","중국집","8"
"20180129","월","여","60대이상","서울특별시","강북구","수유동","중국집","5"
"20180129","월","여","20대","서울특별시","강북구","번동","중국집","6"
"20180129","월","여","60대이상","서울특별시","강북구","우이동","중국집","5"
"20180129","월","남","10대","서울특별시","강서구","내발산동","중국집","6"
"20180129","월","남","10대","서울특별시","강서구","마곡동","중국집","5"
"20180129","월","남","10대","서울특별시","강서구","화곡동","중국집","10"
"20180129","월","남","20대","서울특별시","강서구","마곡동","중국집","5"
"20180129","월","남","30대","서울특별시","강서구","내발산동","중국집","47"
"20180129","월","남","30대","서울특별시","강서구","외발산동","중국집","5"
"20180129","월","남","40대","서울특별시","강서구","등촌동","중국집","18"
"20180129","월","남","40대","서울특별시","강서구","마곡동","중국집","5"
"20180129","월","남","40대","서울특별시","강서구","내발산동","중국집","48"
"20180129","월","남","50대","서울특별시","강서구","등촌동","중국집","10"
"20180129","월","남","50대","서울특별시","강서구","마곡동","중국집","5"
"20180129","월","남","40대","서울특별시","강서구","가양동","중국집","31"
"20180129","월","남","30대","서울특별시","강서구","가양동","중국집","33"
"20180129","월","남","50대","서울특별시","강서구","방화동","중국집","5"
"20180129","월","여","10대","서울특별시","강서구","가양동","중국집","5"
"20180129","월","남","10대","서울특별시","강서구","등촌동","중국집","5"
"20180129","월","남","40대","서울특별시","강서구","방화동","중국집","5"
"20180129","월","남","20대","서울특별시","강서구","내발산동","중국집","18"
"20180129","월","여","10대","서울특별시","강서구","내발산동","중국집","5"
"20180129","월","남","60대이상","서울특별시","강서구","화곡동","중국집","19"
"20180129","월","여","10대","서울특별시","강서구","화곡동","중국집","7"
"20180129","월","남","60대이상","서울특별시","강서구","가양동","중국집","10"
"20180129","월","남","60대이상","서울특별시","강서구","방화동","중국집","5"
"20180129","월","여","20대","서울특별시","강서구","가양동","중국집","7"
"20180129","월","여","20대","서울특별시","강서구","내발산동","중국집","12"
"20180129","월","여","20대","서울특별시","강서구","등촌동","중국집","5"
"20180129","월","남","50대","서울특별시","강서구","화곡동","중국집","35"
"20180129","월","여","20대","서울특별시","강서구","외발산동","중국집","5"
"20180129","월","여","20대","서울특별시","강서구","화곡동","중국집","11"
"20180129","월","여","30대","서울특별시","강서구","가양동","중국집","21"
"20180129","월","남","20대","서울특별시","강서구","가양동","중국집","10"
"20180129","월","여","30대","서울특별시","강서구","등촌동","중국집","16"
"20180129","월","남","30대","서울특별시","강서구","화곡동","중국집","47"
"20180129","월","여","30대","서울특별시","강서구","마곡동","중국집","5"
"20180129","월","여","30대","서울특별시","강서구","방화동","중국집","5"
"20180129","월","남","30대","서울특별시","강서구","등촌동","중국집","12"
"20180129","월","여","40대","서울특별시","강서구","가양동","중국집","29"
"20180129","월","여","40대","서울특별시","강서구","내발산동","중국집","59"
"20180129","월","여","40대","서울특별시","강서구","방화동","중국집","5"
"20180129","월","여","30대","서울특별시","강서구","화곡동","중국집","35"
"20180129","월","여","40대","서울특별시","강서구","외발산동","중국집","5"
"20180129","월","여","40대","서울특별시","강서구","화곡동","중국집","74"
"20180129","월","남","10대","서울특별시","강서구","가양동","중국집","5"
"20180129","월","여","50대","서울특별시","강서구","가양동","중국집","15"
"20180129","월","여","50대","서울특별시","강서구","내발산동","중국집","28"
"20180129","월","여","50대","서울특별시","강서구","등촌동","중국집","9"
"20180129","월","남","20대","서울특별시","강서구","등촌동","중국집","15"
"20180129","월","남","60대이상","서울특별시","강서구","등촌동","중국집","16"
"20180129","월","여","50대","서울특별시","강서구","방화동","중국집","5"
"20180129","월","남","60대이상","서울특별시","강서구","내발산동","중국집","16"
"20180129","월","남","50대","서울특별시","강서구","가양동","중국집","8"
"20180129","월","남","40대","서울특별시","강서구","화곡동","중국집","43"
"20180129","월","남","30대","서울특별시","강서구","방화동","중국집","5"
"20180129","월","남","50대","서울특별시","강서구","내발산동","중국집","36"
"20180129","월","여","50대","서울특별시","강서구","화곡동","중국집","34"
"20180129","월","여","40대","서울특별시","강서구","등촌동","중국집","26"
"20180129","월","여","60대이상","서울특별시","강서구","가양동","중국집","9"
"20180129","월","여","60대이상","서울특별시","강서구","내발산동","중국집","8"
"20180129","월","여","10대","서울특별시","강서구","외발산동","중국집","5"
"20180129","월","여","30대","서울특별시","강서구","내발산동","중국집","33"
"20180129","월","여","60대이상","서울특별시","강서구","등촌동","중국집","6"
"20180129","월","남","20대","서울특별시","강서구","화곡동","중국집","29"
"20180129","월","여","60대이상","서울특별시","강서구","방화동","중국집","5"
"20180129","월","여","60대이상","서울특별시","강서구","화곡동","중국집","16"
"20180129","월","남","10대","서울특별시","관악구","봉천동","중국집","5"
"20180129","월","남","20대","서울특별시","관악구","봉천동","중국집","5"
"20180129","월","남","20대","서울특별시","관악구","신림동","중국집","22"
"20180129","월","남","30대","서울특별시","관악구","신림동","중국집","12"
"20180129","월","남","40대","서울특별시","관악구","봉천동","중국집","5"
"20180129","월","남","40대","서울특별시","관악구","신림동","중국집","5"
"20180129","월","남","50대","서울특별시","관악구","봉천동","중국집","5"
"20180129","월","남","50대","서울특별시","관악구","신림동","중국집","8"
"20180129","월","남","60대이상","서울특별시","관악구","봉천동","중국집","5"
"20180129","월","남","30대","서울특별시","관악구","봉천동","중국집","5"
"20180129","월","남","60대이상","서울특별시","관악구","신림동","중국집","5"
"20180129","월","여","20대","서울특별시","관악구","봉천동","중국집","5"
"20180129","월","여","30대","서울특별시","관악구","봉천동","중국집","7"
"20180129","월","여","10대","서울특별시","관악구","봉천동","중국집","5"
"20180129","월","여","30대","서울특별시","관악구","신림동","중국집","5"
"20180129","월","여","40대","서울특별시","관악구","봉천동","중국집","5"
"20180129","월","여","50대","서울특별시","관악구","봉천동","중국집","5"
"20180129","월","여","20대","서울특별시","관악구","신림동","중국집","8"
"20180129","월","여","50대","서울특별시","관악구","신림동","중국집","5"
"20180129","월","여","60대이상","서울특별시","관악구","신림동","중국집","5"
"20180129","월","남","10대","서울특별시","광진구","광장동","중국집","5"
"20180129","월","남","10대","서울특별시","광진구","능동","중국집","5"
"20180129","월","남","20대","서울특별시","광진구","구의동","중국집","5"
"20180129","월","남","30대","서울특별시","광진구","자양동","중국집","5"
"20180129","월","남","40대","서울특별시","광진구","능동","중국집","5"
"20180129","월","남","20대","서울특별시","광진구","자양동","중국집","5"
"20180129","월","남","40대","서울특별시","광진구","자양동","중국집","7"
"20180129","월","남","50대","서울특별시","광진구","중곡동","중국집","5"
"20180129","월","남","20대","서울특별시","광진구","광장동","중국집","5"
"20180129","월","남","40대","서울특별시","광진구","광장동","중국집","5"
"20180129","월","남","60대이상","서울특별시","광진구","능동","중국집","5"
"20180129","월","남","60대이상","서울특별시","광진구","자양동","중국집","5"
"20180129","월","여","20대","서울특별시","광진구","광장동","중국집","5"
"20180129","월","여","20대","서울특별시","광진구","구의동","중국집","5"
"20180129","월","여","20대","서울특별시","광진구","능동","중국집","5"
"20180129","월","여","20대","서울특별시","광진구","자양동","중국집","8"
"20180129","월","여","20대","서울특별시","광진구","화양동","중국집","5"
"20180129","월","여","30대","서울특별시","광진구","자양동","중국집","6"
"20180129","월","여","30대","서울특별시","광진구","화양동","중국집","5"
"20180129","월","여","40대","서울특별시","광진구","능동","중국집","5"
"20180129","월","남","30대","서울특별시","광진구","능동","중국집","5"
"20180129","월","여","40대","서울특별시","광진구","자양동","중국집","6"
"20180129","월","여","30대","서울특별시","광진구","광장동","중국집","5"
"20180129","월","여","30대","서울특별시","광진구","구의동","중국집","5"
"20180129","월","여","40대","서울특별시","광진구","중곡동","중국집","5"
"20180129","월","남","20대","서울특별시","광진구","능동","중국집","5"
"20180129","월","여","10대","서울특별시","광진구","자양동","중국집","5"
"20180129","월","남","50대","서울특별시","광진구","자양동","중국집","5"
"20180129","월","여","50대","서울특별시","광진구","광장동","중국집","5"
"20180129","월","남","10대","서울특별시","광진구","자양동","중국집","5"
"20180129","월","여","30대","서울특별시","광진구","능동","중국집","5"
"20180129","월","여","50대","서울특별시","광진구","자양동","중국집","7"
"20180129","월","여","60대이상","서울특별시","광진구","자양동","중국집","5"
"20180129","월","남","10대","서울특별시","구로구","개봉동","중국집","5"
"20180129","월","남","10대","서울특별시","구로구","궁동","중국집","5"
"20180129","월","남","10대","서울특별시","구로구","신도림동","중국집","5"
"20180129","월","남","20대","서울특별시","구로구","개봉동","중국집","6"
"20180129","월","남","30대","서울특별시","구로구","개봉동","중국집","9"
"20180129","월","남","30대","서울특별시","구로구","구로동","중국집","6"
"20180129","월","남","40대","서울특별시","구로구","구로동","중국집","5"
"20180129","월","남","40대","서울특별시","구로구","궁동","중국집","5"
"20180129","월","남","50대","서울특별시","구로구","개봉동","중국집","14"
"20180129","월","남","60대이상","서울특별시","구로구","구로동","중국집","5"
"20180129","월","남","60대이상","서울특별시","구로구","궁동","중국집","5"
"20180129","월","여","20대","서울특별시","구로구","개봉동","중국집","5"
"20180129","월","여","20대","서울특별시","구로구","구로동","중국집","5"
"20180129","월","여","20대","서울특별시","구로구","궁동","중국집","5"
"20180129","월","남","40대","서울특별시","구로구","개봉동","중국집","19"
"20180129","월","남","60대이상","서울특별시","구로구","개봉동","중국집","5"
"20180129","월","여","20대","서울특별시","구로구","신도림동","중국집","5"
"20180129","월","여","30대","서울특별시","구로구","개봉동","중국집","17"
"20180129","월","여","30대","서울특별시","구로구","구로동","중국집","5"
"20180129","월","여","30대","서울특별시","구로구","궁동","중국집","5"
"20180129","월","여","30대","서울특별시","구로구","신도림동","중국집","5"
"20180129","월","여","40대","서울특별시","구로구","개봉동","중국집","22"
"20180129","월","여","10대","서울특별시","구로구","개봉동","중국집","5"
"20180129","월","여","40대","서울특별시","구로구","구로동","중국집","5"
"20180129","월","여","40대","서울특별시","구로구","궁동","중국집","5"
"20180129","월","여","50대","서울특별시","구로구","구로동","중국집","5"
"20180129","월","여","50대","서울특별시","구로구","신도림동","중국집","5"
"20180129","월","여","60대이상","서울특별시","구로구","개봉동","중국집","12"
"20180129","월","여","50대","서울특별시","구로구","개봉동","중국집","20"
"20180129","월","여","10대","서울특별시","구로구","구로동","중국집","5"
"20180129","월","남","20대","서울특별시","구로구","궁동","중국집","5"
"20180129","월","여","60대이상","서울특별시","구로구","궁동","중국집","5"
"20180129","월","남","20대","서울특별시","금천구","가산동","중국집","13"
"20180129","월","남","20대","서울특별시","금천구","독산동","중국집","5"
"20180129","월","남","30대","서울특별시","금천구","독산동","중국집","5"
"20180129","월","남","30대","서울특별시","금천구","시흥동","중국집","5"
"20180129","월","남","50대","서울특별시","금천구","가산동","중국집","18"
"20180129","월","남","50대","서울특별시","금천구","독산동","중국집","5"
"20180129","월","남","60대이상","서울특별시","금천구","가산동","중국집","5"
"20180129","월","남","60대이상","서울특별시","금천구","독산동","중국집","5"
"20180129","월","남","10대","서울특별시","금천구","가산동","중국집","5"
"20180129","월","여","20대","서울특별시","금천구","가산동","중국집","6"
"20180129","월","여","20대","서울특별시","금천구","독산동","중국집","5"
"20180129","월","여","30대","서울특별시","금천구","가산동","중국집","9"
"20180129","월","여","30대","서울특별시","금천구","독산동","중국집","5"
"20180129","월","남","40대","서울특별시","금천구","독산동","중국집","5"
"20180129","월","여","30대","서울특별시","금천구","시흥동","중국집","5"
"20180129","월","여","40대","서울특별시","금천구","가산동","중국집","11"
"20180129","월","여","40대","서울특별시","금천구","시흥동","중국집","6"
"20180129","월","여","20대","서울특별시","금천구","시흥동","중국집","5"
"20180129","월","남","40대","서울특별시","금천구","가산동","중국집","20"
"20180129","월","여","50대","서울특별시","금천구","가산동","중국집","5"
"20180129","월","여","50대","서울특별시","금천구","독산동","중국집","5"
"20180129","월","여","50대","서울특별시","금천구","시흥동","중국집","5"
"20180129","월","남","30대","서울특별시","금천구","가산동","중국집","14"
"20180129","월","여","60대이상","서울특별시","금천구","가산동","중국집","5"
"20180129","월","여","60대이상","서울특별시","금천구","시흥동","중국집","5"
"20180129","월","남","60대이상","서울특별시","금천구","시흥동","중국집","5"
"20180129","월","남","10대","서울특별시","노원구","공릉동","중국집","5"
"20180129","월","남","10대","서울특별시","노원구","상계동","중국집","14"
"20180129","월","남","10대","서울특별시","노원구","중계동","중국집","5"
"20180129","월","남","20대","서울특별시","노원구","상계동","중국집","35"
"20180129","월","남","20대","서울특별시","노원구","월계동","중국집","5"
"20180129","월","남","20대","서울특별시","노원구","중계동","중국집","5"
"20180129","월","남","30대","서울특별시","노원구","공릉동","중국집","6"
"20180129","월","남","30대","서울특별시","노원구","상계동","중국집","27"
"20180129","월","남","30대","서울특별시","노원구","월계동","중국집","5"
"20180129","월","남","40대","서울특별시","노원구","공릉동","중국집","5"
"20180129","월","남","20대","서울특별시","노원구","공릉동","중국집","5"
"20180129","월","남","40대","서울특별시","노원구","상계동","중국집","47"
"20180129","월","남","50대","서울특별시","노원구","상계동","중국집","42"
"20180129","월","남","50대","서울특별시","노원구","월계동","중국집","5"
"20180129","월","남","50대","서울특별시","노원구","중계동","중국집","5"
"20180129","월","남","60대이상","서울특별시","노원구","상계동","중국집","26"
"20180129","월","남","60대이상","서울특별시","노원구","월계동","중국집","5"
"20180129","월","남","60대이상","서울특별시","노원구","중계동","중국집","5"
"20180129","월","여","10대","서울특별시","노원구","상계동","중국집","5"
"20180129","월","여","10대","서울특별시","노원구","중계동","중국집","5"
"20180129","월","여","20대","서울특별시","노원구","공릉동","중국집","5"
"20180129","월","여","20대","서울특별시","노원구","상계동","중국집","17"
"20180129","월","여","20대","서울특별시","노원구","중계동","중국집","5"
"20180129","월","여","30대","서울특별시","노원구","상계동","중국집","28"
"20180129","월","여","30대","서울특별시","노원구","공릉동","중국집","5"
"20180129","월","여","40대","서울특별시","노원구","공릉동","중국집","5"
"20180129","월","여","40대","서울특별시","노원구","상계동","중국집","63"
"20180129","월","여","40대","서울특별시","노원구","월계동","중국집","5"
"20180129","월","여","40대","서울특별시","노원구","중계동","중국집","6"
"20180129","월","여","50대","서울특별시","노원구","공릉동","중국집","5"
"20180129","월","여","50대","서울특별시","노원구","상계동","중국집","41"
"20180129","월","여","50대","서울특별시","노원구","월계동","중국집","5"
"20180129","월","여","50대","서울특별시","노원구","중계동","중국집","5"
"20180129","월","남","60대이상","서울특별시","노원구","공릉동","중국집","5"
"20180129","월","여","60대이상","서울특별시","노원구","공릉동","중국집","5"
"20180129","월","여","30대","서울특별시","노원구","중계동","중국집","5"
"20180129","월","여","60대이상","서울특별시","노원구","상계동","중국집","19"
"20180129","월","남","50대","서울특별시","노원구","공릉동","중국집","5"
"20180129","월","여","60대이상","서울특별시","노원구","월계동","중국집","5"
"20180129","월","여","60대이상","서울특별시","노원구","중계동","중국집","5"
"20180129","월","남","10대","서울특별시","도봉구","쌍문동","중국집","5"
"20180129","월","남","20대","서울특별시","도봉구","방학동","중국집","5"
"20180129","월","남","20대","서울특별시","도봉구","쌍문동","중국집","6"
"20180129","월","남","30대","서울특별시","도봉구","방학동","중국집","5"
"20180129","월","남","30대","서울특별시","도봉구","쌍문동","중국집","5"
"20180129","월","남","40대","서울특별시","도봉구","도봉동","중국집","5"
"20180129","월","남","50대","서울특별시","도봉구","도봉동","중국집","5"
"20180129","월","남","50대","서울특별시","도봉구","방학동","중국집","5"
"20180129","월","남","60대이상","서울특별시","도봉구","쌍문동","중국집","5"
"20180129","월","여","10대","서울특별시","도봉구","방학동","중국집","5"
"20180129","월","여","10대","서울특별시","도봉구","쌍문동","중국집","5"
"20180129","월","여","20대","서울특별시","도봉구","방학동","중국집","5"
"20180129","월","여","40대","서울특별시","도봉구","방학동","중국집","5"
"20180129","월","여","40대","서울특별시","도봉구","도봉동","중국집","5"
"20180129","월","여","50대","서울특별시","도봉구","쌍문동","중국집","5"
"20180129","월","여","60대이상","서울특별시","도봉구","도봉동","중국집","5"
"20180129","월","남","30대","서울특별시","도봉구","도봉동","중국집","5"
"20180129","월","여","30대","서울특별시","도봉구","쌍문동","중국집","5"
"20180129","월","남","10대","서울특별시","동대문구","제기동","중국집","5"
"20180129","월","남","20대","서울특별시","동대문구","장안동","중국집","35"
"20180129","월","남","10대","서울특별시","동대문구","장안동","중국집","5"
"20180129","월","남","20대","서울특별시","동대문구","전농동","중국집","7"
"20180129","월","남","20대","서울특별시","동대문구","휘경동","중국집","5"
"20180129","월","남","30대","서울특별시","동대문구","제기동","중국집","46"
"20180129","월","남","40대","서울특별시","동대문구","답십리동","중국집","5"
"20180129","월","남","40대","서울특별시","동대문구","제기동","중국집","55"
"20180129","월","남","30대","서울특별시","동대문구","장안동","중국집","46"
"20180129","월","남","50대","서울특별시","동대문구","장안동","중국집","47"
"20180129","월","남","30대","서울특별시","동대문구","답십리동","중국집","5"
"20180129","월","남","50대","서울특별시","동대문구","제기동","중국집","45"
"20180129","월","여","10대","서울특별시","동대문구","전농동","중국집","5"
"20180129","월","여","10대","서울특별시","동대문구","제기동","중국집","5"
"20180129","월","여","20대","서울특별시","동대문구","답십리동","중국집","5"
"20180129","월","여","20대","서울특별시","동대문구","장안동","중국집","13"
"20180129","월","남","50대","서울특별시","동대문구","전농동","중국집","5"
"20180129","월","여","20대","서울특별시","동대문구","전농동","중국집","5"
"20180129","월","남","40대","서울특별시","동대문구","장안동","중국집","41"
"20180129","월","여","10대","서울특별시","동대문구","장안동","중국집","6"
"20180129","월","여","20대","서울특별시","동대문구","제기동","중국집","14"
"20180129","월","여","10대","서울특별시","동대문구","답십리동","중국집","5"
"20180129","월","남","60대이상","서울특별시","동대문구","제기동","중국집","22"
"20180129","월","여","30대","서울특별시","동대문구","답십리동","중국집","5"
"20180129","월","여","30대","서울특별시","동대문구","장안동","중국집","25"
"20180129","월","여","30대","서울특별시","동대문구","전농동","중국집","5"
"20180129","월","여","40대","서울특별시","동대문구","답십리동","중국집","5"
"20180129","월","여","40대","서울특별시","동대문구","장안동","중국집","32"
"20180129","월","남","60대이상","서울특별시","동대문구","장안동","중국집","20"
"20180129","월","여","40대","서울특별시","동대문구","전농동","중국집","5"
"20180129","월","남","60대이상","서울특별시","동대문구","전농동","중국집","5"
"20180129","월","남","40대","서울특별시","동대문구","전농동","중국집","5"
"20180129","월","여","40대","서울특별시","동대문구","제기동","중국집","34"
"20180129","월","여","30대","서울특별시","동대문구","제기동","중국집","21"
"20180129","월","남","30대","서울특별시","동대문구","전농동","중국집","5"
"20180129","월","여","50대","서울특별시","동대문구","답십리동","중국집","5"
"20180129","월","여","50대","서울특별시","동대문구","장안동","중국집","26"
"20180129","월","여","50대","서울특별시","동대문구","전농동","중국집","5"
"20180129","월","남","20대","서울특별시","동대문구","제기동","중국집","36"
"20180129","월","남","50대","서울특별시","동대문구","답십리동","중국집","5"
"20180129","월","남","10대","서울특별시","동대문구","전농동","중국집","5"
"20180129","월","여","50대","서울특별시","동대문구","제기동","중국집","15"
"20180129","월","여","60대이상","서울특별시","동대문구","장안동","중국집","14"
"20180129","월","여","60대이상","서울특별시","동대문구","전농동","중국집","5"
"20180129","월","여","60대이상","서울특별시","동대문구","제기동","중국집","24"
"20180129","월","남","20대","서울특별시","동작구","본동","중국집","5"
"20180129","월","남","20대","서울특별시","동작구","상도동","중국집","5"
"20180129","월","남","30대","서울특별시","동작구","사당동","중국집","5"
"20180129","월","남","30대","서울특별시","동작구","노량진동","중국집","5"
"20180129","월","남","30대","서울특별시","동작구","상도동","중국집","5"
"20180129","월","남","30대","서울특별시","동작구","흑석동","중국집","5"
"20180129","월","남","40대","서울특별시","동작구","노량진동","중국집","5"
"20180129","월","남","20대","서울특별시","동작구","사당동","중국집","5"
"20180129","월","남","40대","서울특별시","동작구","본동","중국집","5"
"20180129","월","남","40대","서울특별시","동작구","상도동","중국집","5"
"20180129","월","남","50대","서울특별시","동작구","노량진동","중국집","5"
"20180129","월","남","60대이상","서울특별시","동작구","노량진동","중국집","5"
"20180129","월","남","60대이상","서울특별시","동작구","본동","중국집","5"
"20180129","월","남","60대이상","서울특별시","동작구","상도동","중국집","5"
"20180129","월","여","10대","서울특별시","동작구","사당동","중국집","5"
"20180129","월","여","10대","서울특별시","동작구","신대방동","중국집","5"
"20180129","월","여","20대","서울특별시","동작구","노량진동","중국집","5"
"20180129","월","여","20대","서울특별시","동작구","상도동","중국집","5"
"20180129","월","남","20대","서울특별시","동작구","신대방동","중국집","80"
"20180129","월","여","20대","서울특별시","동작구","신대방동","중국집","46"
"20180129","월","여","30대","서울특별시","동작구","노량진동","중국집","5"
"20180129","월","여","30대","서울특별시","동작구","본동","중국집","5"
"20180129","월","남","50대","서울특별시","동작구","상도동","중국집","5"
"20180129","월","남","60대이상","서울특별시","동작구","신대방동","중국집","43"
"20180129","월","여","30대","서울특별시","동작구","상도동","중국집","5"
"20180129","월","남","50대","서울특별시","동작구","신대방동","중국집","75"
"20180129","월","여","20대","서울특별시","동작구","대방동","중국집","5"
"20180129","월","여","30대","서울특별시","동작구","신대방동","중국집","55"
"20180129","월","여","40대","서울특별시","동작구","노량진동","중국집","5"
"20180129","월","여","40대","서울특별시","동작구","본동","중국집","5"
"20180129","월","여","40대","서울특별시","동작구","사당동","중국집","5"
"20180129","월","남","60대이상","서울특별시","동작구","사당동","중국집","5"
"20180129","월","여","40대","서울특별시","동작구","상도동","중국집","5"
"20180129","월","남","40대","서울특별시","동작구","신대방동","중국집","75"
"20180129","월","남","30대","서울특별시","동작구","신대방동","중국집","115"
"20180129","월","여","40대","서울특별시","동작구","신대방동","중국집","89"
"20180129","월","여","50대","서울특별시","동작구","본동","중국집","5"
"20180129","월","여","20대","서울특별시","동작구","사당동","중국집","5"
"20180129","월","남","40대","서울특별시","동작구","사당동","중국집","5"
"20180129","월","여","50대","서울특별시","동작구","사당동","중국집","5"
"20180129","월","여","50대","서울특별시","동작구","상도동","중국집","5"
"20180129","월","남","10대","서울특별시","동작구","신대방동","중국집","19"
"20180129","월","여","50대","서울특별시","동작구","신대방동","중국집","68"
"20180129","월","여","60대이상","서울특별시","동작구","본동","중국집","5"
"20180129","월","여","60대이상","서울특별시","동작구","사당동","중국집","5"
"20180129","월","여","60대이상","서울특별시","동작구","신대방동","중국집","34"
"20180129","월","여","30대","서울특별시","동작구","사당동","중국집","5"
"20180129","월","남","10대","서울특별시","마포구","상암동","중국집","9"
"20180129","월","남","20대","서울특별시","마포구","공덕동","중국집","5"
"20180129","월","남","20대","서울특별시","마포구","대흥동","중국집","5"
"20180129","월","남","20대","서울특별시","마포구","마포동","중국집","5"
"20180129","월","남","20대","서울특별시","마포구","신수동","중국집","5"
"20180129","월","남","20대","서울특별시","마포구","아현동","중국집","5"
"20180129","월","남","20대","서울특별시","마포구","합정동","중국집","14"
"20180129","월","남","30대","서울특별시","마포구","공덕동","중국집","5"
"20180129","월","남","30대","서울특별시","마포구","마포동","중국집","5"
"20180129","월","남","30대","서울특별시","마포구","서교동","중국집","5"
"20180129","월","남","40대","서울특별시","마포구","공덕동","중국집","5"
"20180129","월","남","30대","서울특별시","마포구","신수동","중국집","5"
"20180129","월","남","40대","서울특별시","마포구","마포동","중국집","5"
"20180129","월","남","40대","서울특별시","마포구","상암동","중국집","19"
"20180129","월","남","40대","서울특별시","마포구","합정동","중국집","10"
"20180129","월","남","30대","서울특별시","마포구","합정동","중국집","24"
"20180129","월","남","50대","서울특별시","마포구","마포동","중국집","5"
"20180129","월","남","50대","서울특별시","마포구","상암동","중국집","13"
"20180129","월","남","50대","서울특별시","마포구","서교동","중국집","5"
"20180129","월","남","20대","서울특별시","마포구","염리동","중국집","5"
"20180129","월","남","50대","서울특별시","마포구","신공덕동","중국집","5"
"20180129","월","남","60대이상","서울특별시","마포구","상암동","중국집","11"
"20180129","월","남","20대","서울특별시","마포구","상암동","중국집","9"
"20180129","월","남","60대이상","서울특별시","마포구","신공덕동","중국집","5"
"20180129","월","남","60대이상","서울특별시","마포구","신수동","중국집","5"
"20180129","월","남","60대이상","서울특별시","마포구","합정동","중국집","8"
"20180129","월","여","10대","서울특별시","마포구","상암동","중국집","5"
"20180129","월","여","10대","서울특별시","마포구","서교동","중국집","5"
"20180129","월","여","10대","서울특별시","마포구","합정동","중국집","5"
"20180129","월","여","20대","서울특별시","마포구","대흥동","중국집","5"
"20180129","월","여","20대","서울특별시","마포구","상암동","중국집","6"
"20180129","월","남","30대","서울특별시","마포구","상암동","중국집","16"
"20180129","월","여","20대","서울특별시","마포구","염리동","중국집","5"
"20180129","월","남","10대","서울특별시","마포구","합정동","중국집","5"
"20180129","월","여","20대","서울특별시","마포구","합정동","중국집","8"
"20180129","월","남","40대","서울특별시","마포구","망원동","중국집","5"
"20180129","월","여","30대","서울특별시","마포구","아현동","중국집","5"
"20180129","월","여","30대","서울특별시","마포구","서교동","중국집","5"
"20180129","월","여","30대","서울특별시","마포구","마포동","중국집","5"
"20180129","월","여","30대","서울특별시","마포구","합정동","중국집","10"
"20180129","월","여","20대","서울특별시","마포구","신공덕동","중국집","5"
"20180129","월","여","40대","서울특별시","마포구","마포동","중국집","5"
"20180129","월","여","40대","서울특별시","마포구","망원동","중국집","5"
"20180129","월","여","40대","서울특별시","마포구","신공덕동","중국집","5"
"20180129","월","남","50대","서울특별시","마포구","신수동","중국집","5"
"20180129","월","여","40대","서울특별시","마포구","신수동","중국집","5"
"20180129","월","여","40대","서울특별시","마포구","공덕동","중국집","5"
"20180129","월","여","40대","서울특별시","마포구","상암동","중국집","31"
"20180129","월","여","40대","서울특별시","마포구","아현동","중국집","5"
"20180129","월","여","30대","서울특별시","마포구","공덕동","중국집","5"
"20180129","월","여","30대","서울특별시","마포구","대흥동","중국집","5"
"20180129","월","여","40대","서울특별시","마포구","합정동","중국집","12"
"20180129","월","여","30대","서울특별시","마포구","상암동","중국집","16"
"20180129","월","남","50대","서울특별시","마포구","창전동","중국집","5"
"20180129","월","여","40대","서울특별시","마포구","대흥동","중국집","5"
"20180129","월","여","30대","서울특별시","마포구","신공덕동","중국집","5"
"20180129","월","여","50대","서울특별시","마포구","상암동","중국집","19"
"20180129","월","여","30대","서울특별시","마포구","창전동","중국집","5"
"20180129","월","여","50대","서울특별시","마포구","신공덕동","중국집","5"
"20180129","월","여","50대","서울특별시","마포구","합정동","중국집","6"
"20180129","월","남","10대","서울특별시","마포구","서교동","중국집","5"
"20180129","월","여","60대이상","서울특별시","마포구","마포동","중국집","5"
"20180129","월","남","50대","서울특별시","마포구","합정동","중국집","9"
"20180129","월","여","60대이상","서울특별시","마포구","망원동","중국집","5"
"20180129","월","여","60대이상","서울특별시","마포구","상암동","중국집","8"
"20180129","월","여","60대이상","서울특별시","마포구","신수동","중국집","5"
"20180129","월","여","60대이상","서울특별시","마포구","창전동","중국집","5"
"20180129","월","여","60대이상","서울특별시","마포구","합정동","중국집","5"
"20180129","월","남","30대","서울특별시","마포구","신공덕동","중국집","5"
"20180129","월","여","40대","서울특별시","마포구","창전동","중국집","5"
"20180129","월","남","10대","서울특별시","서대문구","홍제동","중국집","6"
"20180129","월","남","20대","서울특별시","서대문구","창천동","중국집","9"
"20180129","월","남","20대","서울특별시","서대문구","충정로3가","중국집","5"
"20180129","월","남","10대","서울특별시","서대문구","연희동","중국집","9"
"20180129","월","남","20대","서울특별시","서대문구","홍은동","중국집","5"
"20180129","월","남","20대","서울특별시","서대문구","홍제동","중국집","20"
"20180129","월","남","30대","서울특별시","서대문구","남가좌동","중국집","5"
"20180129","월","남","30대","서울특별시","서대문구","충정로3가","중국집","5"
"20180129","월","남","30대","서울특별시","서대문구","홍은동","중국집","5"
"20180129","월","남","10대","서울특별시","서대문구","창천동","중국집","5"
"20180129","월","남","30대","서울특별시","서대문구","홍제동","중국집","19"
"20180129","월","남","20대","서울특별시","서대문구","북아현동","중국집","5"
"20180129","월","남","40대","서울특별시","서대문구","연희동","중국집","49"
"20180129","월","남","40대","서울특별시","서대문구","창천동","중국집","30"
"20180129","월","남","40대","서울특별시","서대문구","충정로3가","중국집","5"
"20180129","월","남","50대","서울특별시","서대문구","연희동","중국집","18"
"20180129","월","남","50대","서울특별시","서대문구","홍은동","중국집","5"
"20180129","월","남","50대","서울특별시","서대문구","홍제동","중국집","21"
"20180129","월","남","20대","서울특별시","서대문구","연희동","중국집","38"
"20180129","월","남","60대이상","서울특별시","서대문구","남가좌동","중국집","5"
"20180129","월","남","60대이상","서울특별시","서대문구","연희동","중국집","23"
"20180129","월","남","60대이상","서울특별시","서대문구","홍은동","중국집","5"
"20180129","월","남","60대이상","서울특별시","서대문구","홍제동","중국집","20"
"20180129","월","여","10대","서울특별시","서대문구","창천동","중국집","5"
"20180129","월","여","20대","서울특별시","서대문구","남가좌동","중국집","5"
"20180129","월","남","40대","서울특별시","서대문구","홍제동","중국집","12"
"20180129","월","여","20대","서울특별시","서대문구","연희동","중국집","30"
"20180129","월","여","20대","서울특별시","서대문구","홍은동","중국집","5"
"20180129","월","여","20대","서울특별시","서대문구","홍제동","중국집","8"
"20180129","월","여","20대","서울특별시","서대문구","창천동","중국집","6"
"20180129","월","여","30대","서울특별시","서대문구","북가좌동","중국집","5"
"20180129","월","여","30대","서울특별시","서대문구","창천동","중국집","25"
"20180129","월","여","30대","서울특별시","서대문구","충정로3가","중국집","5"
"20180129","월","여","30대","서울특별시","서대문구","홍은동","중국집","5"
"20180129","월","남","30대","서울특별시","서대문구","연희동","중국집","39"
"20180129","월","여","10대","서울특별시","서대문구","연희동","중국집","5"
"20180129","월","여","40대","서울특별시","서대문구","북아현동","중국집","5"
"20180129","월","여","30대","서울특별시","서대문구","연희동","중국집","33"
"20180129","월","여","40대","서울특별시","서대문구","창천동","중국집","19"
"20180129","월","여","40대","서울특별시","서대문구","충정로3가","중국집","5"
"20180129","월","남","50대","서울특별시","서대문구","창천동","중국집","26"
"20180129","월","여","10대","서울특별시","서대문구","북아현동","중국집","5"
"20180129","월","여","40대","서울특별시","서대문구","홍은동","중국집","5"
"20180129","월","여","10대","서울특별시","서대문구","홍제동","중국집","5"
"20180129","월","여","40대","서울특별시","서대문구","홍제동","중국집","37"
"20180129","월","여","30대","서울특별시","서대문구","북아현동","중국집","5"
"20180129","월","여","50대","서울특별시","서대문구","북아현동","중국집","5"
"20180129","월","여","20대","서울특별시","서대문구","충정로3가","중국집","5"
"20180129","월","여","50대","서울특별시","서대문구","연희동","중국집","27"
"20180129","월","여","50대","서울특별시","서대문구","창천동","중국집","13"
"20180129","월","여","50대","서울특별시","서대문구","홍제동","중국집","22"
"20180129","월","여","60대이상","서울특별시","서대문구","남가좌동","중국집","5"
"20180129","월","여","60대이상","서울특별시","서대문구","북아현동","중국집","5"
"20180129","월","여","30대","서울특별시","서대문구","홍제동","중국집","18"
"20180129","월","남","30대","서울특별시","서대문구","창천동","중국집","31"
"20180129","월","여","40대","서울특별시","서대문구","연희동","중국집","42"
"20180129","월","여","60대이상","서울특별시","서대문구","연희동","중국집","20"
"20180129","월","남","60대이상","서울특별시","서대문구","창천동","중국집","13"
"20180129","월","여","60대이상","서울특별시","서대문구","창천동","중국집","7"
"20180129","월","여","60대이상","서울특별시","서대문구","홍제동","중국집","12"
"20180129","월","남","10대","서울특별시","서초구","서초동","중국집","5"
"20180129","월","남","20대","서울특별시","서초구","내곡동","중국집","5"
"20180129","월","남","20대","서울특별시","서초구","서초동","중국집","11"
"20180129","월","남","30대","서울특별시","서초구","반포동","중국집","7"
"20180129","월","남","30대","서울특별시","서초구","방배동","중국집","58"
"20180129","월","남","30대","서울특별시","서초구","양재동","중국집","39"
"20180129","월","남","40대","서울특별시","서초구","내곡동","중국집","5"
"20180129","월","남","40대","서울특별시","서초구","반포동","중국집","14"
"20180129","월","남","20대","서울특별시","서초구","양재동","중국집","24"
"20180129","월","남","40대","서울특별시","서초구","방배동","중국집","43"
"20180129","월","남","40대","서울특별시","서초구","양재동","중국집","49"
"20180129","월","남","50대","서울특별시","서초구","반포동","중국집","5"
"20180129","월","남","10대","서울특별시","서초구","양재동","중국집","10"
"20180129","월","남","50대","서울특별시","서초구","방배동","중국집","30"
"20180129","월","남","50대","서울특별시","서초구","서초동","중국집","7"
"20180129","월","남","60대이상","서울특별시","서초구","반포동","중국집","6"
"20180129","월","남","60대이상","서울특별시","서초구","방배동","중국집","32"
"20180129","월","남","30대","서울특별시","서초구","내곡동","중국집","5"
"20180129","월","남","60대이상","서울특별시","서초구","서초동","중국집","6"
"20180129","월","여","10대","서울특별시","서초구","반포동","중국집","5"
"20180129","월","여","10대","서울특별시","서초구","방배동","중국집","5"
"20180129","월","남","30대","서울특별시","서초구","서초동","중국집","14"
"20180129","월","여","10대","서울특별시","서초구","양재동","중국집","5"
"20180129","월","여","20대","서울특별시","서초구","반포동","중국집","5"
"20180129","월","여","20대","서울특별시","서초구","잠원동","중국집","5"
"20180129","월","여","30대","서울특별시","서초구","반포동","중국집","5"
"20180129","월","여","30대","서울특별시","서초구","서초동","중국집","6"
"20180129","월","여","30대","서울특별시","서초구","양재동","중국집","24"
"20180129","월","여","30대","서울특별시","서초구","방배동","중국집","35"
"20180129","월","여","40대","서울특별시","서초구","반포동","중국집","20"
"20180129","월","남","50대","서울특별시","서초구","양재동","중국집","16"
"20180129","월","여","20대","서울특별시","서초구","서초동","중국집","11"
"20180129","월","여","30대","서울특별시","서초구","내곡동","중국집","5"
"20180129","월","여","40대","서울특별시","서초구","방배동","중국집","64"
"20180129","월","여","40대","서울특별시","서초구","양재동","중국집","27"
"20180129","월","남","10대","서울특별시","서초구","반포동","중국집","5"
"20180129","월","여","40대","서울특별시","서초구","잠원동","중국집","5"
"20180129","월","여","50대","서울특별시","서초구","반포동","중국집","5"
"20180129","월","남","50대","서울특별시","서초구","내곡동","중국집","5"
"20180129","월","여","20대","서울특별시","서초구","양재동","중국집","13"
"20180129","월","여","50대","서울특별시","서초구","방배동","중국집","33"
"20180129","월","남","60대이상","서울특별시","서초구","양재동","중국집","17"
"20180129","월","여","50대","서울특별시","서초구","서초동","중국집","8"
"20180129","월","남","20대","서울특별시","서초구","반포동","중국집","5"
"20180129","월","여","50대","서울특별시","서초구","양재동","중국집","21"
"20180129","월","남","20대","서울특별시","서초구","방배동","중국집","26"
"20180129","월","여","60대이상","서울특별시","서초구","반포동","중국집","5"
"20180129","월","여","60대이상","서울특별시","서초구","방배동","중국집","20"
"20180129","월","여","40대","서울특별시","서초구","서초동","중국집","5"
"20180129","월","여","20대","서울특별시","서초구","방배동","중국집","21"
"20180129","월","남","10대","서울특별시","서초구","방배동","중국집","6"
"20180129","월","여","60대이상","서울특별시","서초구","서초동","중국집","5"
"20180129","월","남","40대","서울특별시","서초구","서초동","중국집","10"
"20180129","월","여","60대이상","서울특별시","서초구","양재동","중국집","8"
"20180129","월","남","10대","서울특별시","성동구","성수동2가","중국집","18"
"20180129","월","남","20대","서울특별시","성동구","성수동2가","중국집","46"
"20180129","월","남","20대","서울특별시","성동구","옥수동","중국집","8"
"20180129","월","남","30대","서울특별시","성동구","성수동2가","중국집","75"
"20180129","월","남","30대","서울특별시","성동구","옥수동","중국집","6"
"20180129","월","남","40대","서울특별시","성동구","옥수동","중국집","18"
"20180129","월","남","50대","서울특별시","성동구","옥수동","중국집","13"
"20180129","월","남","60대이상","서울특별시","성동구","성수동2가","중국집","31"
"20180129","월","남","60대이상","서울특별시","성동구","옥수동","중국집","14"
"20180129","월","여","10대","서울특별시","성동구","성수동2가","중국집","5"
"20180129","월","여","20대","서울특별시","성동구","성수동2가","중국집","20"
"20180129","월","여","20대","서울특별시","성동구","옥수동","중국집","6"
"20180129","월","여","30대","서울특별시","성동구","성수동2가","중국집","47"
"20180129","월","여","30대","서울특별시","성동구","옥수동","중국집","5"
"20180129","월","여","40대","서울특별시","성동구","성수동2가","중국집","73"
"20180129","월","여","40대","서울특별시","성동구","옥수동","중국집","10"
"20180129","월","여","50대","서울특별시","성동구","성수동2가","중국집","48"
"20180129","월","남","40대","서울특별시","성동구","성수동2가","중국집","74"
"20180129","월","여","50대","서울특별시","성동구","옥수동","중국집","6"
"20180129","월","여","60대이상","서울특별시","성동구","성수동2가","중국집","34"
"20180129","월","여","60대이상","서울특별시","성동구","옥수동","중국집","5"
"20180129","월","남","50대","서울특별시","성동구","성수동2가","중국집","61"
"20180129","월","남","10대","서울특별시","성북구","동선동2가","중국집","5"
"20180129","월","남","10대","서울특별시","성북구","정릉동","중국집","5"
"20180129","월","남","20대","서울특별시","성북구","동선동2가","중국집","31"
"20180129","월","남","10대","서울특별시","성북구","종암동","중국집","5"
"20180129","월","남","20대","서울특별시","성북구","종암동","중국집","5"
"20180129","월","남","30대","서울특별시","성북구","삼선동5가","중국집","5"
"20180129","월","남","30대","서울특별시","성북구","정릉동","중국집","5"
"20180129","월","남","30대","서울특별시","성북구","하월곡동","중국집","5"
"20180129","월","남","20대","서울특별시","성북구","정릉동","중국집","5"
"20180129","월","남","40대","서울특별시","성북구","길음동","중국집","5"
"20180129","월","남","40대","서울특별시","성북구","동선동3가","중국집","5"
"20180129","월","남","40대","서울특별시","성북구","삼선동5가","중국집","5"
"20180129","월","남","50대","서울특별시","성북구","삼선동5가","중국집","5"
"20180129","월","남","50대","서울특별시","성북구","성북동","중국집","5"
"20180129","월","남","50대","서울특별시","성북구","정릉동","중국집","5"
"20180129","월","남","60대이상","서울특별시","성북구","삼선동5가","중국집","5"
"20180129","월","남","60대이상","서울특별시","성북구","성북동","중국집","5"
"20180129","월","남","50대","서울특별시","성북구","하월곡동","중국집","5"
"20180129","월","남","60대이상","서울특별시","성북구","정릉동","중국집","5"
"20180129","월","여","10대","서울특별시","성북구","동선동2가","중국집","5"
"20180129","월","여","20대","서울특별시","성북구","삼선동5가","중국집","5"
"20180129","월","여","20대","서울특별시","성북구","하월곡동","중국집","5"
"20180129","월","여","30대","서울특별시","성북구","동선동2가","중국집","35"
"20180129","월","여","30대","서울특별시","성북구","삼선동5가","중국집","5"
"20180129","월","남","30대","서울특별시","성북구","동선동2가","중국집","49"
"20180129","월","여","30대","서울특별시","성북구","성북동","중국집","5"
"20180129","월","남","40대","서울특별시","성북구","하월곡동","중국집","5"
"20180129","월","여","30대","서울특별시","성북구","정릉동","중국집","5"
"20180129","월","여","30대","서울특별시","성북구","종암동","중국집","5"
"20180129","월","여","40대","서울특별시","성북구","길음동","중국집","5"
"20180129","월","여","40대","서울특별시","성북구","동선동2가","중국집","41"
"20180129","월","여","10대","서울특별시","성북구","길음동","중국집","5"
"20180129","월","여","40대","서울특별시","성북구","삼선동5가","중국집","5"
"20180129","월","남","40대","서울특별시","성북구","종암동","중국집","5"
"20180129","월","남","40대","서울특별시","성북구","동선동2가","중국집","59"
"20180129","월","여","40대","서울특별시","성북구","성북동","중국집","5"
"20180129","월","여","40대","서울특별시","성북구","정릉동","중국집","5"
"20180129","월","여","40대","서울특별시","성북구","종암동","중국집","5"
"20180129","월","여","40대","서울특별시","성북구","하월곡동","중국집","5"
"20180129","월","여","50대","서울특별시","성북구","동선동2가","중국집","33"
"20180129","월","남","60대이상","서울특별시","성북구","동선동2가","중국집","15"
"20180129","월","여","50대","서울특별시","성북구","종암동","중국집","5"
"20180129","월","여","50대","서울특별시","성북구","하월곡동","중국집","5"
"20180129","월","여","60대이상","서울특별시","성북구","동선동2가","중국집","24"
"20180129","월","남","40대","서울특별시","성북구","정릉동","중국집","5"
"20180129","월","남","50대","서울특별시","성북구","동선동2가","중국집","55"
"20180129","월","여","60대이상","서울특별시","성북구","동선동3가","중국집","5"
"20180129","월","여","20대","서울특별시","성북구","동선동2가","중국집","15"
"20180129","월","여","60대이상","서울특별시","성북구","삼선동5가","중국집","5"
"20180129","월","남","20대","서울특별시","성북구","길음동","중국집","5"
"20180129","월","여","50대","서울특별시","성북구","삼선동5가","중국집","5"
"20180129","월","여","60대이상","서울특별시","성북구","정릉동","중국집","5"
"20180129","월","여","30대","서울특별시","성북구","하월곡동","중국집","5"
"20180129","월","여","60대이상","서울특별시","성북구","종암동","중국집","5"
"20180129","월","여","60대이상","서울특별시","성북구","하월곡동","중국집","5"
"20180129","월","남","10대","서울특별시","송파구","가락동","중국집","5"
"20180129","월","남","20대","서울특별시","송파구","가락동","중국집","5"
"20180129","월","남","20대","서울특별시","송파구","풍납동","중국집","5"
"20180129","월","남","30대","서울특별시","송파구","송파동","중국집","80"
"20180129","월","남","20대","서울특별시","송파구","송파동","중국집","45"
"20180129","월","남","30대","서울특별시","송파구","풍납동","중국집","5"
"20180129","월","남","40대","서울특별시","송파구","가락동","중국집","10"
"20180129","월","남","50대","서울특별시","송파구","가락동","중국집","13"
"20180129","월","남","50대","서울특별시","송파구","송파동","중국집","51"
"20180129","월","남","50대","서울특별시","송파구","잠실동","중국집","5"
"20180129","월","남","60대이상","서울특별시","송파구","가락동","중국집","5"
"20180129","월","여","10대","서울특별시","송파구","가락동","중국집","5"
"20180129","월","여","10대","서울특별시","송파구","송파동","중국집","5"
"20180129","월","여","20대","서울특별시","송파구","방이동","중국집","5"
"20180129","월","여","20대","서울특별시","송파구","송파동","중국집","24"
"20180129","월","남","40대","서울특별시","송파구","송파동","중국집","76"
"20180129","월","여","20대","서울특별시","송파구","풍납동","중국집","5"
"20180129","월","남","60대이상","서울특별시","송파구","송파동","중국집","33"
"20180129","월","여","30대","서울특별시","송파구","송파동","중국집","44"
"20180129","월","여","20대","서울특별시","송파구","가락동","중국집","5"
"20180129","월","여","40대","서울특별시","송파구","가락동","중국집","17"
"20180129","월","여","40대","서울특별시","송파구","송파동","중국집","75"
"20180129","월","여","40대","서울특별시","송파구","신천동","중국집","5"
"20180129","월","남","40대","서울특별시","송파구","마천동","중국집","5"
"20180129","월","여","40대","서울특별시","송파구","풍납동","중국집","5"
"20180129","월","남","10대","서울특별시","송파구","송파동","중국집","15"
"20180129","월","남","60대이상","서울특별시","송파구","풍납동","중국집","5"
"20180129","월","여","50대","서울특별시","송파구","가락동","중국집","5"
"20180129","월","여","50대","서울특별시","송파구","방이동","중국집","5"
"20180129","월","여","40대","서울특별시","송파구","마천동","중국집","5"
"20180129","월","여","50대","서울특별시","송파구","송파동","중국집","42"
"20180129","월","여","60대이상","서울특별시","송파구","가락동","중국집","8"
"20180129","월","여","60대이상","서울특별시","송파구","송파동","중국집","38"
"20180129","월","여","30대","서울특별시","송파구","가락동","중국집","12"
"20180129","월","여","30대","서울특별시","송파구","신천동","중국집","5"
"20180129","월","남","30대","서울특별시","송파구","가락동","중국집","17"
"20180129","월","여","60대이상","서울특별시","송파구","풍납동","중국집","5"
"20180129","월","남","10대","서울특별시","양천구","신월동","중국집","5"
"20180129","월","남","10대","서울특별시","양천구","신정동","중국집","5"
"20180129","월","남","20대","서울특별시","양천구","신정동","중국집","11"
"20180129","월","남","30대","서울특별시","양천구","목동","중국집","5"
"20180129","월","남","30대","서울특별시","양천구","신정동","중국집","6"
"20180129","월","남","40대","서울특별시","양천구","목동","중국집","5"
"20180129","월","남","40대","서울특별시","양천구","신정동","중국집","12"
"20180129","월","남","50대","서울특별시","양천구","신월동","중국집","5"
"20180129","월","남","50대","서울특별시","양천구","신정동","중국집","10"
"20180129","월","남","40대","서울특별시","양천구","신월동","중국집","5"
"20180129","월","남","60대이상","서울특별시","양천구","신월동","중국집","5"
"20180129","월","남","60대이상","서울특별시","양천구","신정동","중국집","5"
"20180129","월","여","10대","서울특별시","양천구","신월동","중국집","5"
"20180129","월","여","10대","서울특별시","양천구","신정동","중국집","5"
"20180129","월","여","20대","서울특별시","양천구","신월동","중국집","5"
"20180129","월","여","20대","서울특별시","양천구","신정동","중국집","8"
"20180129","월","여","30대","서울특별시","양천구","신월동","중국집","5"
"20180129","월","남","20대","서울특별시","양천구","목동","중국집","5"
"20180129","월","여","40대","서울특별시","양천구","목동","중국집","7"
"20180129","월","여","40대","서울특별시","양천구","신월동","중국집","5"
"20180129","월","여","40대","서울특별시","양천구","신정동","중국집","21"
"20180129","월","여","50대","서울특별시","양천구","신월동","중국집","5"
"20180129","월","여","50대","서울특별시","양천구","신정동","중국집","12"
"20180129","월","여","60대이상","서울특별시","양천구","신월동","중국집","5"
"20180129","월","남","20대","서울특별시","양천구","신월동","중국집","5"
"20180129","월","여","60대이상","서울특별시","양천구","신정동","중국집","5"
"20180129","월","여","30대","서울특별시","양천구","신정동","중국집","5"
"20180129","월","남","10대","서울특별시","영등포구","문래동3가","중국집","5"
"20180129","월","남","20대","서울특별시","영등포구","문래동2가","중국집","9"
"20180129","월","남","20대","서울특별시","영등포구","문래동3가","중국집","11"
"20180129","월","남","20대","서울특별시","영등포구","신길동","중국집","5"
"20180129","월","남","20대","서울특별시","영등포구","여의도동","중국집","14"
"20180129","월","남","30대","서울특별시","영등포구","문래동2가","중국집","24"
"20180129","월","남","30대","서울특별시","영등포구","문래동3가","중국집","23"
"20180129","월","남","30대","서울특별시","영등포구","여의도동","중국집","47"
"20180129","월","남","40대","서울특별시","영등포구","대림동","중국집","5"
"20180129","월","남","30대","서울특별시","영등포구","신길동","중국집","5"
"20180129","월","남","40대","서울특별시","영등포구","문래동2가","중국집","28"
"20180129","월","남","40대","서울특별시","영등포구","문래동3가","중국집","24"
"20180129","월","남","40대","서울특별시","영등포구","여의도동","중국집","31"
"20180129","월","남","40대","서울특별시","영등포구","영등포동1가","중국집","5"
"20180129","월","남","50대","서울특별시","영등포구","문래동2가","중국집","16"
"20180129","월","남","20대","서울특별시","영등포구","영등포동7가","중국집","5"
"20180129","월","남","50대","서울특별시","영등포구","문래동3가","중국집","25"
"20180129","월","남","60대이상","서울특별시","영등포구","대림동","중국집","5"
"20180129","월","남","60대이상","서울특별시","영등포구","문래동2가","중국집","5"
"20180129","월","남","60대이상","서울특별시","영등포구","문래동3가","중국집","14"
"20180129","월","여","20대","서울특별시","영등포구","당산동6가","중국집","5"
"20180129","월","여","20대","서울특별시","영등포구","문래동2가","중국집","5"
"20180129","월","남","50대","서울특별시","영등포구","여의도동","중국집","26"
"20180129","월","여","20대","서울특별시","영등포구","문래동3가","중국집","9"
"20180129","월","여","20대","서울특별시","영등포구","영등포동1가","중국집","5"
"20180129","월","여","30대","서울특별시","영등포구","대림동","중국집","5"
"20180129","월","여","30대","서울특별시","영등포구","신길동","중국집","5"
"20180129","월","여","30대","서울특별시","영등포구","여의도동","중국집","19"
"20180129","월","남","60대이상","서울특별시","영등포구","여의도동","중국집","13"
"20180129","월","여","40대","서울특별시","영등포구","대림동","중국집","5"
"20180129","월","여","40대","서울특별시","영등포구","당산동6가","중국집","5"
"20180129","월","남","10대","서울특별시","영등포구","신길동","중국집","5"
"20180129","월","여","40대","서울특별시","영등포구","문래동2가","중국집","16"
"20180129","월","여","40대","서울특별시","영등포구","신길동","중국집","5"
"20180129","월","여","40대","서울특별시","영등포구","여의도동","중국집","15"
"20180129","월","남","20대","서울특별시","영등포구","대림동","중국집","5"
"20180129","월","여","40대","서울특별시","영등포구","영등포동1가","중국집","5"
"20180129","월","여","50대","서울특별시","영등포구","대림동","중국집","5"
"20180129","월","남","40대","서울특별시","영등포구","당산동6가","중국집","5"
"20180129","월","여","30대","서울특별시","영등포구","문래동2가","중국집","12"
"20180129","월","여","50대","서울특별시","영등포구","문래동2가","중국집","10"
"20180129","월","남","50대","서울특별시","영등포구","대림동","중국집","5"
"20180129","월","여","50대","서울특별시","영등포구","문래동3가","중국집","10"
"20180129","월","남","10대","서울특별시","영등포구","문래동2가","중국집","5"
"20180129","월","여","40대","서울특별시","영등포구","문래동3가","중국집","9"
"20180129","월","남","50대","서울특별시","영등포구","영등포동1가","중국집","5"
"20180129","월","여","50대","서울특별시","영등포구","신길동","중국집","5"
"20180129","월","여","50대","서울특별시","영등포구","여의도동","중국집","8"
"20180129","월","남","30대","서울특별시","영등포구","영등포동1가","중국집","5"
"20180129","월","여","60대이상","서울특별시","영등포구","대림동","중국집","5"
"20180129","월","여","60대이상","서울특별시","영등포구","문래동2가","중국집","8"
"20180129","월","여","60대이상","서울특별시","영등포구","문래동3가","중국집","6"
"20180129","월","여","30대","서울특별시","영등포구","문래동3가","중국집","10"
"20180129","월","여","60대이상","서울특별시","영등포구","신길동","중국집","5"
"20180129","월","여","30대","서울특별시","영등포구","당산동6가","중국집","5"
"20180129","월","여","30대","서울특별시","영등포구","영등포동1가","중국집","5"
"20180129","월","여","50대","서울특별시","영등포구","영등포동1가","중국집","5"
"20180129","월","여","60대이상","서울특별시","영등포구","여의도동","중국집","14"
"20180129","월","여","60대이상","서울특별시","영등포구","영등포동1가","중국집","5"
"20180129","월","여","60대이상","서울특별시","영등포구","영등포동7가","중국집","5"
"20180129","월","여","20대","서울특별시","영등포구","여의도동","중국집","11"
"20180129","월","남","20대","서울특별시","용산구","동자동","중국집","5"
"20180129","월","남","20대","서울특별시","용산구","신계동","중국집","5"
"20180129","월","남","20대","서울특별시","용산구","원효로4가","중국집","5"
"20180129","월","남","20대","서울특별시","용산구","이태원동","중국집","5"
"20180129","월","남","30대","서울특별시","용산구","이태원동","중국집","5"
"20180129","월","남","30대","서울특별시","용산구","한강로3가","중국집","34"
"20180129","월","남","40대","서울특별시","용산구","동자동","중국집","5"
"20180129","월","남","40대","서울특별시","용산구","보광동","중국집","5"
"20180129","월","남","40대","서울특별시","용산구","한강로3가","중국집","31"
"20180129","월","남","40대","서울특별시","용산구","한남동","중국집","5"
"20180129","월","남","40대","서울특별시","용산구","후암동","중국집","35"
"20180129","월","남","50대","서울특별시","용산구","도원동","중국집","5"
"20180129","월","남","40대","서울특별시","용산구","신계동","중국집","5"
"20180129","월","남","50대","서울특별시","용산구","보광동","중국집","5"
"20180129","월","남","60대이상","서울특별시","용산구","도원동","중국집","5"
"20180129","월","남","60대이상","서울특별시","용산구","동자동","중국집","5"
"20180129","월","남","20대","서울특별시","용산구","보광동","중국집","5"
"20180129","월","남","60대이상","서울특별시","용산구","이촌동","중국집","5"
"20180129","월","남","20대","서울특별시","용산구","한강로3가","중국집","15"
"20180129","월","남","60대이상","서울특별시","용산구","한남동","중국집","5"
"20180129","월","남","50대","서울특별시","용산구","신계동","중국집","5"
"20180129","월","남","50대","서울특별시","용산구","후암동","중국집","32"
"20180129","월","남","60대이상","서울특별시","용산구","후암동","중국집","19"
"20180129","월","남","30대","서울특별시","용산구","한남동","중국집","6"
"20180129","월","여","10대","서울특별시","용산구","후암동","중국집","5"
"20180129","월","여","20대","서울특별시","용산구","동자동","중국집","5"
"20180129","월","여","20대","서울특별시","용산구","원효로4가","중국집","5"
"20180129","월","여","20대","서울특별시","용산구","이태원동","중국집","5"
"20180129","월","남","30대","서울특별시","용산구","도원동","중국집","5"
"20180129","월","여","30대","서울특별시","용산구","도원동","중국집","5"
"20180129","월","남","60대이상","서울특별시","용산구","한강로3가","중국집","19"
"20180129","월","여","30대","서울특별시","용산구","동자동","중국집","5"
"20180129","월","여","20대","서울특별시","용산구","보광동","중국집","5"
"20180129","월","여","30대","서울특별시","용산구","보광동","중국집","6"
"20180129","월","남","30대","서울특별시","용산구","후암동","중국집","27"
"20180129","월","여","20대","서울특별시","용산구","도원동","중국집","5"
"20180129","월","남","30대","서울특별시","용산구","보광동","중국집","5"
"20180129","월","남","10대","서울특별시","용산구","후암동","중국집","5"
"20180129","월","남","60대이상","서울특별시","용산구","보광동","중국집","6"
"20180129","월","여","30대","서울특별시","용산구","신계동","중국집","5"
"20180129","월","여","10대","서울특별시","용산구","한강로3가","중국집","5"
"20180129","월","여","20대","서울특별시","용산구","한남동","중국집","5"
"20180129","월","여","30대","서울특별시","용산구","원효로4가","중국집","5"
"20180129","월","남","50대","서울특별시","용산구","동자동","중국집","5"
"20180129","월","여","30대","서울특별시","용산구","한강로3가","중국집","32"
"20180129","월","여","30대","서울특별시","용산구","후암동","중국집","19"
"20180129","월","여","40대","서울특별시","용산구","동자동","중국집","5"
"20180129","월","남","30대","서울특별시","용산구","원효로4가","중국집","5"
"20180129","월","여","40대","서울특별시","용산구","보광동","중국집","5"
"20180129","월","남","60대이상","서울특별시","용산구","신계동","중국집","5"
"20180129","월","여","40대","서울특별시","용산구","신계동","중국집","5"
"20180129","월","남","40대","서울특별시","용산구","도원동","중국집","5"
"20180129","월","여","20대","서울특별시","용산구","이촌동","중국집","5"
"20180129","월","여","40대","서울특별시","용산구","이촌동","중국집","7"
"20180129","월","남","40대","서울특별시","용산구","이촌동","중국집","5"
"20180129","월","여","40대","서울특별시","용산구","이태원동","중국집","5"
"20180129","월","남","30대","서울특별시","용산구","신계동","중국집","5"
"20180129","월","여","40대","서울특별시","용산구","한강로3가","중국집","38"
"20180129","월","여","40대","서울특별시","용산구","후암동","중국집","18"
"20180129","월","남","50대","서울특별시","용산구","한강로3가","중국집","22"
"20180129","월","여","50대","서울특별시","용산구","보광동","중국집","5"
"20180129","월","여","50대","서울특별시","용산구","이촌동","중국집","5"
"20180129","월","여","50대","서울특별시","용산구","후암동","중국집","10"
"20180129","월","여","30대","서울특별시","용산구","이태원동","중국집","5"
"20180129","월","남","20대","서울특별시","용산구","후암동","중국집","6"
"20180129","월","여","50대","서울특별시","용산구","한강로3가","중국집","11"
"20180129","월","여","30대","서울특별시","용산구","이촌동","중국집","5"
"20180129","월","여","60대이상","서울특별시","용산구","보광동","중국집","5"
"20180129","월","남","20대","서울특별시","용산구","한남동","중국집","5"
"20180129","월","여","20대","서울특별시","용산구","한강로3가","중국집","8"
"20180129","월","여","60대이상","서울특별시","용산구","신계동","중국집","5"
"20180129","월","남","30대","서울특별시","용산구","동자동","중국집","5"
"20180129","월","여","60대이상","서울특별시","용산구","원효로4가","중국집","5"
"20180129","월","남","30대","서울특별시","용산구","이촌동","중국집","5"
"20180129","월","여","20대","서울특별시","용산구","후암동","중국집","9"
"20180129","월","여","60대이상","서울특별시","용산구","한강로3가","중국집","9"
"20180129","월","여","60대이상","서울특별시","용산구","후암동","중국집","6"
"20180129","월","남","10대","서울특별시","은평구","수색동","중국집","5"
"20180129","월","남","20대","서울특별시","은평구","구산동","중국집","5"
"20180129","월","남","20대","서울특별시","은평구","증산동","중국집","5"
"20180129","월","남","30대","서울특별시","은평구","증산동","중국집","5"
"20180129","월","남","20대","서울특별시","은평구","불광동","중국집","24"
"20180129","월","남","40대","서울특별시","은평구","구산동","중국집","5"
"20180129","월","남","40대","서울특별시","은평구","증산동","중국집","5"
"20180129","월","남","40대","서울특별시","은평구","진관동","중국집","5"
"20180129","월","남","50대","서울특별시","은평구","구산동","중국집","5"
"20180129","월","남","50대","서울특별시","은평구","불광동","중국집","18"
"20180129","월","남","60대이상","서울특별시","은평구","불광동","중국집","21"
"20180129","월","남","60대이상","서울특별시","은평구","수색동","중국집","5"
"20180129","월","남","20대","서울특별시","은평구","수색동","중국집","5"
"20180129","월","여","10대","서울특별시","은평구","불광동","중국집","5"
"20180129","월","남","30대","서울특별시","은평구","구산동","중국집","5"
"20180129","월","여","20대","서울특별시","은평구","구산동","중국집","5"
"20180129","월","남","30대","서울특별시","은평구","불광동","중국집","30"
"20180129","월","여","20대","서울특별시","은평구","불광동","중국집","7"
"20180129","월","여","20대","서울특별시","은평구","수색동","중국집","5"
"20180129","월","남","50대","서울특별시","은평구","증산동","중국집","5"
"20180129","월","남","40대","서울특별시","은평구","불광동","중국집","24"
"20180129","월","여","30대","서울특별시","은평구","구산동","중국집","5"
"20180129","월","여","30대","서울특별시","은평구","불광동","중국집","23"
"20180129","월","여","30대","서울특별시","은평구","증산동","중국집","5"
"20180129","월","여","40대","서울특별시","은평구","구산동","중국집","5"
"20180129","월","여","40대","서울특별시","은평구","대조동","중국집","5"
"20180129","월","여","40대","서울특별시","은평구","불광동","중국집","46"
"20180129","월","여","50대","서울특별시","은평구","불광동","중국집","25"
"20180129","월","여","50대","서울특별시","은평구","증산동","중국집","5"
"20180129","월","여","60대이상","서울특별시","은평구","불광동","중국집","9"
"20180129","월","남","10대","서울특별시","은평구","불광동","중국집","10"
"20180129","월","여","60대이상","서울특별시","은평구","수색동","중국집","5"
"20180129","월","남","10대","서울특별시","종로구","숭인동","중국집","5"
"20180129","월","남","20대","서울특별시","종로구","관수동","중국집","5"
"20180129","월","남","20대","서울특별시","종로구","경운동","중국집","5"
"20180129","월","남","20대","서울특별시","종로구","명륜1가","중국집","5"
"20180129","월","남","20대","서울특별시","종로구","숭인동","중국집","5"
"20180129","월","남","20대","서울특별시","종로구","평창동","중국집","6"
"20180129","월","남","20대","서울특별시","종로구","신문로2가","중국집","5"
"20180129","월","남","30대","서울특별시","종로구","교남동","중국집","5"
"20180129","월","남","30대","서울특별시","종로구","낙원동","중국집","5"
"20180129","월","남","30대","서울특별시","종로구","안국동","중국집","5"
"20180129","월","남","30대","서울특별시","종로구","창성동","중국집","5"
"20180129","월","남","30대","서울특별시","종로구","원서동","중국집","5"
"20180129","월","남","30대","서울특별시","종로구","청진동","중국집","5"
"20180129","월","남","30대","서울특별시","종로구","경운동","중국집","5"
"20180129","월","남","20대","서울특별시","종로구","원서동","중국집","5"
"20180129","월","남","30대","서울특별시","종로구","평창동","중국집","5"
"20180129","월","남","20대","서울특별시","종로구","낙원동","중국집","5"
"20180129","월","남","40대","서울특별시","종로구","교남동","중국집","5"
"20180129","월","남","40대","서울특별시","종로구","숭인동","중국집","5"
"20180129","월","남","40대","서울특별시","종로구","원서동","중국집","5"
"20180129","월","남","40대","서울특별시","종로구","평창동","중국집","5"
"20180129","월","남","50대","서울특별시","종로구","경운동","중국집","5"
"20180129","월","남","40대","서울특별시","종로구","창성동","중국집","5"
"20180129","월","남","50대","서울특별시","종로구","관수동","중국집","5"
"20180129","월","남","50대","서울특별시","종로구","숭인동","중국집","5"
"20180129","월","남","50대","서울특별시","종로구","신문로2가","중국집","5"
"20180129","월","남","60대이상","서울특별시","종로구","신문로2가","중국집","5"
"20180129","월","남","60대이상","서울특별시","종로구","옥인동","중국집","5"
"20180129","월","남","60대이상","서울특별시","종로구","원서동","중국집","5"
"20180129","월","남","40대","서울특별시","종로구","신문로2가","중국집","5"
"20180129","월","남","50대","서울특별시","종로구","동숭동","중국집","5"
"20180129","월","여","10대","서울특별시","종로구","교남동","중국집","5"
"20180129","월","여","20대","서울특별시","종로구","경운동","중국집","5"
"20180129","월","여","20대","서울특별시","종로구","관수동","중국집","5"
"20180129","월","남","50대","서울특별시","종로구","낙원동","중국집","5"
"20180129","월","여","20대","서울특별시","종로구","낙원동","중국집","5"
"20180129","월","여","20대","서울특별시","종로구","숭인동","중국집","5"
"20180129","월","여","20대","서울특별시","종로구","신문로2가","중국집","5"
"20180129","월","여","20대","서울특별시","종로구","원서동","중국집","5"
"20180129","월","남","30대","서울특별시","종로구","관수동","중국집","5"
"20180129","월","남","40대","서울특별시","종로구","창신동","중국집","5"
"20180129","월","여","20대","서울특별시","종로구","종로6가","중국집","5"
"20180129","월","여","30대","서울특별시","종로구","경운동","중국집","5"
"20180129","월","여","30대","서울특별시","종로구","교남동","중국집","5"
"20180129","월","남","40대","서울특별시","종로구","낙원동","중국집","5"
"20180129","월","여","30대","서울특별시","종로구","명륜1가","중국집","5"
"20180129","월","여","30대","서울특별시","종로구","서린동","중국집","5"
"20180129","월","남","30대","서울특별시","종로구","신문로2가","중국집","5"
"20180129","월","남","10대","서울특별시","종로구","명륜1가","중국집","5"
"20180129","월","여","30대","서울특별시","종로구","숭인동","중국집","5"
"20180129","월","남","50대","서울특별시","종로구","종로6가","중국집","5"
"20180129","월","여","30대","서울특별시","종로구","신문로2가","중국집","5"
"20180129","월","남","30대","서울특별시","종로구","종로6가","중국집","5"
"20180129","월","여","30대","서울특별시","종로구","원서동","중국집","5"
"20180129","월","남","40대","서울특별시","종로구","종로6가","중국집","5"
"20180129","월","여","30대","서울특별시","종로구","창신동","중국집","5"
"20180129","월","여","30대","서울특별시","종로구","평창동","중국집","5"
"20180129","월","여","40대","서울특별시","종로구","경운동","중국집","5"
"20180129","월","여","20대","서울특별시","종로구","동숭동","중국집","5"
"20180129","월","여","40대","서울특별시","종로구","관수동","중국집","5"
"20180129","월","남","50대","서울특별시","종로구","평창동","중국집","5"
"20180129","월","남","30대","서울특별시","종로구","명륜1가","중국집","5"
"20180129","월","여","40대","서울특별시","종로구","동숭동","중국집","5"
"20180129","월","남","20대","서울특별시","종로구","교남동","중국집","5"
"20180129","월","남","10대","서울특별시","종로구","교남동","중국집","5"
"20180129","월","여","40대","서울특별시","종로구","숭인동","중국집","5"
"20180129","월","여","40대","서울특별시","종로구","신문로2가","중국집","5"
"20180129","월","남","60대이상","서울특별시","종로구","명륜1가","중국집","5"
"20180129","월","여","40대","서울특별시","종로구","평창동","중국집","5"
"20180129","월","여","50대","서울특별시","종로구","관수동","중국집","5"
"20180129","월","여","50대","서울특별시","종로구","신문로2가","중국집","5"
"20180129","월","남","60대이상","서울특별시","종로구","종로6가","중국집","5"
"20180129","월","여","60대이상","서울특별시","종로구","동숭동","중국집","5"
"20180129","월","여","60대이상","서울특별시","종로구","평창동","중국집","5"
"20180129","월","여","50대","서울특별시","종로구","동숭동","중국집","5"
"20180129","월","남","60대이상","서울특별시","종로구","동숭동","중국집","5"
"20180129","월","남","30대","서울특별시","종로구","동숭동","중국집","5"
"20180129","월","남","50대","서울특별시","종로구","교남동","중국집","5"
"20180129","월","남","30대","서울특별시","종로구","숭인동","중국집","5"
"20180129","월","남","10대","서울특별시","중구","수하동","중국집","9"
"20180129","월","남","10대","서울특별시","중구","신당동","중국집","6"
"20180129","월","남","20대","서울특별시","중구","명동1가","중국집","5"
"20180129","월","남","20대","서울특별시","중구","을지로6가","중국집","5"
"20180129","월","남","30대","서울특별시","중구","명동1가","중국집","5"
"20180129","월","남","30대","서울특별시","중구","수하동","중국집","76"
"20180129","월","남","30대","서울특별시","중구","을지로3가","중국집","5"
"20180129","월","남","20대","서울특별시","중구","신당동","중국집","26"
"20180129","월","남","30대","서울특별시","중구","을지로6가","중국집","6"
"20180129","월","남","40대","서울특별시","중구","수하동","중국집","66"
"20180129","월","남","40대","서울특별시","중구","신당동","중국집","44"
"20180129","월","남","40대","서울특별시","중구","을지로3가","중국집","5"
"20180129","월","남","40대","서울특별시","중구","을지로6가","중국집","5"
"20180129","월","남","40대","서울특별시","중구","충무로1가","중국집","5"
"20180129","월","남","40대","서울특별시","중구","필동2가","중국집","5"
"20180129","월","남","50대","서울특별시","중구","수하동","중국집","65"
"20180129","월","남","20대","서울특별시","중구","주교동","중국집","5"
"20180129","월","남","50대","서울특별시","중구","신당동","중국집","35"
"20180129","월","남","50대","서울특별시","중구","을지로3가","중국집","5"
"20180129","월","남","50대","서울특별시","중구","필동2가","중국집","5"
"20180129","월","남","50대","서울특별시","중구","회현동1가","중국집","5"
"20180129","월","남","60대이상","서울특별시","중구","수하동","중국집","26"
"20180129","월","남","60대이상","서울특별시","중구","을지로6가","중국집","5"
"20180129","월","남","60대이상","서울특별시","중구","충무로1가","중국집","5"
"20180129","월","남","50대","서울특별시","중구","정동","중국집","5"
"20180129","월","여","10대","서울특별시","중구","신당동","중국집","5"
"20180129","월","여","20대","서울특별시","중구","수하동","중국집","15"
"20180129","월","여","20대","서울특별시","중구","을지로6가","중국집","5"
"20180129","월","남","20대","서울특별시","중구","수하동","중국집","27"
"20180129","월","여","20대","서울특별시","중구","정동","중국집","5"
"20180129","월","남","30대","서울특별시","중구","무교동","중국집","5"
"20180129","월","여","30대","서울특별시","중구","수하동","중국집","30"
"20180129","월","남","30대","서울특별시","중구","충무로1가","중국집","5"
"20180129","월","여","30대","서울특별시","중구","신당동","중국집","26"
"20180129","월","여","20대","서울특별시","중구","신당동","중국집","23"
"20180129","월","여","30대","서울특별시","중구","을지로3가","중국집","5"
"20180129","월","여","30대","서울특별시","중구","을지로6가","중국집","5"
"20180129","월","여","30대","서울특별시","중구","충무로1가","중국집","5"
"20180129","월","여","20대","서울특별시","중구","수표동","중국집","5"
"20180129","월","여","20대","서울특별시","중구","충무로1가","중국집","5"
"20180129","월","남","50대","서울특별시","중구","을지로1가","중국집","5"
"20180129","월","여","40대","서울특별시","중구","명동1가","중국집","5"
"20180129","월","남","60대이상","서울특별시","중구","신당동","중국집","38"
"20180129","월","여","30대","서울특별시","중구","무교동","중국집","5"
"20180129","월","여","40대","서울특별시","중구","수하동","중국집","34"
"20180129","월","여","40대","서울특별시","중구","신당동","중국집","38"
"20180129","월","남","40대","서울특별시","중구","을지로1가","중국집","5"
"20180129","월","여","40대","서울특별시","중구","을지로6가","중국집","5"
"20180129","월","여","40대","서울특별시","중구","정동","중국집","5"
"20180129","월","여","40대","서울특별시","중구","필동2가","중국집","5"
"20180129","월","여","50대","서울특별시","중구","수하동","중국집","15"
"20180129","월","여","50대","서울특별시","중구","신당동","중국집","34"
"20180129","월","남","30대","서울특별시","중구","신당동","중국집","53"
"20180129","월","여","30대","서울특별시","중구","필동2가","중국집","5"
"20180129","월","여","50대","서울특별시","중구","주교동","중국집","5"
"20180129","월","남","50대","서울특별시","중구","충무로1가","중국집","5"
"20180129","월","남","20대","서울특별시","중구","장충동2가","중국집","5"
"20180129","월","남","40대","서울특별시","중구","서소문동","중국집","5"
"20180129","월","여","60대이상","서울특별시","중구","수하동","중국집","8"
"20180129","월","여","60대이상","서울특별시","중구","신당동","중국집","26"
"20180129","월","여","60대이상","서울특별시","중구","을지로3가","중국집","5"
"20180129","월","남","30대","서울특별시","중구","필동2가","중국집","5"
"20180129","월","여","10대","서울특별시","중구","수하동","중국집","5"
"20180129","월","여","60대이상","서울특별시","중구","정동","중국집","5"
"20180129","월","남","10대","서울특별시","중랑구","망우동","중국집","5"
"20180129","월","남","10대","서울특별시","중랑구","면목동","중국집","6"
"20180129","월","남","10대","서울특별시","중랑구","묵동","중국집","5"
"20180129","월","남","20대","서울특별시","중랑구","면목동","중국집","19"
"20180129","월","남","30대","서울특별시","중랑구","망우동","중국집","5"
"20180129","월","남","30대","서울특별시","중랑구","면목동","중국집","40"
"20180129","월","남","30대","서울특별시","중랑구","신내동","중국집","5"
"20180129","월","남","40대","서울특별시","중랑구","망우동","중국집","5"
"20180129","월","남","40대","서울특별시","중랑구","면목동","중국집","60"
"20180129","월","남","50대","서울특별시","중랑구","면목동","중국집","31"
"20180129","월","남","50대","서울특별시","중랑구","망우동","중국집","5"
"20180129","월","남","40대","서울특별시","중랑구","묵동","중국집","5"
"20180129","월","남","60대이상","서울특별시","중랑구","망우동","중국집","5"
"20180129","월","남","60대이상","서울특별시","중랑구","신내동","중국집","5"
"20180129","월","여","10대","서울특별시","중랑구","면목동","중국집","5"
"20180129","월","여","20대","서울특별시","중랑구","망우동","중국집","5"
"20180129","월","여","30대","서울특별시","중랑구","면목동","중국집","27"
"20180129","월","여","20대","서울특별시","중랑구","면목동","중국집","7"
"20180129","월","여","30대","서울특별시","중랑구","묵동","중국집","5"
"20180129","월","남","60대이상","서울특별시","중랑구","면목동","중국집","19"
"20180129","월","여","30대","서울특별시","중랑구","상봉동","중국집","5"
"20180129","월","남","30대","서울특별시","중랑구","중화동","중국집","5"
"20180129","월","남","30대","서울특별시","중랑구","상봉동","중국집","5"
"20180129","월","남","50대","서울특별시","중랑구","묵동","중국집","5"
"20180129","월","여","30대","서울특별시","중랑구","신내동","중국집","5"
"20180129","월","여","40대","서울특별시","중랑구","망우동","중국집","5"
"20180129","월","여","40대","서울특별시","중랑구","면목동","중국집","44"
"20180129","월","여","40대","서울특별시","중랑구","신내동","중국집","5"
"20180129","월","여","50대","서울특별시","중랑구","망우동","중국집","5"
"20180129","월","여","50대","서울특별시","중랑구","면목동","중국집","28"
"20180129","월","남","20대","서울특별시","중랑구","묵동","중국집","5"
"20180129","월","여","60대이상","서울특별시","중랑구","망우동","중국집","5"
"20180129","월","남","20대","서울특별시","중랑구","신내동","중국집","5"
"20180129","월","여","60대이상","서울특별시","중랑구","면목동","중국집","16"
"20180129","월","남","50대","서울특별시","중랑구","신내동","중국집","5"
"20180129","월","여","60대이상","서울특별시","중랑구","묵동","중국집","5"
"20180129","월","여","60대이상","서울특별시","중랑구","신내동","중국집","5"
"20180129","월","여","50대","서울특별시","중랑구","신내동","중국집","5"
"20180129","월","여","60대이상","서울특별시","중랑구","중화동","중국집","5"
"20180129","월","남","10대","서울특별시","중랑구","신내동","중국집","5"
"20180130","화","남","10대","서울특별시","강남구","개포동","중국집","5"
"20180130","화","남","10대","서울특별시","강남구","역삼동","중국집","5"
"20180130","화","남","20대","서울특별시","강남구","개포동","중국집","5"
"20180130","화","남","20대","서울특별시","강남구","삼성동","중국집","43"
"20180130","화","남","10대","서울특별시","강남구","세곡동","중국집","5"
"20180130","화","남","20대","서울특별시","강남구","압구정동","중국집","5"
"20180130","화","남","20대","서울특별시","강남구","수서동","중국집","5"
"20180130","화","남","20대","서울특별시","강남구","역삼동","중국집","31"
"20180130","화","남","20대","서울특별시","강남구","일원동","중국집","5"
"20180130","화","남","30대","서울특별시","강남구","세곡동","중국집","10"
"20180130","화","남","30대","서울특별시","강남구","압구정동","중국집","5"
"20180130","화","남","10대","서울특별시","강남구","도곡동","중국집","5"
"20180130","화","남","30대","서울특별시","강남구","역삼동","중국집","63"
"20180130","화","남","30대","서울특별시","강남구","일원동","중국집","5"
"20180130","화","남","40대","서울특별시","강남구","대치동","중국집","5"
"20180130","화","남","40대","서울특별시","강남구","도곡동","중국집","5"
"20180130","화","남","40대","서울특별시","강남구","세곡동","중국집","5"
"20180130","화","남","40대","서울특별시","강남구","논현동","중국집","39"
"20180130","화","남","40대","서울특별시","강남구","일원동","중국집","5"
"20180130","화","남","50대","서울특별시","강남구","도곡동","중국집","5"
"20180130","화","남","50대","서울특별시","강남구","세곡동","중국집","5"
"20180130","화","남","60대이상","서울특별시","강남구","논현동","중국집","9"
"20180130","화","남","60대이상","서울특별시","강남구","도곡동","중국집","5"
"20180130","화","남","60대이상","서울특별시","강남구","수서동","중국집","5"
"20180130","화","남","30대","서울특별시","강남구","수서동","중국집","5"
"20180130","화","남","60대이상","서울특별시","강남구","압구정동","중국집","5"
"20180130","화","남","60대이상","서울특별시","강남구","청담동","중국집","5"
"20180130","화","남","20대","서울특별시","강남구","세곡동","중국집","5"
"20180130","화","남","30대","서울특별시","강남구","도곡동","중국집","5"
"20180130","화","여","10대","서울특별시","강남구","논현동","중국집","5"
"20180130","화","여","10대","서울특별시","강남구","도곡동","중국집","5"
"20180130","화","여","10대","서울특별시","강남구","삼성동","중국집","6"
"20180130","화","여","10대","서울특별시","강남구","세곡동","중국집","5"
"20180130","화","여","20대","서울특별시","강남구","역삼동","중국집","24"
"20180130","화","여","10대","서울특별시","강남구","역삼동","중국집","5"
"20180130","화","여","30대","서울특별시","강남구","개포동","중국집","5"
"20180130","화","여","30대","서울특별시","강남구","삼성동","중국집","46"
"20180130","화","남","50대","서울특별시","강남구","개포동","중국집","5"
"20180130","화","여","30대","서울특별시","강남구","세곡동","중국집","7"
"20180130","화","여","30대","서울특별시","강남구","논현동","중국집","43"
"20180130","화","남","50대","서울특별시","강남구","역삼동","중국집","33"
"20180130","화","여","30대","서울특별시","강남구","수서동","중국집","5"
"20180130","화","여","30대","서울특별시","강남구","역삼동","중국집","58"
"20180130","화","남","60대이상","서울특별시","강남구","세곡동","중국집","5"
"20180130","화","여","30대","서울특별시","강남구","일원동","중국집","5"
"20180130","화","여","40대","서울특별시","강남구","개포동","중국집","5"
"20180130","화","남","30대","서울특별시","강남구","논현동","중국집","40"
"20180130","화","여","40대","서울특별시","강남구","논현동","중국집","48"
"20180130","화","남","50대","서울특별시","강남구","삼성동","중국집","33"
"20180130","화","여","40대","서울특별시","강남구","도곡동","중국집","8"
"20180130","화","여","40대","서울특별시","강남구","세곡동","중국집","6"
"20180130","화","여","40대","서울특별시","강남구","수서동","중국집","5"
"20180130","화","여","40대","서울특별시","강남구","삼성동","중국집","102"
"20180130","화","여","40대","서울특별시","강남구","역삼동","중국집","55"
"20180130","화","남","40대","서울특별시","강남구","역삼동","중국집","72"
"20180130","화","여","50대","서울특별시","강남구","도곡동","중국집","6"
"20180130","화","여","20대","서울특별시","강남구","세곡동","중국집","5"
"20180130","화","남","50대","서울특별시","강남구","논현동","중국집","36"
"20180130","화","여","20대","서울특별시","강남구","도곡동","중국집","5"
"20180130","화","남","60대이상","서울특별시","강남구","역삼동","중국집","17"
"20180130","화","여","50대","서울특별시","강남구","삼성동","중국집","40"
"20180130","화","남","50대","서울특별시","강남구","대치동","중국집","5"
"20180130","화","여","20대","서울특별시","강남구","논현동","중국집","33"
"20180130","화","여","50대","서울특별시","강남구","세곡동","중국집","5"
"20180130","화","여","50대","서울특별시","강남구","수서동","중국집","5"
"20180130","화","남","10대","서울특별시","강남구","삼성동","중국집","5"
"20180130","화","여","50대","서울특별시","강남구","역삼동","중국집","26"
"20180130","화","남","60대이상","서울특별시","강남구","삼성동","중국집","51"
"20180130","화","남","20대","서울특별시","강남구","논현동","중국집","33"
"20180130","화","여","40대","서울특별시","강남구","대치동","중국집","5"
"20180130","화","남","40대","서울특별시","강남구","삼성동","중국집","98"
"20180130","화","여","60대이상","서울특별시","강남구","논현동","중국집","18"
"20180130","화","여","60대이상","서울특별시","강남구","도곡동","중국집","5"
"20180130","화","남","40대","서울특별시","강남구","수서동","중국집","5"
"20180130","화","여","30대","서울특별시","강남구","도곡동","중국집","9"
"20180130","화","여","50대","서울특별시","강남구","논현동","중국집","22"
"20180130","화","여","50대","서울특별시","강남구","일원동","중국집","5"
"20180130","화","여","60대이상","서울특별시","강남구","삼성동","중국집","20"
"20180130","화","여","60대이상","서울특별시","강남구","세곡동","중국집","5"
"20180130","화","남","60대이상","서울특별시","강남구","대치동","중국집","5"
"20180130","화","여","20대","서울특별시","강남구","삼성동","중국집","29"
"20180130","화","여","60대이상","서울특별시","강남구","수서동","중국집","5"
"20180130","화","남","10대","서울특별시","강남구","압구정동","중국집","5"
"20180130","화","여","40대","서울특별시","강남구","일원동","중국집","5"
"20180130","화","남","10대","서울특별시","강남구","대치동","중국집","5"
"20180130","화","여","60대이상","서울특별시","강남구","역삼동","중국집","27"
"20180130","화","남","20대","서울특별시","강남구","도곡동","중국집","5"
"20180130","화","남","10대","서울특별시","강남구","논현동","중국집","6"
"20180130","화","남","30대","서울특별시","강남구","삼성동","중국집","96"
"20180130","화","남","10대","서울특별시","강동구","암사동","중국집","5"
"20180130","화","남","20대","서울특별시","강동구","길동","중국집","29"
"20180130","화","남","10대","서울특별시","강동구","길동","중국집","9"
"20180130","화","남","20대","서울특별시","강동구","명일동","중국집","5"
"20180130","화","남","20대","서울특별시","강동구","상일동","중국집","5"
"20180130","화","남","30대","서울특별시","강동구","명일동","중국집","5"
"20180130","화","남","30대","서울특별시","강동구","상일동","중국집","5"
"20180130","화","남","20대","서울특별시","강동구","성내동","중국집","5"
"20180130","화","남","30대","서울특별시","강동구","성내동","중국집","5"
"20180130","화","남","30대","서울특별시","강동구","암사동","중국집","5"
"20180130","화","남","30대","서울특별시","강동구","천호동","중국집","5"
"20180130","화","남","40대","서울특별시","강동구","길동","중국집","55"
"20180130","화","남","40대","서울특별시","강동구","명일동","중국집","6"
"20180130","화","남","40대","서울특별시","강동구","암사동","중국집","5"
"20180130","화","남","50대","서울특별시","강동구","명일동","중국집","5"
"20180130","화","남","50대","서울특별시","강동구","성내동","중국집","5"
"20180130","화","남","60대이상","서울특별시","강동구","길동","중국집","29"
"20180130","화","남","60대이상","서울특별시","강동구","상일동","중국집","5"
"20180130","화","여","10대","서울특별시","강동구","암사동","중국집","5"
"20180130","화","여","20대","서울특별시","강동구","길동","중국집","16"
"20180130","화","여","20대","서울특별시","강동구","명일동","중국집","5"
"20180130","화","여","20대","서울특별시","강동구","천호동","중국집","5"
"20180130","화","여","30대","서울특별시","강동구","상일동","중국집","5"
"20180130","화","남","10대","서울특별시","강동구","성내동","중국집","5"
"20180130","화","여","30대","서울특별시","강동구","성내동","중국집","5"
"20180130","화","여","30대","서울특별시","강동구","암사동","중국집","5"
"20180130","화","여","30대","서울특별시","강동구","천호동","중국집","5"
"20180130","화","여","40대","서울특별시","강동구","길동","중국집","71"
"20180130","화","여","40대","서울특별시","강동구","명일동","중국집","7"
"20180130","화","여","40대","서울특별시","강동구","상일동","중국집","5"
"20180130","화","여","40대","서울특별시","강동구","성내동","중국집","5"
"20180130","화","여","40대","서울특별시","강동구","암사동","중국집","5"
"20180130","화","여","40대","서울특별시","강동구","천호동","중국집","5"
"20180130","화","여","50대","서울특별시","강동구","길동","중국집","48"
"20180130","화","여","20대","서울특별시","강동구","성내동","중국집","5"
"20180130","화","여","10대","서울특별시","강동구","길동","중국집","5"
"20180130","화","남","30대","서울특별시","강동구","길동","중국집","57"
"20180130","화","여","50대","서울특별시","강동구","명일동","중국집","6"
"20180130","화","남","50대","서울특별시","강동구","길동","중국집","43"
"20180130","화","여","50대","서울특별시","강동구","성내동","중국집","5"
"20180130","화","여","30대","서울특별시","강동구","길동","중국집","42"
"20180130","화","남","40대","서울특별시","강동구","성내동","중국집","5"
"20180130","화","여","50대","서울특별시","강동구","천호동","중국집","5"
"20180130","화","여","60대이상","서울특별시","강동구","성내동","중국집","6"
"20180130","화","여","60대이상","서울특별시","강동구","암사동","중국집","5"
"20180130","화","여","60대이상","서울특별시","강동구","길동","중국집","33"
"20180130","화","남","60대이상","서울특별시","강동구","성내동","중국집","5"
"20180130","화","남","50대","서울특별시","강동구","암사동","중국집","5"
"20180130","화","남","10대","서울특별시","강북구","미아동","중국집","10"
"20180130","화","남","20대","서울특별시","강북구","번동","중국집","11"
"20180130","화","남","20대","서울특별시","강북구","우이동","중국집","5"
"20180130","화","남","30대","서울특별시","강북구","우이동","중국집","5"
"20180130","화","남","60대이상","서울특별시","강북구","번동","중국집","11"
"20180130","화","여","10대","서울특별시","강북구","우이동","중국집","5"
"20180130","화","여","10대","서울특별시","강북구","미아동","중국집","9"
"20180130","화","남","30대","서울특별시","강북구","미아동","중국집","58"
"20180130","화","여","20대","서울특별시","강북구","미아동","중국집","20"
"20180130","화","남","20대","서울특별시","강북구","미아동","중국집","29"
"20180130","화","여","20대","서울특별시","강북구","번동","중국집","5"
"20180130","화","남","30대","서울특별시","강북구","번동","중국집","13"
"20180130","화","남","10대","서울특별시","강북구","우이동","중국집","5"
"20180130","화","여","30대","서울특별시","강북구","미아동","중국집","39"
"20180130","화","남","50대","서울특별시","강북구","번동","중국집","13"
"20180130","화","남","10대","서울특별시","강북구","번동","중국집","5"
"20180130","화","남","60대이상","서울특별시","강북구","우이동","중국집","5"
"20180130","화","여","30대","서울특별시","강북구","번동","중국집","14"
"20180130","화","남","40대","서울특별시","강북구","미아동","중국집","49"
"20180130","화","여","40대","서울특별시","강북구","미아동","중국집","57"
"20180130","화","여","40대","서울특별시","강북구","번동","중국집","18"
"20180130","화","남","50대","서울특별시","강북구","미아동","중국집","38"
"20180130","화","여","10대","서울특별시","강북구","번동","중국집","5"
"20180130","화","여","40대","서울특별시","강북구","우이동","중국집","5"
"20180130","화","남","60대이상","서울특별시","강북구","미아동","중국집","36"
"20180130","화","여","50대","서울특별시","강북구","미아동","중국집","38"
"20180130","화","여","50대","서울특별시","강북구","번동","중국집","6"
"20180130","화","여","50대","서울특별시","강북구","우이동","중국집","5"
"20180130","화","여","60대이상","서울특별시","강북구","미아동","중국집","29"
"20180130","화","남","40대","서울특별시","강북구","번동","중국집","17"
"20180130","화","여","60대이상","서울특별시","강북구","번동","중국집","5"
"20180130","화","남","10대","서울특별시","강서구","가양동","중국집","5"
"20180130","화","남","10대","서울특별시","강서구","등촌동","중국집","5"
"20180130","화","남","10대","서울특별시","강서구","화곡동","중국집","13"
"20180130","화","남","20대","서울특별시","강서구","가양동","중국집","22"
"20180130","화","남","20대","서울특별시","강서구","등촌동","중국집","14"
"20180130","화","남","20대","서울특별시","강서구","마곡동","중국집","5"
"20180130","화","남","30대","서울특별시","강서구","내발산동","중국집","51"
"20180130","화","남","30대","서울특별시","강서구","등촌동","중국집","22"
"20180130","화","남","40대","서울특별시","강서구","가양동","중국집","28"
"20180130","화","남","40대","서울특별시","강서구","등촌동","중국집","24"
"20180130","화","남","40대","서울특별시","강서구","외발산동","중국집","5"
"20180130","화","남","50대","서울특별시","강서구","가양동","중국집","7"
"20180130","화","남","50대","서울특별시","강서구","외발산동","중국집","5"
"20180130","화","남","50대","서울특별시","강서구","내발산동","중국집","33"
"20180130","화","남","60대이상","서울특별시","강서구","가양동","중국집","11"
"20180130","화","남","60대이상","서울특별시","강서구","내발산동","중국집","21"
"20180130","화","남","60대이상","서울특별시","강서구","등촌동","중국집","7"
"20180130","화","남","50대","서울특별시","강서구","방화동","중국집","5"
"20180130","화","남","60대이상","서울특별시","강서구","마곡동","중국집","5"
"20180130","화","남","60대이상","서울특별시","강서구","방화동","중국집","5"
"20180130","화","남","60대이상","서울특별시","강서구","화곡동","중국집","23"
"20180130","화","여","10대","서울특별시","강서구","내발산동","중국집","5"
"20180130","화","여","20대","서울특별시","강서구","가양동","중국집","6"
"20180130","화","여","20대","서울특별시","강서구","등촌동","중국집","9"
"20180130","화","여","20대","서울특별시","강서구","방화동","중국집","5"
"20180130","화","남","50대","서울특별시","강서구","마곡동","중국집","5"
"20180130","화","여","20대","서울특별시","강서구","외발산동","중국집","5"
"20180130","화","여","20대","서울특별시","강서구","화곡동","중국집","12"
"20180130","화","여","30대","서울특별시","강서구","가양동","중국집","9"
"20180130","화","여","30대","서울특별시","강서구","내발산동","중국집","32"
"20180130","화","남","20대","서울특별시","강서구","화곡동","중국집","26"
"20180130","화","여","30대","서울특별시","강서구","등촌동","중국집","26"
"20180130","화","남","30대","서울특별시","강서구","방화동","중국집","5"
"20180130","화","여","30대","서울특별시","강서구","마곡동","중국집","5"
"20180130","화","남","30대","서울특별시","강서구","가양동","중국집","34"
"20180130","화","여","30대","서울특별시","강서구","방화동","중국집","5"
"20180130","화","여","30대","서울특별시","강서구","외발산동","중국집","5"
"20180130","화","여","10대","서울특별시","강서구","마곡동","중국집","5"
"20180130","화","남","20대","서울특별시","강서구","내발산동","중국집","29"
"20180130","화","남","30대","서울특별시","강서구","화곡동","중국집","33"
"20180130","화","여","30대","서울특별시","강서구","화곡동","중국집","49"
"20180130","화","여","10대","서울특별시","강서구","가양동","중국집","5"
"20180130","화","여","40대","서울특별시","강서구","내발산동","중국집","52"
"20180130","화","여","40대","서울특별시","강서구","가양동","중국집","29"
"20180130","화","여","40대","서울특별시","강서구","등촌동","중국집","31"
"20180130","화","남","40대","서울특별시","강서구","방화동","중국집","5"
"20180130","화","여","40대","서울특별시","강서구","마곡동","중국집","5"
"20180130","화","남","30대","서울특별시","강서구","마곡동","중국집","5"
"20180130","화","여","40대","서울특별시","강서구","화곡동","중국집","76"
"20180130","화","여","20대","서울특별시","강서구","내발산동","중국집","7"
"20180130","화","여","50대","서울특별시","강서구","내발산동","중국집","29"
"20180130","화","남","40대","서울특별시","강서구","내발산동","중국집","39"
"20180130","화","여","50대","서울특별시","강서구","외발산동","중국집","5"
"20180130","화","여","50대","서울특별시","강서구","가양동","중국집","17"
"20180130","화","여","50대","서울특별시","강서구","화곡동","중국집","45"
"20180130","화","여","40대","서울특별시","강서구","외발산동","중국집","5"
"20180130","화","남","10대","서울특별시","강서구","내발산동","중국집","15"
"20180130","화","여","60대이상","서울특별시","강서구","가양동","중국집","5"
"20180130","화","여","60대이상","서울특별시","강서구","내발산동","중국집","19"
"20180130","화","여","10대","서울특별시","강서구","화곡동","중국집","7"
"20180130","화","남","50대","서울특별시","강서구","화곡동","중국집","37"
"20180130","화","남","50대","서울특별시","강서구","등촌동","중국집","11"
"20180130","화","남","40대","서울특별시","강서구","화곡동","중국집","44"
"20180130","화","여","60대이상","서울특별시","강서구","등촌동","중국집","10"
"20180130","화","여","60대이상","서울특별시","강서구","화곡동","중국집","19"
"20180130","화","남","20대","서울특별시","강서구","방화동","중국집","5"
"20180130","화","여","10대","서울특별시","강서구","등촌동","중국집","5"
"20180130","화","여","50대","서울특별시","강서구","등촌동","중국집","13"
"20180130","화","남","10대","서울특별시","관악구","신림동","중국집","5"
"20180130","화","남","20대","서울특별시","관악구","봉천동","중국집","8"
"20180130","화","남","20대","서울특별시","관악구","신림동","중국집","16"
"20180130","화","남","30대","서울특별시","관악구","봉천동","중국집","5"
"20180130","화","남","40대","서울특별시","관악구","봉천동","중국집","5"
"20180130","화","남","50대","서울특별시","관악구","봉천동","중국집","5"
"20180130","화","남","10대","서울특별시","관악구","봉천동","중국집","5"
"20180130","화","남","40대","서울특별시","관악구","신림동","중국집","5"
"20180130","화","남","60대이상","서울특별시","관악구","봉천동","중국집","5"
"20180130","화","남","30대","서울특별시","관악구","신림동","중국집","11"
"20180130","화","여","20대","서울특별시","관악구","봉천동","중국집","6"
"20180130","화","여","20대","서울특별시","관악구","신림동","중국집","5"
"20180130","화","여","30대","서울특별시","관악구","봉천동","중국집","5"
"20180130","화","여","40대","서울특별시","관악구","봉천동","중국집","11"
"20180130","화","여","40대","서울특별시","관악구","신림동","중국집","5"
"20180130","화","여","50대","서울특별시","관악구","봉천동","중국집","5"
"20180130","화","여","50대","서울특별시","관악구","신림동","중국집","5"
"20180130","화","여","60대이상","서울특별시","관악구","봉천동","중국집","5"
"20180130","화","여","30대","서울특별시","관악구","신림동","중국집","6"
"20180130","화","여","60대이상","서울특별시","관악구","신림동","중국집","11"
"20180130","화","남","10대","서울특별시","광진구","자양동","중국집","5"
"20180130","화","남","10대","서울특별시","광진구","중곡동","중국집","5"
"20180130","화","남","10대","서울특별시","광진구","화양동","중국집","5"
"20180130","화","남","20대","서울특별시","광진구","자양동","중국집","11"
"20180130","화","남","30대","서울특별시","광진구","자양동","중국집","5"
"20180130","화","남","30대","서울특별시","광진구","화양동","중국집","5"
"20180130","화","남","40대","서울특별시","광진구","중곡동","중국집","5"
"20180130","화","남","40대","서울특별시","광진구","화양동","중국집","5"
"20180130","화","남","50대","서울특별시","광진구","화양동","중국집","5"
"20180130","화","남","60대이상","서울특별시","광진구","구의동","중국집","5"
"20180130","화","남","60대이상","서울특별시","광진구","능동","중국집","5"
"20180130","화","남","60대이상","서울특별시","광진구","자양동","중국집","5"
"20180130","화","남","60대이상","서울특별시","광진구","중곡동","중국집","5"
"20180130","화","남","20대","서울특별시","광진구","화양동","중국집","5"
"20180130","화","여","20대","서울특별시","광진구","광장동","중국집","5"
"20180130","화","여","20대","서울특별시","광진구","구의동","중국집","5"
"20180130","화","남","30대","서울특별시","광진구","능동","중국집","5"
"20180130","화","여","20대","서울특별시","광진구","자양동","중국집","5"
"20180130","화","여","30대","서울특별시","광진구","자양동","중국집","5"
"20180130","화","남","10대","서울특별시","광진구","능동","중국집","5"
"20180130","화","여","30대","서울특별시","광진구","중곡동","중국집","5"
"20180130","화","여","30대","서울특별시","광진구","화양동","중국집","5"
"20180130","화","여","40대","서울특별시","광진구","능동","중국집","5"
"20180130","화","남","40대","서울특별시","광진구","자양동","중국집","5"
"20180130","화","여","40대","서울특별시","광진구","자양동","중국집","5"
"20180130","화","여","40대","서울특별시","광진구","중곡동","중국집","5"
"20180130","화","남","40대","서울특별시","광진구","광장동","중국집","5"
"20180130","화","여","50대","서울특별시","광진구","광장동","중국집","5"
"20180130","화","여","50대","서울특별시","광진구","능동","중국집","5"
"20180130","화","남","50대","서울특별시","광진구","자양동","중국집","5"
"20180130","화","여","20대","서울특별시","광진구","능동","중국집","5"
"20180130","화","여","50대","서울특별시","광진구","자양동","중국집","5"
"20180130","화","여","60대이상","서울특별시","광진구","광장동","중국집","5"
"20180130","화","여","60대이상","서울특별시","광진구","능동","중국집","5"
"20180130","화","여","60대이상","서울특별시","광진구","자양동","중국집","5"
"20180130","화","남","10대","서울특별시","구로구","개봉동","중국집","5"
"20180130","화","남","20대","서울특별시","구로구","개봉동","중국집","16"
"20180130","화","남","20대","서울특별시","구로구","신도림동","중국집","5"
"20180130","화","남","20대","서울특별시","구로구","천왕동","중국집","5"
"20180130","화","남","30대","서울특별시","구로구","구로동","중국집","5"
"20180130","화","남","40대","서울특별시","구로구","구로동","중국집","5"
"20180130","화","남","40대","서울특별시","구로구","궁동","중국집","5"
"20180130","화","남","50대","서울특별시","구로구","구로동","중국집","5"
"20180130","화","남","50대","서울특별시","구로구","궁동","중국집","5"
"20180130","화","남","60대이상","서울특별시","구로구","개봉동","중국집","13"
"20180130","화","남","30대","서울특별시","구로구","궁동","중국집","5"
"20180130","화","남","60대이상","서울특별시","구로구","구로동","중국집","5"
"20180130","화","남","60대이상","서울특별시","구로구","궁동","중국집","5"
"20180130","화","여","10대","서울특별시","구로구","궁동","중국집","5"
"20180130","화","여","20대","서울특별시","구로구","개봉동","중국집","13"
"20180130","화","남","50대","서울특별시","구로구","개봉동","중국집","27"
"20180130","화","남","40대","서울특별시","구로구","개봉동","중국집","29"
"20180130","화","여","20대","서울특별시","구로구","궁동","중국집","5"
"20180130","화","여","30대","서울특별시","구로구","개봉동","중국집","23"
"20180130","화","여","40대","서울특별시","구로구","개봉동","중국집","36"
"20180130","화","남","30대","서울특별시","구로구","신도림동","중국집","5"
"20180130","화","여","40대","서울특별시","구로구","궁동","중국집","5"
"20180130","화","여","50대","서울특별시","구로구","개봉동","중국집","14"
"20180130","화","남","20대","서울특별시","구로구","구로동","중국집","5"
"20180130","화","여","50대","서울특별시","구로구","구로동","중국집","5"
"20180130","화","여","60대이상","서울특별시","구로구","개봉동","중국집","10"
"20180130","화","남","30대","서울특별시","구로구","개봉동","중국집","26"
"20180130","화","여","60대이상","서울특별시","구로구","궁동","중국집","5"
"20180130","화","여","60대이상","서울특별시","구로구","신도림동","중국집","5"
"20180130","화","남","10대","서울특별시","금천구","가산동","중국집","6"
"20180130","화","남","20대","서울특별시","금천구","가산동","중국집","11"
"20180130","화","남","20대","서울특별시","금천구","시흥동","중국집","5"
"20180130","화","남","30대","서울특별시","금천구","독산동","중국집","5"
"20180130","화","남","30대","서울특별시","금천구","가산동","중국집","25"
"20180130","화","남","40대","서울특별시","금천구","시흥동","중국집","5"
"20180130","화","남","50대","서울특별시","금천구","가산동","중국집","21"
"20180130","화","남","40대","서울특별시","금천구","가산동","중국집","18"
"20180130","화","남","60대이상","서울특별시","금천구","가산동","중국집","10"
"20180130","화","남","60대이상","서울특별시","금천구","독산동","중국집","5"
"20180130","화","남","20대","서울특별시","금천구","독산동","중국집","5"
"20180130","화","남","40대","서울특별시","금천구","독산동","중국집","5"
"20180130","화","남","30대","서울특별시","금천구","시흥동","중국집","5"
"20180130","화","남","60대이상","서울특별시","금천구","시흥동","중국집","5"
"20180130","화","남","10대","서울특별시","금천구","시흥동","중국집","5"
"20180130","화","여","20대","서울특별시","금천구","가산동","중국집","7"
"20180130","화","여","20대","서울특별시","금천구","독산동","중국집","5"
"20180130","화","여","20대","서울특별시","금천구","시흥동","중국집","5"
"20180130","화","여","30대","서울특별시","금천구","가산동","중국집","10"
"20180130","화","여","30대","서울특별시","금천구","시흥동","중국집","6"
"20180130","화","여","40대","서울특별시","금천구","가산동","중국집","15"
"20180130","화","여","40대","서울특별시","금천구","독산동","중국집","5"
"20180130","화","남","50대","서울특별시","금천구","시흥동","중국집","5"
"20180130","화","여","40대","서울특별시","금천구","시흥동","중국집","5"
"20180130","화","여","50대","서울특별시","금천구","가산동","중국집","9"
"20180130","화","여","50대","서울특별시","금천구","독산동","중국집","5"
"20180130","화","여","60대이상","서울특별시","금천구","가산동","중국집","5"
"20180130","화","여","60대이상","서울특별시","금천구","독산동","중국집","5"
"20180130","화","여","60대이상","서울특별시","금천구","시흥동","중국집","5"
"20180130","화","남","10대","서울특별시","노원구","상계동","중국집","9"
"20180130","화","남","20대","서울특별시","노원구","공릉동","중국집","5"
"20180130","화","남","20대","서울특별시","노원구","상계동","중국집","28"
"20180130","화","남","20대","서울특별시","노원구","월계동","중국집","5"
"20180130","화","남","30대","서울특별시","노원구","공릉동","중국집","5"
"20180130","화","남","30대","서울특별시","노원구","상계동","중국집","26"
"20180130","화","남","20대","서울특별시","노원구","중계동","중국집","5"
"20180130","화","남","30대","서울특별시","노원구","월계동","중국집","5"
"20180130","화","남","30대","서울특별시","노원구","중계동","중국집","5"
"20180130","화","남","40대","서울특별시","노원구","공릉동","중국집","5"
"20180130","화","남","40대","서울특별시","노원구","상계동","중국집","52"
"20180130","화","남","40대","서울특별시","노원구","중계동","중국집","5"
"20180130","화","남","50대","서울특별시","노원구","공릉동","중국집","5"
"20180130","화","남","50대","서울특별시","노원구","상계동","중국집","20"
"20180130","화","남","50대","서울특별시","노원구","월계동","중국집","5"
"20180130","화","남","60대이상","서울특별시","노원구","상계동","중국집","24"
"20180130","화","남","60대이상","서울특별시","노원구","중계동","중국집","5"
"20180130","화","여","20대","서울특별시","노원구","공릉동","중국집","5"
"20180130","화","여","20대","서울특별시","노원구","상계동","중국집","13"
"20180130","화","여","30대","서울특별시","노원구","상계동","중국집","35"
"20180130","화","여","30대","서울특별시","노원구","월계동","중국집","5"
"20180130","화","여","40대","서울특별시","노원구","공릉동","중국집","5"
"20180130","화","남","40대","서울특별시","노원구","월계동","중국집","5"
"20180130","화","여","40대","서울특별시","노원구","상계동","중국집","74"
"20180130","화","여","10대","서울특별시","노원구","상계동","중국집","6"
"20180130","화","여","40대","서울특별시","노원구","월계동","중국집","5"
"20180130","화","여","40대","서울특별시","노원구","중계동","중국집","5"
"20180130","화","여","50대","서울특별시","노원구","공릉동","중국집","5"
"20180130","화","여","30대","서울특별시","노원구","중계동","중국집","5"
"20180130","화","여","50대","서울특별시","노원구","상계동","중국집","41"
"20180130","화","여","50대","서울특별시","노원구","중계동","중국집","5"
"20180130","화","여","60대이상","서울특별시","노원구","공릉동","중국집","5"
"20180130","화","여","60대이상","서울특별시","노원구","상계동","중국집","32"
"20180130","화","남","10대","서울특별시","노원구","공릉동","중국집","5"
"20180130","화","여","60대이상","서울특별시","노원구","월계동","중국집","5"
"20180130","화","여","60대이상","서울특별시","노원구","중계동","중국집","5"
"20180130","화","남","60대이상","서울특별시","노원구","월계동","중국집","5"
"20180130","화","남","20대","서울특별시","도봉구","쌍문동","중국집","5"
"20180130","화","남","40대","서울특별시","도봉구","방학동","중국집","5"
"20180130","화","남","40대","서울특별시","도봉구","쌍문동","중국집","5"
"20180130","화","남","60대이상","서울특별시","도봉구","방학동","중국집","5"
"20180130","화","남","50대","서울특별시","도봉구","쌍문동","중국집","5"
"20180130","화","여","40대","서울특별시","도봉구","도봉동","중국집","5"
"20180130","화","여","40대","서울특별시","도봉구","방학동","중국집","5"
"20180130","화","남","30대","서울특별시","도봉구","쌍문동","중국집","5"
"20180130","화","여","40대","서울특별시","도봉구","쌍문동","중국집","5"
"20180130","화","여","50대","서울특별시","도봉구","도봉동","중국집","5"
"20180130","화","여","50대","서울특별시","도봉구","방학동","중국집","5"
"20180130","화","여","30대","서울특별시","도봉구","방학동","중국집","5"
"20180130","화","여","50대","서울특별시","도봉구","쌍문동","중국집","5"
"20180130","화","남","30대","서울특별시","도봉구","방학동","중국집","5"
"20180130","화","여","60대이상","서울특별시","도봉구","방학동","중국집","5"
"20180130","화","여","60대이상","서울특별시","도봉구","쌍문동","중국집","5"
"20180130","화","남","10대","서울특별시","동대문구","답십리동","중국집","5"
"20180130","화","남","10대","서울특별시","동대문구","제기동","중국집","9"
"20180130","화","남","20대","서울특별시","동대문구","전농동","중국집","5"
"20180130","화","남","30대","서울특별시","동대문구","제기동","중국집","46"
"20180130","화","남","40대","서울특별시","동대문구","장안동","중국집","34"
"20180130","화","남","40대","서울특별시","동대문구","전농동","중국집","5"
"20180130","화","남","40대","서울특별시","동대문구","제기동","중국집","45"
"20180130","화","남","50대","서울특별시","동대문구","답십리동","중국집","5"
"20180130","화","남","50대","서울특별시","동대문구","제기동","중국집","24"
"20180130","화","남","50대","서울특별시","동대문구","전농동","중국집","5"
"20180130","화","남","60대이상","서울특별시","동대문구","장안동","중국집","18"
"20180130","화","남","20대","서울특별시","동대문구","장안동","중국집","28"
"20180130","화","남","60대이상","서울특별시","동대문구","전농동","중국집","5"
"20180130","화","여","10대","서울특별시","동대문구","제기동","중국집","5"
"20180130","화","여","10대","서울특별시","동대문구","장안동","중국집","5"
"20180130","화","여","20대","서울특별시","동대문구","장안동","중국집","9"
"20180130","화","남","60대이상","서울특별시","동대문구","제기동","중국집","32"
"20180130","화","여","20대","서울특별시","동대문구","전농동","중국집","5"
"20180130","화","여","20대","서울특별시","동대문구","제기동","중국집","5"
"20180130","화","여","30대","서울특별시","동대문구","장안동","중국집","25"
"20180130","화","남","30대","서울특별시","동대문구","전농동","중국집","5"
"20180130","화","남","60대이상","서울특별시","동대문구","답십리동","중국집","5"
"20180130","화","여","30대","서울특별시","동대문구","제기동","중국집","24"
"20180130","화","남","20대","서울특별시","동대문구","제기동","중국집","46"
"20180130","화","여","40대","서울특별시","동대문구","답십리동","중국집","5"
"20180130","화","여","40대","서울특별시","동대문구","장안동","중국집","36"
"20180130","화","남","10대","서울특별시","동대문구","전농동","중국집","5"
"20180130","화","여","40대","서울특별시","동대문구","전농동","중국집","5"
"20180130","화","남","50대","서울특별시","동대문구","휘경동","중국집","5"
"20180130","화","여","40대","서울특별시","동대문구","제기동","중국집","29"
"20180130","화","여","50대","서울특별시","동대문구","답십리동","중국집","5"
"20180130","화","여","50대","서울특별시","동대문구","장안동","중국집","21"
"20180130","화","여","50대","서울특별시","동대문구","전농동","중국집","5"
"20180130","화","여","50대","서울특별시","동대문구","제기동","중국집","25"
"20180130","화","남","10대","서울특별시","동대문구","장안동","중국집","6"
"20180130","화","여","60대이상","서울특별시","동대문구","장안동","중국집","8"
"20180130","화","남","30대","서울특별시","동대문구","장안동","중국집","36"
"20180130","화","여","60대이상","서울특별시","동대문구","전농동","중국집","5"
"20180130","화","여","60대이상","서울특별시","동대문구","제기동","중국집","16"
"20180130","화","남","30대","서울특별시","동대문구","답십리동","중국집","5"
"20180130","화","여","30대","서울특별시","동대문구","전농동","중국집","5"
"20180130","화","남","50대","서울특별시","동대문구","장안동","중국집","24"
"20180130","화","여","60대이상","서울특별시","동대문구","휘경동","중국집","5"
"20180130","화","남","10대","서울특별시","동작구","신대방동","중국집","11"
"20180130","화","남","20대","서울특별시","동작구","본동","중국집","8"
"20180130","화","남","20대","서울특별시","동작구","사당동","중국집","5"
"20180130","화","남","20대","서울특별시","동작구","신대방동","중국집","70"
"20180130","화","남","30대","서울특별시","동작구","대방동","중국집","5"
"20180130","화","남","30대","서울특별시","동작구","상도동","중국집","5"
"20180130","화","남","40대","서울특별시","동작구","사당동","중국집","5"
"20180130","화","남","40대","서울특별시","동작구","흑석동","중국집","5"
"20180130","화","남","30대","서울특별시","동작구","신대방동","중국집","94"
"20180130","화","남","50대","서울특별시","동작구","대방동","중국집","5"
"20180130","화","남","50대","서울특별시","동작구","상도동","중국집","5"
"20180130","화","남","60대이상","서울특별시","동작구","신대방동","중국집","37"
"20180130","화","여","10대","서울특별시","동작구","신대방동","중국집","5"
"20180130","화","남","60대이상","서울특별시","동작구","사당동","중국집","5"
"20180130","화","남","60대이상","서울특별시","동작구","대방동","중국집","5"
"20180130","화","여","20대","서울특별시","동작구","노량진동","중국집","5"
"20180130","화","여","20대","서울특별시","동작구","본동","중국집","5"
"20180130","화","여","20대","서울특별시","동작구","사당동","중국집","5"
"20180130","화","여","20대","서울특별시","동작구","상도동","중국집","5"
"20180130","화","여","20대","서울특별시","동작구","신대방동","중국집","24"
"20180130","화","남","20대","서울특별시","동작구","상도동","중국집","5"
"20180130","화","여","20대","서울특별시","동작구","흑석동","중국집","5"
"20180130","화","남","50대","서울특별시","동작구","사당동","중국집","5"
"20180130","화","여","30대","서울특별시","동작구","대방동","중국집","5"
"20180130","화","여","30대","서울특별시","동작구","본동","중국집","5"
"20180130","화","여","30대","서울특별시","동작구","상도동","중국집","5"
"20180130","화","남","40대","서울특별시","동작구","상도동","중국집","5"
"20180130","화","남","40대","서울특별시","동작구","신대방동","중국집","82"
"20180130","화","남","50대","서울특별시","동작구","신대방동","중국집","54"
"20180130","화","여","30대","서울특별시","동작구","신대방동","중국집","72"
"20180130","화","여","40대","서울특별시","동작구","본동","중국집","5"
"20180130","화","여","30대","서울특별시","동작구","사당동","중국집","5"
"20180130","화","남","40대","서울특별시","동작구","노량진동","중국집","5"
"20180130","화","여","40대","서울특별시","동작구","상도동","중국집","5"
"20180130","화","여","40대","서울특별시","동작구","사당동","중국집","5"
"20180130","화","남","40대","서울특별시","동작구","본동","중국집","5"
"20180130","화","여","40대","서울특별시","동작구","신대방동","중국집","85"
"20180130","화","여","40대","서울특별시","동작구","흑석동","중국집","5"
"20180130","화","남","60대이상","서울특별시","동작구","본동","중국집","5"
"20180130","화","여","50대","서울특별시","동작구","노량진동","중국집","5"
"20180130","화","여","50대","서울특별시","동작구","사당동","중국집","5"
"20180130","화","여","50대","서울특별시","동작구","상도동","중국집","5"
"20180130","화","여","50대","서울특별시","동작구","신대방동","중국집","55"
"20180130","화","남","10대","서울특별시","동작구","상도동","중국집","5"
"20180130","화","여","50대","서울특별시","동작구","흑석동","중국집","5"
"20180130","화","남","30대","서울특별시","동작구","본동","중국집","5"
"20180130","화","여","60대이상","서울특별시","동작구","본동","중국집","5"
"20180130","화","남","30대","서울특별시","동작구","흑석동","중국집","5"
"20180130","화","여","60대이상","서울특별시","동작구","사당동","중국집","5"
"20180130","화","여","60대이상","서울특별시","동작구","신대방동","중국집","38"
"20180130","화","남","30대","서울특별시","동작구","사당동","중국집","5"
"20180130","화","남","60대이상","서울특별시","동작구","노량진동","중국집","5"
"20180130","화","남","10대","서울특별시","마포구","서교동","중국집","5"
"20180130","화","남","10대","서울특별시","마포구","합정동","중국집","5"
"20180130","화","남","20대","서울특별시","마포구","상암동","중국집","12"
"20180130","화","남","20대","서울특별시","마포구","신수동","중국집","5"
"20180130","화","남","30대","서울특별시","마포구","공덕동","중국집","5"
"20180130","화","남","30대","서울특별시","마포구","신공덕동","중국집","5"
"20180130","화","남","40대","서울특별시","마포구","상수동","중국집","5"
"20180130","화","남","40대","서울특별시","마포구","상암동","중국집","14"
"20180130","화","남","10대","서울특별시","마포구","대흥동","중국집","5"
"20180130","화","남","40대","서울특별시","마포구","아현동","중국집","5"
"20180130","화","남","40대","서울특별시","마포구","염리동","중국집","5"
"20180130","화","남","40대","서울특별시","마포구","합정동","중국집","19"
"20180130","화","남","50대","서울특별시","마포구","상암동","중국집","15"
"20180130","화","남","50대","서울특별시","마포구","신공덕동","중국집","5"
"20180130","화","남","50대","서울특별시","마포구","염리동","중국집","5"
"20180130","화","남","40대","서울특별시","마포구","창전동","중국집","5"
"20180130","화","남","50대","서울특별시","마포구","합정동","중국집","6"
"20180130","화","남","60대이상","서울특별시","마포구","신수동","중국집","5"
"20180130","화","남","20대","서울특별시","마포구","합정동","중국집","13"
"20180130","화","남","30대","서울특별시","마포구","상수동","중국집","5"
"20180130","화","여","20대","서울특별시","마포구","대흥동","중국집","5"
"20180130","화","남","30대","서울특별시","마포구","상암동","중국집","12"
"20180130","화","여","20대","서울특별시","마포구","신공덕동","중국집","5"
"20180130","화","남","30대","서울특별시","마포구","신수동","중국집","5"
"20180130","화","여","30대","서울특별시","마포구","공덕동","중국집","5"
"20180130","화","남","10대","서울특별시","마포구","상암동","중국집","5"
"20180130","화","여","20대","서울특별시","마포구","상암동","중국집","5"
"20180130","화","여","30대","서울특별시","마포구","대흥동","중국집","5"
"20180130","화","여","30대","서울특별시","마포구","신공덕동","중국집","5"
"20180130","화","여","30대","서울특별시","마포구","아현동","중국집","5"
"20180130","화","여","30대","서울특별시","마포구","염리동","중국집","5"
"20180130","화","여","30대","서울특별시","마포구","창전동","중국집","5"
"20180130","화","여","10대","서울특별시","마포구","상암동","중국집","5"
"20180130","화","여","20대","서울특별시","마포구","염리동","중국집","5"
"20180130","화","여","20대","서울특별시","마포구","창전동","중국집","5"
"20180130","화","여","30대","서울특별시","마포구","합정동","중국집","9"
"20180130","화","남","50대","서울특별시","마포구","아현동","중국집","5"
"20180130","화","여","40대","서울특별시","마포구","대흥동","중국집","5"
"20180130","화","여","40대","서울특별시","마포구","마포동","중국집","5"
"20180130","화","여","40대","서울특별시","마포구","상암동","중국집","34"
"20180130","화","여","40대","서울특별시","마포구","신공덕동","중국집","5"
"20180130","화","남","20대","서울특별시","마포구","신공덕동","중국집","5"
"20180130","화","여","40대","서울특별시","마포구","합정동","중국집","9"
"20180130","화","여","50대","서울특별시","마포구","마포동","중국집","5"
"20180130","화","남","20대","서울특별시","마포구","염리동","중국집","5"
"20180130","화","남","60대이상","서울특별시","마포구","상암동","중국집","7"
"20180130","화","여","50대","서울특별시","마포구","신공덕동","중국집","5"
"20180130","화","남","60대이상","서울특별시","마포구","공덕동","중국집","5"
"20180130","화","남","20대","서울특별시","마포구","아현동","중국집","5"
"20180130","화","여","50대","서울특별시","마포구","신수동","중국집","5"
"20180130","화","여","20대","서울특별시","마포구","합정동","중국집","10"
"20180130","화","여","50대","서울특별시","마포구","염리동","중국집","5"
"20180130","화","남","30대","서울특별시","마포구","아현동","중국집","5"
"20180130","화","남","30대","서울특별시","마포구","합정동","중국집","11"
"20180130","화","여","50대","서울특별시","마포구","합정동","중국집","5"
"20180130","화","여","60대이상","서울특별시","마포구","공덕동","중국집","5"
"20180130","화","여","30대","서울특별시","마포구","상암동","중국집","15"
"20180130","화","남","60대이상","서울특별시","마포구","합정동","중국집","5"
"20180130","화","여","60대이상","서울특별시","마포구","상암동","중국집","20"
"20180130","화","여","60대이상","서울특별시","마포구","마포동","중국집","5"
"20180130","화","여","60대이상","서울특별시","마포구","신수동","중국집","5"
"20180130","화","여","50대","서울특별시","마포구","상암동","중국집","9"
"20180130","화","남","40대","서울특별시","마포구","망원동","중국집","5"
"20180130","화","여","50대","서울특별시","마포구","망원동","중국집","5"
"20180130","화","남","50대","서울특별시","마포구","서교동","중국집","5"
"20180130","화","여","60대이상","서울특별시","마포구","염리동","중국집","5"
"20180130","화","여","60대이상","서울특별시","마포구","합정동","중국집","7"
"20180130","화","남","50대","서울특별시","마포구","마포동","중국집","5"
"20180130","화","남","10대","서울특별시","서대문구","북아현동","중국집","5"
"20180130","화","남","10대","서울특별시","서대문구","연희동","중국집","5"
"20180130","화","남","20대","서울특별시","서대문구","연희동","중국집","34"
"20180130","화","남","20대","서울특별시","서대문구","창천동","중국집","18"
"20180130","화","남","20대","서울특별시","서대문구","충정로3가","중국집","5"
"20180130","화","남","20대","서울특별시","서대문구","홍제동","중국집","18"
"20180130","화","남","30대","서울특별시","서대문구","창천동","중국집","23"
"20180130","화","남","30대","서울특별시","서대문구","홍은동","중국집","5"
"20180130","화","남","30대","서울특별시","서대문구","홍제동","중국집","22"
"20180130","화","남","40대","서울특별시","서대문구","남가좌동","중국집","5"
"20180130","화","남","40대","서울특별시","서대문구","홍은동","중국집","5"
"20180130","화","남","50대","서울특별시","서대문구","창천동","중국집","29"
"20180130","화","남","50대","서울특별시","서대문구","홍은동","중국집","5"
"20180130","화","남","60대이상","서울특별시","서대문구","북아현동","중국집","5"
"20180130","화","남","60대이상","서울특별시","서대문구","연희동","중국집","26"
"20180130","화","남","60대이상","서울특별시","서대문구","홍은동","중국집","5"
"20180130","화","남","40대","서울특별시","서대문구","홍제동","중국집","29"
"20180130","화","남","60대이상","서울특별시","서대문구","홍제동","중국집","14"
"20180130","화","여","10대","서울특별시","서대문구","북아현동","중국집","5"
"20180130","화","남","10대","서울특별시","서대문구","홍제동","중국집","6"
"20180130","화","여","10대","서울특별시","서대문구","연희동","중국집","6"
"20180130","화","남","40대","서울특별시","서대문구","연희동","중국집","40"
"20180130","화","여","20대","서울특별시","서대문구","연희동","중국집","28"
"20180130","화","여","20대","서울특별시","서대문구","창천동","중국집","15"
"20180130","화","여","20대","서울특별시","서대문구","충정로3가","중국집","5"
"20180130","화","여","20대","서울특별시","서대문구","홍제동","중국집","7"
"20180130","화","여","30대","서울특별시","서대문구","북가좌동","중국집","5"
"20180130","화","여","30대","서울특별시","서대문구","북아현동","중국집","5"
"20180130","화","남","10대","서울특별시","서대문구","충정로3가","중국집","5"
"20180130","화","여","30대","서울특별시","서대문구","연희동","중국집","40"
"20180130","화","여","30대","서울특별시","서대문구","창천동","중국집","19"
"20180130","화","남","10대","서울특별시","서대문구","창천동","중국집","13"
"20180130","화","여","30대","서울특별시","서대문구","충정로3가","중국집","5"
"20180130","화","여","30대","서울특별시","서대문구","홍제동","중국집","23"
"20180130","화","여","40대","서울특별시","서대문구","남가좌동","중국집","5"
"20180130","화","여","40대","서울특별시","서대문구","북아현동","중국집","5"
"20180130","화","남","60대이상","서울특별시","서대문구","창천동","중국집","19"
"20180130","화","여","40대","서울특별시","서대문구","연희동","중국집","42"
"20180130","화","여","30대","서울특별시","서대문구","홍은동","중국집","5"
"20180130","화","여","20대","서울특별시","서대문구","홍은동","중국집","5"
"20180130","화","여","10대","서울특별시","서대문구","홍제동","중국집","5"
"20180130","화","남","40대","서울특별시","서대문구","창천동","중국집","23"
"20180130","화","여","40대","서울특별시","서대문구","창천동","중국집","25"
"20180130","화","여","40대","서울특별시","서대문구","충정로3가","중국집","5"
"20180130","화","남","20대","서울특별시","서대문구","홍은동","중국집","5"
"20180130","화","남","50대","서울특별시","서대문구","홍제동","중국집","19"
"20180130","화","여","50대","서울특별시","서대문구","연희동","중국집","13"
"20180130","화","남","50대","서울특별시","서대문구","연희동","중국집","15"
"20180130","화","남","30대","서울특별시","서대문구","연희동","중국집","47"
"20180130","화","여","50대","서울특별시","서대문구","창천동","중국집","16"
"20180130","화","여","50대","서울특별시","서대문구","충정로3가","중국집","5"
"20180130","화","여","50대","서울특별시","서대문구","홍은동","중국집","5"
"20180130","화","여","50대","서울특별시","서대문구","홍제동","중국집","24"
"20180130","화","여","60대이상","서울특별시","서대문구","남가좌동","중국집","5"
"20180130","화","여","60대이상","서울특별시","서대문구","연희동","중국집","6"
"20180130","화","여","40대","서울특별시","서대문구","홍제동","중국집","35"
"20180130","화","여","60대이상","서울특별시","서대문구","창천동","중국집","8"
"20180130","화","여","60대이상","서울특별시","서대문구","홍은동","중국집","5"
"20180130","화","여","60대이상","서울특별시","서대문구","홍제동","중국집","11"
"20180130","화","남","10대","서울특별시","서초구","방배동","중국집","5"
"20180130","화","남","10대","서울특별시","서초구","서초동","중국집","5"
"20180130","화","남","20대","서울특별시","서초구","반포동","중국집","5"
"20180130","화","남","10대","서울특별시","서초구","반포동","중국집","5"
"20180130","화","남","20대","서울특별시","서초구","서초동","중국집","11"
"20180130","화","남","20대","서울특별시","서초구","양재동","중국집","20"
"20180130","화","남","30대","서울특별시","서초구","내곡동","중국집","5"
"20180130","화","남","30대","서울특별시","서초구","반포동","중국집","7"
"20180130","화","남","30대","서울특별시","서초구","서초동","중국집","8"
"20180130","화","남","40대","서울특별시","서초구","반포동","중국집","11"
"20180130","화","남","40대","서울특별시","서초구","서초동","중국집","9"
"20180130","화","남","40대","서울특별시","서초구","양재동","중국집","44"
"20180130","화","남","50대","서울특별시","서초구","방배동","중국집","46"
"20180130","화","남","50대","서울특별시","서초구","잠원동","중국집","5"
"20180130","화","남","60대이상","서울특별시","서초구","내곡동","중국집","5"
"20180130","화","남","30대","서울특별시","서초구","방배동","중국집","53"
"20180130","화","남","50대","서울특별시","서초구","서초동","중국집","5"
"20180130","화","남","60대이상","서울특별시","서초구","반포동","중국집","7"
"20180130","화","남","60대이상","서울특별시","서초구","방배동","중국집","33"
"20180130","화","남","60대이상","서울특별시","서초구","서초동","중국집","5"
"20180130","화","남","50대","서울특별시","서초구","양재동","중국집","37"
"20180130","화","남","60대이상","서울특별시","서초구","양재동","중국집","20"
"20180130","화","남","60대이상","서울특별시","서초구","잠원동","중국집","5"
"20180130","화","여","10대","서울특별시","서초구","반포동","중국집","5"
"20180130","화","여","10대","서울특별시","서초구","서초동","중국집","5"
"20180130","화","여","20대","서울특별시","서초구","반포동","중국집","5"
"20180130","화","여","20대","서울특별시","서초구","방배동","중국집","12"
"20180130","화","여","20대","서울특별시","서초구","서초동","중국집","5"
"20180130","화","여","30대","서울특별시","서초구","반포동","중국집","19"
"20180130","화","남","40대","서울특별시","서초구","방배동","중국집","42"
"20180130","화","여","30대","서울특별시","서초구","방배동","중국집","49"
"20180130","화","남","30대","서울특별시","서초구","양재동","중국집","34"
"20180130","화","여","30대","서울특별시","서초구","양재동","중국집","25"
"20180130","화","여","40대","서울특별시","서초구","방배동","중국집","65"
"20180130","화","여","40대","서울특별시","서초구","양재동","중국집","28"
"20180130","화","여","50대","서울특별시","서초구","반포동","중국집","20"
"20180130","화","남","40대","서울특별시","서초구","내곡동","중국집","7"
"20180130","화","여","50대","서울특별시","서초구","내곡동","중국집","5"
"20180130","화","남","50대","서울특별시","서초구","반포동","중국집","8"
"20180130","화","여","30대","서울특별시","서초구","서초동","중국집","7"
"20180130","화","남","20대","서울특별시","서초구","방배동","중국집","29"
"20180130","화","여","50대","서울특별시","서초구","방배동","중국집","36"
"20180130","화","여","40대","서울특별시","서초구","서초동","중국집","6"
"20180130","화","여","50대","서울특별시","서초구","서초동","중국집","5"
"20180130","화","여","40대","서울특별시","서초구","반포동","중국집","17"
"20180130","화","여","50대","서울특별시","서초구","양재동","중국집","12"
"20180130","화","여","60대이상","서울특별시","서초구","반포동","중국집","12"
"20180130","화","남","40대","서울특별시","서초구","잠원동","중국집","5"
"20180130","화","남","20대","서울특별시","서초구","내곡동","중국집","5"
"20180130","화","여","20대","서울특별시","서초구","양재동","중국집","17"
"20180130","화","여","60대이상","서울특별시","서초구","방배동","중국집","24"
"20180130","화","남","50대","서울특별시","서초구","내곡동","중국집","5"
"20180130","화","여","60대이상","서울특별시","서초구","서초동","중국집","11"
"20180130","화","남","10대","서울특별시","서초구","양재동","중국집","5"
"20180130","화","여","10대","서울특별시","서초구","방배동","중국집","5"
"20180130","화","여","60대이상","서울특별시","서초구","양재동","중국집","5"
"20180130","화","남","10대","서울특별시","성동구","옥수동","중국집","5"
"20180130","화","남","20대","서울특별시","성동구","성수동2가","중국집","70"
"20180130","화","남","20대","서울특별시","성동구","옥수동","중국집","13"
"20180130","화","남","30대","서울특별시","성동구","옥수동","중국집","19"
"20180130","화","남","40대","서울특별시","성동구","성수동2가","중국집","69"
"20180130","화","남","40대","서울특별시","성동구","옥수동","중국집","23"
"20180130","화","남","50대","서울특별시","성동구","옥수동","중국집","25"
"20180130","화","남","60대이상","서울특별시","성동구","성수동2가","중국집","23"
"20180130","화","남","30대","서울특별시","성동구","성수동2가","중국집","68"
"20180130","화","남","60대이상","서울특별시","성동구","옥수동","중국집","18"
"20180130","화","여","10대","서울특별시","성동구","성수동2가","중국집","9"
"20180130","화","여","20대","서울특별시","성동구","성수동2가","중국집","19"
"20180130","화","여","20대","서울특별시","성동구","옥수동","중국집","6"
"20180130","화","여","30대","서울특별시","성동구","성수동2가","중국집","51"
"20180130","화","여","40대","서울특별시","성동구","성수동2가","중국집","62"
"20180130","화","여","40대","서울특별시","성동구","옥수동","중국집","13"
"20180130","화","남","10대","서울특별시","성동구","성수동2가","중국집","18"
"20180130","화","여","50대","서울특별시","성동구","성수동2가","중국집","46"
"20180130","화","여","30대","서울특별시","성동구","옥수동","중국집","13"
"20180130","화","여","50대","서울특별시","성동구","옥수동","중국집","12"
"20180130","화","여","60대이상","서울특별시","성동구","옥수동","중국집","10"
"20180130","화","남","50대","서울특별시","성동구","성수동2가","중국집","48"
"20180130","화","여","60대이상","서울특별시","성동구","성수동2가","중국집","33"
"20180130","화","남","10대","서울특별시","성북구","동선동2가","중국집","9"
"20180130","화","남","20대","서울특별시","성북구","성북동","중국집","5"
"20180130","화","남","20대","서울특별시","성북구","정릉동","중국집","5"
"20180130","화","남","20대","서울특별시","성북구","종암동","중국집","5"
"20180130","화","남","20대","서울특별시","성북구","하월곡동","중국집","5"
"20180130","화","남","30대","서울특별시","성북구","동선동2가","중국집","41"
"20180130","화","남","30대","서울특별시","성북구","동선동3가","중국집","5"
"20180130","화","남","30대","서울특별시","성북구","하월곡동","중국집","5"
"20180130","화","남","40대","서울특별시","성북구","길음동","중국집","5"
"20180130","화","남","40대","서울특별시","성북구","동선동2가","중국집","33"
"20180130","화","남","30대","서울특별시","성북구","종암동","중국집","5"
"20180130","화","남","40대","서울특별시","성북구","동선동3가","중국집","5"
"20180130","화","남","40대","서울특별시","성북구","삼선동5가","중국집","5"
"20180130","화","남","40대","서울특별시","성북구","정릉동","중국집","5"
"20180130","화","남","50대","서울특별시","성북구","길음동","중국집","5"
"20180130","화","남","50대","서울특별시","성북구","정릉동","중국집","5"
"20180130","화","남","50대","서울특별시","성북구","하월곡동","중국집","5"
"20180130","화","남","60대이상","서울특별시","성북구","동선동3가","중국집","5"
"20180130","화","남","60대이상","서울특별시","성북구","성북동","중국집","5"
"20180130","화","남","30대","서울특별시","성북구","정릉동","중국집","5"
"20180130","화","남","60대이상","서울특별시","성북구","정릉동","중국집","5"
"20180130","화","남","50대","서울특별시","성북구","동선동2가","중국집","32"
"20180130","화","남","60대이상","서울특별시","성북구","종암동","중국집","5"
"20180130","화","남","60대이상","서울특별시","성북구","동선동2가","중국집","23"
"20180130","화","여","20대","서울특별시","성북구","동선동2가","중국집","15"
"20180130","화","여","20대","서울특별시","성북구","정릉동","중국집","5"
"20180130","화","여","20대","서울특별시","성북구","하월곡동","중국집","5"
"20180130","화","남","20대","서울특별시","성북구","동선동2가","중국집","26"
"20180130","화","여","30대","서울특별시","성북구","동선동2가","중국집","34"
"20180130","화","여","30대","서울특별시","성북구","종암동","중국집","5"
"20180130","화","여","20대","서울특별시","성북구","길음동","중국집","5"
"20180130","화","여","40대","서울특별시","성북구","동선동2가","중국집","49"
"20180130","화","여","40대","서울특별시","성북구","삼선동5가","중국집","5"
"20180130","화","여","40대","서울특별시","성북구","성북동","중국집","5"
"20180130","화","여","40대","서울특별시","성북구","하월곡동","중국집","5"
"20180130","화","여","50대","서울특별시","성북구","동선동2가","중국집","21"
"20180130","화","여","50대","서울특별시","성북구","장위동","중국집","5"
"20180130","화","여","50대","서울특별시","성북구","정릉동","중국집","5"
"20180130","화","여","50대","서울특별시","성북구","종암동","중국집","5"
"20180130","화","여","40대","서울특별시","성북구","정릉동","중국집","5"
"20180130","화","여","10대","서울특별시","성북구","동선동2가","중국집","5"
"20180130","화","여","20대","서울특별시","성북구","삼선동5가","중국집","6"
"20180130","화","여","50대","서울특별시","성북구","하월곡동","중국집","5"
"20180130","화","남","50대","서울특별시","성북구","종암동","중국집","5"
"20180130","화","여","60대이상","서울특별시","성북구","길음동","중국집","5"
"20180130","화","여","60대이상","서울특별시","성북구","동선동2가","중국집","12"
"20180130","화","남","60대이상","서울특별시","성북구","삼선동5가","중국집","5"
"20180130","화","여","60대이상","서울특별시","성북구","삼선동5가","중국집","5"
"20180130","화","남","40대","서울특별시","성북구","종암동","중국집","5"
"20180130","화","여","60대이상","서울특별시","성북구","성북동","중국집","5"
"20180130","화","남","50대","서울특별시","성북구","성북동","중국집","5"
"20180130","화","여","60대이상","서울특별시","성북구","정릉동","중국집","5"
"20180130","화","남","20대","서울특별시","성북구","길음동","중국집","5"
"20180130","화","여","60대이상","서울특별시","성북구","종암동","중국집","5"
"20180130","화","여","60대이상","서울특별시","성북구","하월곡동","중국집","5"
"20180130","화","남","10대","서울특별시","송파구","가락동","중국집","5"
"20180130","화","남","20대","서울특별시","송파구","송파동","중국집","36"
"20180130","화","남","30대","서울특별시","송파구","마천동","중국집","5"
"20180130","화","남","30대","서울특별시","송파구","송파동","중국집","80"
"20180130","화","남","40대","서울특별시","송파구","가락동","중국집","12"
"20180130","화","남","50대","서울특별시","송파구","가락동","중국집","6"
"20180130","화","남","50대","서울특별시","송파구","마천동","중국집","5"
"20180130","화","남","50대","서울특별시","송파구","풍납동","중국집","5"
"20180130","화","남","60대이상","서울특별시","송파구","가락동","중국집","9"
"20180130","화","남","30대","서울특별시","송파구","가락동","중국집","11"
"20180130","화","남","60대이상","서울특별시","송파구","풍납동","중국집","5"
"20180130","화","남","60대이상","서울특별시","송파구","방이동","중국집","5"
"20180130","화","여","10대","서울특별시","송파구","송파동","중국집","8"
"20180130","화","여","20대","서울특별시","송파구","가락동","중국집","5"
"20180130","화","여","20대","서울특별시","송파구","마천동","중국집","5"
"20180130","화","남","20대","서울특별시","송파구","가락동","중국집","5"
"20180130","화","여","20대","서울특별시","송파구","송파동","중국집","16"
"20180130","화","남","60대이상","서울특별시","송파구","송파동","중국집","38"
"20180130","화","여","30대","서울특별시","송파구","가락동","중국집","5"
"20180130","화","남","40대","서울특별시","송파구","송파동","중국집","102"
"20180130","화","남","10대","서울특별시","송파구","마천동","중국집","5"
"20180130","화","남","30대","서울특별시","송파구","방이동","중국집","5"
"20180130","화","여","30대","서울특별시","송파구","송파동","중국집","76"
"20180130","화","남","20대","서울특별시","송파구","방이동","중국집","5"
"20180130","화","여","40대","서울특별시","송파구","가락동","중국집","10"
"20180130","화","여","40대","서울특별시","송파구","방이동","중국집","5"
"20180130","화","여","40대","서울특별시","송파구","송파동","중국집","70"
"20180130","화","여","40대","서울특별시","송파구","풍납동","중국집","5"
"20180130","화","여","50대","서울특별시","송파구","가락동","중국집","5"
"20180130","화","여","50대","서울특별시","송파구","송파동","중국집","46"
"20180130","화","남","10대","서울특별시","송파구","송파동","중국집","16"
"20180130","화","남","60대이상","서울특별시","송파구","마천동","중국집","5"
"20180130","화","남","40대","서울특별시","송파구","풍납동","중국집","5"
"20180130","화","여","60대이상","서울특별시","송파구","가락동","중국집","5"
"20180130","화","여","60대이상","서울특별시","송파구","송파동","중국집","35"
"20180130","화","남","50대","서울특별시","송파구","송파동","중국집","46"
"20180130","화","남","10대","서울특별시","양천구","목동","중국집","5"
"20180130","화","남","10대","서울특별시","양천구","신정동","중국집","5"
"20180130","화","남","20대","서울특별시","양천구","목동","중국집","5"
"20180130","화","남","20대","서울특별시","양천구","신정동","중국집","7"
"20180130","화","남","30대","서울특별시","양천구","목동","중국집","5"
"20180130","화","남","30대","서울특별시","양천구","신정동","중국집","13"
"20180130","화","남","40대","서울특별시","양천구","목동","중국집","5"
"20180130","화","남","50대","서울특별시","양천구","목동","중국집","5"
"20180130","화","남","50대","서울특별시","양천구","신월동","중국집","6"
"20180130","화","남","50대","서울특별시","양천구","신정동","중국집","5"
"20180130","화","남","60대이상","서울특별시","양천구","신월동","중국집","5"
"20180130","화","남","60대이상","서울특별시","양천구","신정동","중국집","6"
"20180130","화","여","10대","서울특별시","양천구","목동","중국집","5"
"20180130","화","여","20대","서울특별시","양천구","목동","중국집","5"
"20180130","화","남","40대","서울특별시","양천구","신월동","중국집","5"
"20180130","화","여","20대","서울특별시","양천구","신월동","중국집","5"
"20180130","화","여","30대","서울특별시","양천구","신월동","중국집","5"
"20180130","화","남","30대","서울특별시","양천구","신월동","중국집","5"
"20180130","화","여","30대","서울특별시","양천구","신정동","중국집","9"
"20180130","화","여","40대","서울특별시","양천구","신월동","중국집","5"
"20180130","화","여","40대","서울특별시","양천구","신정동","중국집","19"
"20180130","화","여","50대","서울특별시","양천구","신월동","중국집","5"
"20180130","화","남","40대","서울특별시","양천구","신정동","중국집","16"
"20180130","화","여","50대","서울특별시","양천구","신정동","중국집","9"
"20180130","화","여","60대이상","서울특별시","양천구","목동","중국집","5"
"20180130","화","여","20대","서울특별시","양천구","신정동","중국집","8"
"20180130","화","여","60대이상","서울특별시","양천구","신월동","중국집","5"
"20180130","화","여","40대","서울특별시","양천구","목동","중국집","5"
"20180130","화","여","60대이상","서울특별시","양천구","신정동","중국집","5"
"20180130","화","남","10대","서울특별시","영등포구","문래동2가","중국집","5"
"20180130","화","남","10대","서울특별시","영등포구","신길동","중국집","5"
"20180130","화","남","10대","서울특별시","영등포구","여의도동","중국집","5"
"20180130","화","남","30대","서울특별시","영등포구","당산동3가","중국집","5"
"20180130","화","남","30대","서울특별시","영등포구","문래동2가","중국집","7"
"20180130","화","남","20대","서울특별시","영등포구","문래동3가","중국집","13"
"20180130","화","남","30대","서울특별시","영등포구","신길동","중국집","5"
"20180130","화","남","30대","서울특별시","영등포구","영등포동1가","중국집","5"
"20180130","화","남","30대","서울특별시","영등포구","영등포동7가","중국집","5"
"20180130","화","남","30대","서울특별시","영등포구","문래동3가","중국집","29"
"20180130","화","남","40대","서울특별시","영등포구","문래동3가","중국집","31"
"20180130","화","남","40대","서울특별시","영등포구","여의도동","중국집","34"
"20180130","화","남","40대","서울특별시","영등포구","영등포동7가","중국집","5"
"20180130","화","남","50대","서울특별시","영등포구","대림동","중국집","5"
"20180130","화","남","40대","서울특별시","영등포구","대림동","중국집","5"
"20180130","화","남","50대","서울특별시","영등포구","문래동2가","중국집","18"
"20180130","화","남","50대","서울특별시","영등포구","신길동","중국집","5"
"20180130","화","남","50대","서울특별시","영등포구","여의도동","중국집","17"
"20180130","화","남","50대","서울특별시","영등포구","영등포동1가","중국집","5"
"20180130","화","남","60대이상","서울특별시","영등포구","대림동","중국집","5"
"20180130","화","남","60대이상","서울특별시","영등포구","문래동2가","중국집","5"
"20180130","화","남","60대이상","서울특별시","영등포구","문래동3가","중국집","19"
"20180130","화","남","10대","서울특별시","영등포구","문래동3가","중국집","8"
"20180130","화","남","60대이상","서울특별시","영등포구","여의도동","중국집","12"
"20180130","화","남","50대","서울특별시","영등포구","문래동3가","중국집","26"
"20180130","화","남","60대이상","서울특별시","영등포구","영등포동1가","중국집","5"
"20180130","화","남","20대","서울특별시","영등포구","여의도동","중국집","13"
"20180130","화","여","10대","서울특별시","영등포구","여의도동","중국집","5"
"20180130","화","여","20대","서울특별시","영등포구","당산동6가","중국집","5"
"20180130","화","여","20대","서울특별시","영등포구","문래동2가","중국집","5"
"20180130","화","여","20대","서울특별시","영등포구","여의도동","중국집","13"
"20180130","화","여","10대","서울특별시","영등포구","문래동2가","중국집","5"
"20180130","화","여","10대","서울특별시","영등포구","문래동3가","중국집","5"
"20180130","화","여","30대","서울특별시","영등포구","대림동","중국집","5"
"20180130","화","여","30대","서울특별시","영등포구","문래동2가","중국집","13"
"20180130","화","남","20대","서울특별시","영등포구","문래동2가","중국집","5"
"20180130","화","여","30대","서울특별시","영등포구","문래동3가","중국집","20"
"20180130","화","여","40대","서울특별시","영등포구","문래동2가","중국집","19"
"20180130","화","남","40대","서울특별시","영등포구","문래동2가","중국집","21"
"20180130","화","여","30대","서울특별시","영등포구","영등포동1가","중국집","5"
"20180130","화","여","40대","서울특별시","영등포구","문래동3가","중국집","29"
"20180130","화","여","50대","서울특별시","영등포구","문래동2가","중국집","8"
"20180130","화","여","10대","서울특별시","영등포구","대림동","중국집","5"
"20180130","화","여","50대","서울특별시","영등포구","문래동3가","중국집","10"
"20180130","화","남","40대","서울특별시","영등포구","영등포동1가","중국집","6"
"20180130","화","여","30대","서울특별시","영등포구","영등포동7가","중국집","5"
"20180130","화","여","50대","서울특별시","영등포구","신길동","중국집","5"
"20180130","화","여","50대","서울특별시","영등포구","여의도동","중국집","11"
"20180130","화","여","30대","서울특별시","영등포구","여의도동","중국집","23"
"20180130","화","여","40대","서울특별시","영등포구","영등포동1가","중국집","5"
"20180130","화","여","50대","서울특별시","영등포구","영등포동1가","중국집","5"
"20180130","화","여","40대","서울특별시","영등포구","여의도동","중국집","15"
"20180130","화","여","60대이상","서울특별시","영등포구","문래동2가","중국집","9"
"20180130","화","여","40대","서울특별시","영등포구","신길동","중국집","5"
"20180130","화","남","30대","서울특별시","영등포구","대림동","중국집","5"
"20180130","화","여","60대이상","서울특별시","영등포구","문래동3가","중국집","5"
"20180130","화","여","20대","서울특별시","영등포구","문래동3가","중국집","16"
"20180130","화","여","60대이상","서울특별시","영등포구","여의도동","중국집","5"
"20180130","화","여","60대이상","서울특별시","영등포구","영등포동1가","중국집","5"
"20180130","화","남","30대","서울특별시","영등포구","여의도동","중국집","33"
"20180130","화","여","60대이상","서울특별시","영등포구","영등포동7가","중국집","5"
"20180130","화","남","10대","서울특별시","용산구","동자동","중국집","5"
"20180130","화","남","10대","서울특별시","용산구","한강로3가","중국집","5"
"20180130","화","남","20대","서울특별시","용산구","보광동","중국집","5"
"20180130","화","남","20대","서울특별시","용산구","원효로4가","중국집","5"
"20180130","화","남","20대","서울특별시","용산구","이태원동","중국집","5"
"20180130","화","남","30대","서울특별시","용산구","보광동","중국집","13"
"20180130","화","남","20대","서울특별시","용산구","이촌동","중국집","5"
"20180130","화","남","30대","서울특별시","용산구","신계동","중국집","5"
"20180130","화","남","30대","서울특별시","용산구","이촌동","중국집","5"
"20180130","화","남","30대","서울특별시","용산구","이태원동","중국집","6"
"20180130","화","남","30대","서울특별시","용산구","한강로1가","중국집","5"
"20180130","화","남","40대","서울특별시","용산구","원효로4가","중국집","5"
"20180130","화","남","20대","서울특별시","용산구","한남동","중국집","5"
"20180130","화","남","40대","서울특별시","용산구","한강로3가","중국집","35"
"20180130","화","남","40대","서울특별시","용산구","한남동","중국집","5"
"20180130","화","남","30대","서울특별시","용산구","한남동","중국집","5"
"20180130","화","남","50대","서울특별시","용산구","이태원동","중국집","5"
"20180130","화","남","50대","서울특별시","용산구","한강로3가","중국집","21"
"20180130","화","남","50대","서울특별시","용산구","한남동","중국집","5"
"20180130","화","남","50대","서울특별시","용산구","후암동","중국집","29"
"20180130","화","남","60대이상","서울특별시","용산구","동자동","중국집","5"
"20180130","화","남","10대","서울특별시","용산구","이촌동","중국집","5"
"20180130","화","남","60대이상","서울특별시","용산구","한강로3가","중국집","9"
"20180130","화","남","20대","서울특별시","용산구","한강로3가","중국집","29"
"20180130","화","남","60대이상","서울특별시","용산구","한남동","중국집","5"
"20180130","화","남","60대이상","서울특별시","용산구","후암동","중국집","27"
"20180130","화","여","10대","서울특별시","용산구","후암동","중국집","5"
"20180130","화","남","30대","서울특별시","용산구","후암동","중국집","19"
"20180130","화","남","30대","서울특별시","용산구","원효로4가","중국집","5"
"20180130","화","여","20대","서울특별시","용산구","이촌동","중국집","5"
"20180130","화","남","20대","서울특별시","용산구","후암동","중국집","5"
"20180130","화","남","40대","서울특별시","용산구","보광동","중국집","5"
"20180130","화","여","20대","서울특별시","용산구","이태원동","중국집","5"
"20180130","화","남","60대이상","서울특별시","용산구","보광동","중국집","5"
"20180130","화","여","30대","서울특별시","용산구","동자동","중국집","5"
"20180130","화","여","30대","서울특별시","용산구","보광동","중국집","5"
"20180130","화","여","20대","서울특별시","용산구","한강로3가","중국집","12"
"20180130","화","여","10대","서울특별시","용산구","이촌동","중국집","5"
"20180130","화","남","50대","서울특별시","용산구","이촌동","중국집","5"
"20180130","화","여","30대","서울특별시","용산구","원효로4가","중국집","5"
"20180130","화","여","30대","서울특별시","용산구","한강로3가","중국집","26"
"20180130","화","여","20대","서울특별시","용산구","보광동","중국집","5"
"20180130","화","여","30대","서울특별시","용산구","한남동","중국집","5"
"20180130","화","여","30대","서울특별시","용산구","후암동","중국집","13"
"20180130","화","여","40대","서울특별시","용산구","동자동","중국집","5"
"20180130","화","남","60대이상","서울특별시","용산구","이태원동","중국집","5"
"20180130","화","여","40대","서울특별시","용산구","보광동","중국집","5"
"20180130","화","남","40대","서울특별시","용산구","후암동","중국집","36"
"20180130","화","여","40대","서울특별시","용산구","이태원동","중국집","5"
"20180130","화","여","40대","서울특별시","용산구","한강로3가","중국집","30"
"20180130","화","여","40대","서울특별시","용산구","원효로4가","중국집","5"
"20180130","화","여","40대","서울특별시","용산구","한남동","중국집","5"
"20180130","화","여","40대","서울특별시","용산구","후암동","중국집","19"
"20180130","화","여","50대","서울특별시","용산구","보광동","중국집","5"
"20180130","화","여","50대","서울특별시","용산구","원효로4가","중국집","5"
"20180130","화","남","10대","서울특별시","용산구","이태원동","중국집","5"
"20180130","화","여","30대","서울특별시","용산구","이촌동","중국집","5"
"20180130","화","남","40대","서울특별시","용산구","신계동","중국집","5"
"20180130","화","여","50대","서울특별시","용산구","이촌동","중국집","5"
"20180130","화","남","50대","서울특별시","용산구","보광동","중국집","5"
"20180130","화","여","50대","서울특별시","용산구","한강로3가","중국집","27"
"20180130","화","여","50대","서울특별시","용산구","후암동","중국집","12"
"20180130","화","남","30대","서울특별시","용산구","도원동","중국집","5"
"20180130","화","여","50대","서울특별시","용산구","한남동","중국집","5"
"20180130","화","남","40대","서울특별시","용산구","동자동","중국집","5"
"20180130","화","여","60대이상","서울특별시","용산구","보광동","중국집","5"
"20180130","화","남","10대","서울특별시","용산구","도원동","중국집","5"
"20180130","화","여","60대이상","서울특별시","용산구","이태원동","중국집","5"
"20180130","화","남","30대","서울특별시","용산구","한강로3가","중국집","46"
"20180130","화","여","60대이상","서울특별시","용산구","한강로3가","중국집","10"
"20180130","화","남","10대","서울특별시","용산구","보광동","중국집","5"
"20180130","화","여","50대","서울특별시","용산구","도원동","중국집","5"
"20180130","화","여","20대","서울특별시","용산구","후암동","중국집","8"
"20180130","화","여","40대","서울특별시","용산구","이촌동","중국집","5"
"20180130","화","여","60대이상","서울특별시","용산구","후암동","중국집","9"
"20180130","화","남","10대","서울특별시","은평구","불광동","중국집","12"
"20180130","화","남","10대","서울특별시","은평구","증산동","중국집","5"
"20180130","화","남","20대","서울특별시","은평구","구산동","중국집","5"
"20180130","화","남","20대","서울특별시","은평구","불광동","중국집","17"
"20180130","화","남","20대","서울특별시","은평구","증산동","중국집","5"
"20180130","화","남","30대","서울특별시","은평구","구산동","중국집","5"
"20180130","화","남","30대","서울특별시","은평구","불광동","중국집","43"
"20180130","화","남","30대","서울특별시","은평구","증산동","중국집","5"
"20180130","화","남","40대","서울특별시","은평구","구산동","중국집","5"
"20180130","화","남","40대","서울특별시","은평구","불광동","중국집","45"
"20180130","화","남","40대","서울특별시","은평구","진관동","중국집","5"
"20180130","화","남","50대","서울특별시","은평구","구산동","중국집","5"
"20180130","화","남","50대","서울특별시","은평구","증산동","중국집","5"
"20180130","화","남","60대이상","서울특별시","은평구","불광동","중국집","25"
"20180130","화","남","60대이상","서울특별시","은평구","수색동","중국집","5"
"20180130","화","여","10대","서울특별시","은평구","불광동","중국집","5"
"20180130","화","여","20대","서울특별시","은평구","구산동","중국집","5"
"20180130","화","여","20대","서울특별시","은평구","불광동","중국집","16"
"20180130","화","여","20대","서울특별시","은평구","증산동","중국집","5"
"20180130","화","남","50대","서울특별시","은평구","수색동","중국집","5"
"20180130","화","여","30대","서울특별시","은평구","구산동","중국집","5"
"20180130","화","여","30대","서울특별시","은평구","불광동","중국집","43"
"20180130","화","여","30대","서울특별시","은평구","수색동","중국집","5"
"20180130","화","여","30대","서울특별시","은평구","증산동","중국집","5"
"20180130","화","여","40대","서울특별시","은평구","불광동","중국집","63"
"20180130","화","여","40대","서울특별시","은평구","구산동","중국집","5"
"20180130","화","여","40대","서울특별시","은평구","증산동","중국집","5"
"20180130","화","여","50대","서울특별시","은평구","불광동","중국집","22"
"20180130","화","남","50대","서울특별시","은평구","불광동","중국집","23"
"20180130","화","여","60대이상","서울특별시","은평구","구산동","중국집","5"
"20180130","화","여","60대이상","서울특별시","은평구","불광동","중국집","19"
"20180130","화","여","50대","서울특별시","은평구","수색동","중국집","5"
"20180130","화","여","50대","서울특별시","은평구","증산동","중국집","5"
"20180130","화","여","60대이상","서울특별시","은평구","증산동","중국집","5"
"20180130","화","여","50대","서울특별시","은평구","구산동","중국집","5"
"20180130","화","남","20대","서울특별시","종로구","경운동","중국집","5"
"20180130","화","남","20대","서울특별시","종로구","낙원동","중국집","5"
"20180130","화","남","20대","서울특별시","종로구","종로3가","중국집","5"
"20180130","화","남","20대","서울특별시","종로구","평창동","중국집","5"
"20180130","화","남","20대","서울특별시","종로구","교남동","중국집","5"
"20180130","화","남","30대","서울특별시","종로구","경운동","중국집","5"
"20180130","화","남","20대","서울특별시","종로구","서린동","중국집","5"
"20180130","화","남","30대","서울특별시","종로구","숭인동","중국집","5"
"20180130","화","남","30대","서울특별시","종로구","청진동","중국집","5"
"20180130","화","남","40대","서울특별시","종로구","원서동","중국집","5"
"20180130","화","남","40대","서울특별시","종로구","명륜1가","중국집","5"
"20180130","화","남","20대","서울특별시","종로구","명륜1가","중국집","5"
"20180130","화","남","40대","서울특별시","종로구","종로5가","중국집","5"
"20180130","화","남","40대","서울특별시","종로구","낙원동","중국집","5"
"20180130","화","남","40대","서울특별시","종로구","평창동","중국집","5"
"20180130","화","남","50대","서울특별시","종로구","관수동","중국집","5"
"20180130","화","남","20대","서울특별시","종로구","창신동","중국집","5"
"20180130","화","남","50대","서울특별시","종로구","낙원동","중국집","5"
"20180130","화","남","50대","서울특별시","종로구","신문로2가","중국집","5"
"20180130","화","남","50대","서울특별시","종로구","원서동","중국집","5"
"20180130","화","남","60대이상","서울특별시","종로구","명륜3가","중국집","5"
"20180130","화","남","60대이상","서울특별시","종로구","종로6가","중국집","5"
"20180130","화","남","60대이상","서울특별시","종로구","원서동","중국집","5"
"20180130","화","남","40대","서울특별시","종로구","숭인동","중국집","5"
"20180130","화","남","30대","서울특별시","종로구","명륜1가","중국집","5"
"20180130","화","여","10대","서울특별시","종로구","원서동","중국집","5"
"20180130","화","여","10대","서울특별시","종로구","창성동","중국집","5"
"20180130","화","여","20대","서울특별시","종로구","경운동","중국집","5"
"20180130","화","여","20대","서울특별시","종로구","교남동","중국집","5"
"20180130","화","남","50대","서울특별시","종로구","동숭동","중국집","5"
"20180130","화","여","20대","서울특별시","종로구","동숭동","중국집","5"
"20180130","화","남","60대이상","서울특별시","종로구","낙원동","중국집","5"
"20180130","화","여","20대","서울특별시","종로구","옥인동","중국집","5"
"20180130","화","남","40대","서울특별시","종로구","안국동","중국집","5"
"20180130","화","여","20대","서울특별시","종로구","원서동","중국집","5"
"20180130","화","여","20대","서울특별시","종로구","종로5가","중국집","5"
"20180130","화","남","20대","서울특별시","종로구","원서동","중국집","5"
"20180130","화","남","30대","서울특별시","종로구","교남동","중국집","5"
"20180130","화","여","20대","서울특별시","종로구","창성동","중국집","5"
"20180130","화","남","30대","서울특별시","종로구","서린동","중국집","5"
"20180130","화","여","30대","서울특별시","종로구","관수동","중국집","5"
"20180130","화","남","60대이상","서울특별시","종로구","평창동","중국집","5"
"20180130","화","여","30대","서울특별시","종로구","교남동","중국집","5"
"20180130","화","여","30대","서울특별시","종로구","서린동","중국집","5"
"20180130","화","남","50대","서울특별시","종로구","경운동","중국집","5"
"20180130","화","여","30대","서울특별시","종로구","숭인동","중국집","5"
"20180130","화","남","50대","서울특별시","종로구","종로6가","중국집","5"
"20180130","화","여","30대","서울특별시","종로구","창성동","중국집","5"
"20180130","화","남","30대","서울특별시","종로구","창성동","중국집","5"
"20180130","화","남","30대","서울특별시","종로구","신문로2가","중국집","5"
"20180130","화","여","30대","서울특별시","종로구","평창동","중국집","5"
"20180130","화","여","20대","서울특별시","종로구","낙원동","중국집","5"
"20180130","화","여","40대","서울특별시","종로구","교남동","중국집","5"
"20180130","화","여","40대","서울특별시","종로구","낙원동","중국집","5"
"20180130","화","남","20대","서울특별시","종로구","신문로2가","중국집","5"
"20180130","화","여","40대","서울특별시","종로구","동숭동","중국집","5"
"20180130","화","여","40대","서울특별시","종로구","명륜1가","중국집","5"
"20180130","화","여","40대","서울특별시","종로구","숭인동","중국집","5"
"20180130","화","여","40대","서울특별시","종로구","신문로2가","중국집","5"
"20180130","화","여","20대","서울특별시","종로구","관수동","중국집","5"
"20180130","화","여","40대","서울특별시","종로구","옥인동","중국집","5"
"20180130","화","남","60대이상","서울특별시","종로구","교남동","중국집","5"
"20180130","화","여","30대","서울특별시","종로구","신문로2가","중국집","5"
"20180130","화","남","50대","서울특별시","종로구","안국동","중국집","5"
"20180130","화","여","40대","서울특별시","종로구","원서동","중국집","5"
"20180130","화","여","20대","서울특별시","종로구","명륜1가","중국집","5"
"20180130","화","여","40대","서울특별시","종로구","창성동","중국집","5"
"20180130","화","여","40대","서울특별시","종로구","평창동","중국집","5"
"20180130","화","여","50대","서울특별시","종로구","경운동","중국집","5"
"20180130","화","여","50대","서울특별시","종로구","낙원동","중국집","5"
"20180130","화","여","50대","서울특별시","종로구","서린동","중국집","5"
"20180130","화","남","30대","서울특별시","종로구","동숭동","중국집","5"
"20180130","화","여","50대","서울특별시","종로구","숭인동","중국집","5"
"20180130","화","여","50대","서울특별시","종로구","신문로2가","중국집","5"
"20180130","화","여","50대","서울특별시","종로구","종로6가","중국집","5"
"20180130","화","여","50대","서울특별시","종로구","창성동","중국집","5"
"20180130","화","여","30대","서울특별시","종로구","동숭동","중국집","5"
"20180130","화","남","60대이상","서울특별시","종로구","옥인동","중국집","5"
"20180130","화","남","30대","서울특별시","종로구","관수동","중국집","5"
"20180130","화","여","50대","서울특별시","종로구","창신동","중국집","5"
"20180130","화","남","60대이상","서울특별시","종로구","동숭동","중국집","5"
"20180130","화","남","40대","서울특별시","종로구","서린동","중국집","5"
"20180130","화","여","50대","서울특별시","종로구","평창동","중국집","5"
"20180130","화","남","20대","서울특별시","종로구","창성동","중국집","5"
"20180130","화","남","30대","서울특별시","종로구","원서동","중국집","5"
"20180130","화","여","60대이상","서울특별시","종로구","원서동","중국집","5"
"20180130","화","여","50대","서울특별시","종로구","명륜1가","중국집","5"
"20180130","화","남","40대","서울특별시","종로구","동숭동","중국집","5"
"20180130","화","여","30대","서울특별시","종로구","원서동","중국집","5"
"20180130","화","남","20대","서울특별시","종로구","청진동","중국집","5"
"20180130","화","여","60대이상","서울특별시","종로구","창성동","중국집","5"
"20180130","화","여","60대이상","서울특별시","종로구","평창동","중국집","5"
"20180130","화","남","40대","서울특별시","종로구","신문로2가","중국집","5"
"20180130","화","남","30대","서울특별시","종로구","낙원동","중국집","5"
"20180130","화","남","10대","서울특별시","중구","수하동","중국집","7"
"20180130","화","남","20대","서울특별시","중구","수하동","중국집","35"
"20180130","화","남","20대","서울특별시","중구","주교동","중국집","5"
"20180130","화","남","20대","서울특별시","중구","충무로1가","중국집","5"
"20180130","화","남","20대","서울특별시","중구","회현동1가","중국집","5"
"20180130","화","남","30대","서울특별시","중구","명동1가","중국집","5"
"20180130","화","남","30대","서울특별시","중구","서소문동","중국집","5"
"20180130","화","남","30대","서울특별시","중구","을지로1가","중국집","5"
"20180130","화","남","40대","서울특별시","중구","무교동","중국집","5"
"20180130","화","남","30대","서울특별시","중구","을지로3가","중국집","5"
"20180130","화","남","10대","서울특별시","중구","신당동","중국집","10"
"20180130","화","남","40대","서울특별시","중구","수하동","중국집","92"
"20180130","화","남","40대","서울특별시","중구","을지로3가","중국집","5"
"20180130","화","남","40대","서울특별시","중구","을지로6가","중국집","5"
"20180130","화","남","50대","서울특별시","중구","신당동","중국집","58"
"20180130","화","남","50대","서울특별시","중구","을지로6가","중국집","5"
"20180130","화","남","50대","서울특별시","중구","충무로1가","중국집","5"
"20180130","화","남","30대","서울특별시","중구","을지로6가","중국집","5"
"20180130","화","남","60대이상","서울특별시","중구","신당동","중국집","33"
"20180130","화","남","60대이상","서울특별시","중구","정동","중국집","5"
"20180130","화","남","60대이상","서울특별시","중구","필동2가","중국집","5"
"20180130","화","남","20대","서울특별시","중구","신당동","중국집","50"
"20180130","화","여","20대","서울특별시","중구","서소문동","중국집","5"
"20180130","화","여","20대","서울특별시","중구","수하동","중국집","15"
"20180130","화","남","40대","서울특별시","중구","정동","중국집","5"
"20180130","화","여","30대","서울특별시","중구","명동1가","중국집","5"
"20180130","화","여","30대","서울특별시","중구","수표동","중국집","5"
"20180130","화","여","20대","서울특별시","중구","충무로1가","중국집","5"
"20180130","화","남","60대이상","서울특별시","중구","수하동","중국집","26"
"20180130","화","남","30대","서울특별시","중구","수하동","중국집","87"
"20180130","화","여","30대","서울특별시","중구","수하동","중국집","33"
"20180130","화","여","30대","서울특별시","중구","신당동","중국집","42"
"20180130","화","남","30대","서울특별시","중구","주교동","중국집","5"
"20180130","화","여","30대","서울특별시","중구","을지로6가","중국집","5"
"20180130","화","여","30대","서울특별시","중구","장충동2가","중국집","5"
"20180130","화","남","50대","서울특별시","중구","을지로3가","중국집","5"
"20180130","화","여","30대","서울특별시","중구","정동","중국집","5"
"20180130","화","남","10대","서울특별시","중구","필동2가","중국집","5"
"20180130","화","여","30대","서울특별시","중구","충무로1가","중국집","5"
"20180130","화","남","60대이상","서울특별시","중구","충무로1가","중국집","5"
"20180130","화","남","40대","서울특별시","중구","신당동","중국집","61"
"20180130","화","여","40대","서울특별시","중구","무교동","중국집","5"
"20180130","화","남","50대","서울특별시","중구","필동2가","중국집","5"
"20180130","화","여","40대","서울특별시","중구","수하동","중국집","31"
"20180130","화","남","50대","서울특별시","중구","수하동","중국집","64"
"20180130","화","남","30대","서울특별시","중구","신당동","중국집","67"
"20180130","화","남","50대","서울특별시","중구","정동","중국집","5"
"20180130","화","여","40대","서울특별시","중구","신당동","중국집","52"
"20180130","화","남","40대","서울특별시","중구","회현동1가","중국집","5"
"20180130","화","여","10대","서울특별시","중구","신당동","중국집","5"
"20180130","화","남","50대","서울특별시","중구","을지로1가","중국집","5"
"20180130","화","여","40대","서울특별시","중구","필동2가","중국집","5"
"20180130","화","여","20대","서울특별시","중구","필동2가","중국집","5"
"20180130","화","여","30대","서울특별시","중구","회현동1가","중국집","5"
"20180130","화","여","50대","서울특별시","중구","수하동","중국집","24"
"20180130","화","여","20대","서울특별시","중구","신당동","중국집","15"
"20180130","화","여","50대","서울특별시","중구","신당동","중국집","51"
"20180130","화","남","60대이상","서울특별시","중구","을지로1가","중국집","5"
"20180130","화","여","20대","서울특별시","중구","명동1가","중국집","5"
"20180130","화","여","50대","서울특별시","중구","을지로3가","중국집","5"
"20180130","화","여","50대","서울특별시","중구","필동2가","중국집","5"
"20180130","화","여","60대이상","서울특별시","중구","명동1가","중국집","5"
"20180130","화","여","60대이상","서울특별시","중구","수하동","중국집","14"
"20180130","화","여","40대","서울특별시","중구","정동","중국집","5"
"20180130","화","남","40대","서울특별시","중구","충무로1가","중국집","5"
"20180130","화","여","60대이상","서울특별시","중구","신당동","중국집","17"
"20180130","화","여","60대이상","서울특별시","중구","회현동1가","중국집","5"
"20180130","화","남","10대","서울특별시","중랑구","면목동","중국집","7"
"20180130","화","남","10대","서울특별시","중랑구","신내동","중국집","5"
"20180130","화","남","20대","서울특별시","중랑구","망우동","중국집","5"
"20180130","화","남","20대","서울특별시","중랑구","신내동","중국집","5"
"20180130","화","남","30대","서울특별시","중랑구","망우동","중국집","5"
"20180130","화","남","30대","서울특별시","중랑구","신내동","중국집","5"
"20180130","화","남","40대","서울특별시","중랑구","망우동","중국집","5"
"20180130","화","남","40대","서울특별시","중랑구","묵동","중국집","6"
"20180130","화","남","50대","서울특별시","중랑구","망우동","중국집","5"
"20180130","화","남","30대","서울특별시","중랑구","면목동","중국집","36"
"20180130","화","남","50대","서울특별시","중랑구","면목동","중국집","39"
"20180130","화","남","50대","서울특별시","중랑구","묵동","중국집","5"
"20180130","화","남","10대","서울특별시","중랑구","묵동","중국집","5"
"20180130","화","남","50대","서울특별시","중랑구","상봉동","중국집","5"
"20180130","화","남","60대이상","서울특별시","중랑구","망우동","중국집","5"
"20180130","화","남","60대이상","서울특별시","중랑구","면목동","중국집","22"
"20180130","화","남","40대","서울특별시","중랑구","면목동","중국집","46"
"20180130","화","남","60대이상","서울특별시","중랑구","신내동","중국집","5"
"20180130","화","여","10대","서울특별시","중랑구","면목동","중국집","5"
"20180130","화","여","20대","서울특별시","중랑구","면목동","중국집","13"
"20180130","화","여","30대","서울특별시","중랑구","망우동","중국집","5"
"20180130","화","여","30대","서울특별시","중랑구","면목동","중국집","35"
"20180130","화","여","30대","서울특별시","중랑구","묵동","중국집","5"
"20180130","화","여","30대","서울특별시","중랑구","신내동","중국집","5"
"20180130","화","남","20대","서울특별시","중랑구","면목동","중국집","26"
"20180130","화","여","40대","서울특별시","중랑구","면목동","중국집","47"
"20180130","화","여","40대","서울특별시","중랑구","신내동","중국집","5"
"20180130","화","여","50대","서울특별시","중랑구","면목동","중국집","24"
"20180130","화","여","50대","서울특별시","중랑구","묵동","중국집","5"
"20180130","화","여","60대이상","서울특별시","중랑구","망우동","중국집","5"
"20180130","화","여","60대이상","서울특별시","중랑구","면목동","중국집","11"
"20180130","화","여","60대이상","서울특별시","중랑구","묵동","중국집","5"
"20180130","화","남","40대","서울특별시","중랑구","신내동","중국집","5"
"20180130","화","여","60대이상","서울특별시","중랑구","신내동","중국집","5"
"20180131","수","남","10대","서울특별시","강남구","삼성동","중국집","7"
"20180131","수","남","20대","서울특별시","강남구","도곡동","중국집","5"
"20180131","수","남","20대","서울특별시","강남구","세곡동","중국집","5"
"20180131","수","남","30대","서울특별시","강남구","개포동","중국집","5"
"20180131","수","남","30대","서울특별시","강남구","수서동","중국집","5"
"20180131","수","남","30대","서울특별시","강남구","대치동","중국집","6"
"20180131","수","남","30대","서울특별시","강남구","삼성동","중국집","107"
"20180131","수","남","30대","서울특별시","강남구","역삼동","중국집","60"
"20180131","수","남","30대","서울특별시","강남구","일원동","중국집","5"
"20180131","수","남","40대","서울특별시","강남구","논현동","중국집","36"
"20180131","수","남","40대","서울특별시","강남구","세곡동","중국집","7"
"20180131","수","남","30대","서울특별시","강남구","논현동","중국집","38"
"20180131","수","남","20대","서울특별시","강남구","논현동","중국집","27"
"20180131","수","남","50대","서울특별시","강남구","도곡동","중국집","5"
"20180131","수","남","50대","서울특별시","강남구","삼성동","중국집","38"
"20180131","수","남","50대","서울특별시","강남구","세곡동","중국집","5"
"20180131","수","남","50대","서울특별시","강남구","수서동","중국집","5"
"20180131","수","남","50대","서울특별시","강남구","압구정동","중국집","5"
"20180131","수","남","40대","서울특별시","강남구","수서동","중국집","5"
"20180131","수","남","20대","서울특별시","강남구","일원동","중국집","5"
"20180131","수","남","60대이상","서울특별시","강남구","개포동","중국집","5"
"20180131","수","남","60대이상","서울특별시","강남구","논현동","중국집","23"
"20180131","수","남","60대이상","서울특별시","강남구","압구정동","중국집","5"
"20180131","수","남","40대","서울특별시","강남구","개포동","중국집","5"
"20180131","수","남","10대","서울특별시","강남구","역삼동","중국집","5"
"20180131","수","남","60대이상","서울특별시","강남구","역삼동","중국집","37"
"20180131","수","남","50대","서울특별시","강남구","역삼동","중국집","32"
"20180131","수","남","30대","서울특별시","강남구","도곡동","중국집","5"
"20180131","수","남","60대이상","서울특별시","강남구","세곡동","중국집","5"
"20180131","수","여","10대","서울특별시","강남구","논현동","중국집","5"
"20180131","수","여","10대","서울특별시","강남구","압구정동","중국집","5"
"20180131","수","여","20대","서울특별시","강남구","대치동","중국집","5"
"20180131","수","남","20대","서울특별시","강남구","개포동","중국집","5"
"20180131","수","여","20대","서울특별시","강남구","도곡동","중국집","5"
"20180131","수","여","20대","서울특별시","강남구","역삼동","중국집","20"
"20180131","수","여","10대","서울특별시","강남구","삼성동","중국집","5"
"20180131","수","남","40대","서울특별시","강남구","압구정동","중국집","5"
"20180131","수","여","30대","서울특별시","강남구","논현동","중국집","34"
"20180131","수","여","30대","서울특별시","강남구","도곡동","중국집","5"
"20180131","수","여","30대","서울특별시","강남구","삼성동","중국집","59"
"20180131","수","여","30대","서울특별시","강남구","수서동","중국집","5"
"20180131","수","여","30대","서울특별시","강남구","압구정동","중국집","5"
"20180131","수","남","40대","서울특별시","강남구","삼성동","중국집","82"
"20180131","수","여","30대","서울특별시","강남구","역삼동","중국집","44"
"20180131","수","여","40대","서울특별시","강남구","도곡동","중국집","14"
"20180131","수","여","40대","서울특별시","강남구","세곡동","중국집","12"
"20180131","수","여","40대","서울특별시","강남구","수서동","중국집","5"
"20180131","수","남","60대이상","서울특별시","강남구","대치동","중국집","5"
"20180131","수","여","40대","서울특별시","강남구","역삼동","중국집","57"
"20180131","수","여","10대","서울특별시","강남구","역삼동","중국집","5"
"20180131","수","남","20대","서울특별시","강남구","수서동","중국집","5"
"20180131","수","여","40대","서울특별시","강남구","일원동","중국집","5"
"20180131","수","남","50대","서울특별시","강남구","논현동","중국집","24"
"20180131","수","여","50대","서울특별시","강남구","논현동","중국집","20"
"20180131","수","여","10대","서울특별시","강남구","도곡동","중국집","5"
"20180131","수","여","50대","서울특별시","강남구","도곡동","중국집","5"
"20180131","수","여","50대","서울특별시","강남구","삼성동","중국집","53"
"20180131","수","여","50대","서울특별시","강남구","세곡동","중국집","5"
"20180131","수","남","60대이상","서울특별시","강남구","삼성동","중국집","31"
"20180131","수","남","40대","서울특별시","강남구","역삼동","중국집","78"
"20180131","수","여","30대","서울특별시","강남구","세곡동","중국집","5"
"20180131","수","여","30대","서울특별시","강남구","일원동","중국집","5"
"20180131","수","여","50대","서울특별시","강남구","수서동","중국집","5"
"20180131","수","여","40대","서울특별시","강남구","압구정동","중국집","5"
"20180131","수","남","20대","서울특별시","강남구","삼성동","중국집","38"
"20180131","수","여","50대","서울특별시","강남구","일원동","중국집","5"
"20180131","수","남","50대","서울특별시","강남구","개포동","중국집","5"
"20180131","수","여","40대","서울특별시","강남구","삼성동","중국집","104"
"20180131","수","여","50대","서울특별시","강남구","개포동","중국집","5"
"20180131","수","여","40대","서울특별시","강남구","논현동","중국집","44"
"20180131","수","여","60대이상","서울특별시","강남구","논현동","중국집","11"
"20180131","수","여","60대이상","서울특별시","강남구","도곡동","중국집","10"
"20180131","수","여","30대","서울특별시","강남구","대치동","중국집","5"
"20180131","수","여","20대","서울특별시","강남구","삼성동","중국집","31"
"20180131","수","여","60대이상","서울특별시","강남구","수서동","중국집","5"
"20180131","수","남","30대","서울특별시","강남구","세곡동","중국집","8"
"20180131","수","여","60대이상","서울특별시","강남구","압구정동","중국집","5"
"20180131","수","여","60대이상","서울특별시","강남구","역삼동","중국집","23"
"20180131","수","여","60대이상","서울특별시","강남구","일원동","중국집","5"
"20180131","수","남","20대","서울특별시","강남구","역삼동","중국집","54"
"20180131","수","여","60대이상","서울특별시","강남구","삼성동","중국집","28"
"20180131","수","남","10대","서울특별시","강남구","논현동","중국집","5"
"20180131","수","여","20대","서울특별시","강남구","논현동","중국집","18"
"20180131","수","남","40대","서울특별시","강남구","도곡동","중국집","5"
"20180131","수","여","50대","서울특별시","강남구","역삼동","중국집","11"
"20180131","수","남","10대","서울특별시","강동구","길동","중국집","13"
"20180131","수","남","10대","서울특별시","강동구","성내동","중국집","5"
"20180131","수","남","20대","서울특별시","강동구","성내동","중국집","5"
"20180131","수","남","30대","서울특별시","강동구","성내동","중국집","5"
"20180131","수","남","20대","서울특별시","강동구","길동","중국집","37"
"20180131","수","남","40대","서울특별시","강동구","길동","중국집","55"
"20180131","수","남","40대","서울특별시","강동구","천호동","중국집","5"
"20180131","수","남","60대이상","서울특별시","강동구","암사동","중국집","5"
"20180131","수","남","60대이상","서울특별시","강동구","천호동","중국집","5"
"20180131","수","남","60대이상","서울특별시","강동구","길동","중국집","35"
"20180131","수","여","10대","서울특별시","강동구","길동","중국집","5"
"20180131","수","남","30대","서울특별시","강동구","길동","중국집","54"
"20180131","수","여","10대","서울특별시","강동구","상일동","중국집","5"
"20180131","수","남","50대","서울특별시","강동구","성내동","중국집","5"
"20180131","수","남","50대","서울특별시","강동구","명일동","중국집","5"
"20180131","수","여","10대","서울특별시","강동구","성내동","중국집","5"
"20180131","수","여","10대","서울특별시","강동구","암사동","중국집","5"
"20180131","수","남","40대","서울특별시","강동구","상일동","중국집","5"
"20180131","수","여","20대","서울특별시","강동구","명일동","중국집","5"
"20180131","수","여","20대","서울특별시","강동구","성내동","중국집","5"
"20180131","수","남","30대","서울특별시","강동구","천호동","중국집","5"
"20180131","수","여","30대","서울특별시","강동구","길동","중국집","41"
"20180131","수","여","30대","서울특별시","강동구","명일동","중국집","5"
"20180131","수","여","30대","서울특별시","강동구","성내동","중국집","5"
"20180131","수","여","40대","서울특별시","강동구","명일동","중국집","5"
"20180131","수","여","40대","서울특별시","강동구","길동","중국집","93"
"20180131","수","남","60대이상","서울특별시","강동구","성내동","중국집","5"
"20180131","수","여","30대","서울특별시","강동구","암사동","중국집","5"
"20180131","수","여","40대","서울특별시","강동구","상일동","중국집","5"
"20180131","수","여","40대","서울특별시","강동구","암사동","중국집","5"
"20180131","수","남","30대","서울특별시","강동구","암사동","중국집","5"
"20180131","수","남","50대","서울특별시","강동구","암사동","중국집","5"
"20180131","수","남","30대","서울특별시","강동구","명일동","중국집","5"
"20180131","수","여","40대","서울특별시","강동구","성내동","중국집","5"
"20180131","수","여","40대","서울특별시","강동구","천호동","중국집","5"
"20180131","수","여","50대","서울특별시","강동구","명일동","중국집","5"
"20180131","수","여","50대","서울특별시","강동구","성내동","중국집","5"
"20180131","수","남","10대","서울특별시","강동구","암사동","중국집","5"
"20180131","수","여","50대","서울특별시","강동구","암사동","중국집","5"
"20180131","수","남","30대","서울특별시","강동구","상일동","중국집","5"
"20180131","수","여","50대","서울특별시","강동구","천호동","중국집","7"
"20180131","수","여","50대","서울특별시","강동구","길동","중국집","37"
"20180131","수","여","60대이상","서울특별시","강동구","길동","중국집","29"
"20180131","수","남","50대","서울특별시","강동구","길동","중국집","38"
"20180131","수","남","20대","서울특별시","강동구","명일동","중국집","5"
"20180131","수","남","40대","서울특별시","강동구","명일동","중국집","5"
"20180131","수","여","60대이상","서울특별시","강동구","성내동","중국집","5"
"20180131","수","남","40대","서울특별시","강동구","성내동","중국집","5"
"20180131","수","여","60대이상","서울특별시","강동구","천호동","중국집","5"
"20180131","수","여","30대","서울특별시","강동구","천호동","중국집","5"
"20180131","수","여","20대","서울특별시","강동구","길동","중국집","16"
"20180131","수","남","10대","서울특별시","강북구","번동","중국집","5"
"20180131","수","남","10대","서울특별시","강북구","수유동","중국집","5"
"20180131","수","남","20대","서울특별시","강북구","미아동","중국집","27"
"20180131","수","남","20대","서울특별시","강북구","번동","중국집","6"
"20180131","수","남","30대","서울특별시","강북구","미아동","중국집","56"
"20180131","수","남","30대","서울특별시","강북구","번동","중국집","8"
"20180131","수","남","30대","서울특별시","강북구","우이동","중국집","5"
"20180131","수","남","40대","서울특별시","강북구","미아동","중국집","73"
"20180131","수","남","40대","서울특별시","강북구","번동","중국집","11"
"20180131","수","남","50대","서울특별시","강북구","미아동","중국집","58"
"20180131","수","남","50대","서울특별시","강북구","번동","중국집","8"
"20180131","수","남","20대","서울특별시","강북구","우이동","중국집","5"
"20180131","수","남","60대이상","서울특별시","강북구","미아동","중국집","24"
"20180131","수","남","60대이상","서울특별시","강북구","번동","중국집","7"
"20180131","수","여","10대","서울특별시","강북구","미아동","중국집","5"
"20180131","수","여","10대","서울특별시","강북구","번동","중국집","5"
"20180131","수","여","20대","서울특별시","강북구","미아동","중국집","17"
"20180131","수","여","20대","서울특별시","강북구","번동","중국집","5"
"20180131","수","여","30대","서울특별시","강북구","번동","중국집","8"
"20180131","수","여","40대","서울특별시","강북구","미아동","중국집","65"
"20180131","수","여","40대","서울특별시","강북구","번동","중국집","13"
"20180131","수","여","30대","서울특별시","강북구","미아동","중국집","36"
"20180131","수","여","50대","서울특별시","강북구","미아동","중국집","58"
"20180131","수","남","60대이상","서울특별시","강북구","우이동","중국집","5"
"20180131","수","여","50대","서울특별시","강북구","번동","중국집","13"
"20180131","수","여","50대","서울특별시","강북구","수유동","중국집","5"
"20180131","수","남","10대","서울특별시","강북구","미아동","중국집","9"
"20180131","수","여","60대이상","서울특별시","강북구","미아동","중국집","26"
"20180131","수","여","60대이상","서울특별시","강북구","번동","중국집","8"
"20180131","수","여","60대이상","서울특별시","강북구","우이동","중국집","5"
"20180131","수","남","20대","서울특별시","강서구","가양동","중국집","22"
"20180131","수","남","20대","서울특별시","강서구","등촌동","중국집","14"
"20180131","수","남","30대","서울특별시","강서구","내발산동","중국집","44"
"20180131","수","남","30대","서울특별시","강서구","등촌동","중국집","14"
"20180131","수","남","30대","서울특별시","강서구","마곡동","중국집","5"
"20180131","수","남","40대","서울특별시","강서구","등촌동","중국집","21"
"20180131","수","남","50대","서울특별시","강서구","가양동","중국집","8"
"20180131","수","남","30대","서울특별시","강서구","방화동","중국집","5"
"20180131","수","남","50대","서울특별시","강서구","마곡동","중국집","5"
"20180131","수","남","30대","서울특별시","강서구","화곡동","중국집","32"
"20180131","수","남","50대","서울특별시","강서구","화곡동","중국집","27"
"20180131","수","남","50대","서울특별시","강서구","내발산동","중국집","34"
"20180131","수","남","10대","서울특별시","강서구","화곡동","중국집","10"
"20180131","수","남","60대이상","서울특별시","강서구","가양동","중국집","12"
"20180131","수","남","10대","서울특별시","강서구","가양동","중국집","6"
"20180131","수","남","20대","서울특별시","강서구","화곡동","중국집","15"
"20180131","수","남","60대이상","서울특별시","강서구","등촌동","중국집","7"
"20180131","수","남","60대이상","서울특별시","강서구","마곡동","중국집","5"
"20180131","수","남","60대이상","서울특별시","강서구","방화동","중국집","5"
"20180131","수","남","60대이상","서울특별시","강서구","화곡동","중국집","21"
"20180131","수","여","10대","서울특별시","강서구","가양동","중국집","5"
"20180131","수","여","10대","서울특별시","강서구","내발산동","중국집","6"
"20180131","수","여","10대","서울특별시","강서구","등촌동","중국집","5"
"20180131","수","여","10대","서울특별시","강서구","화곡동","중국집","9"
"20180131","수","남","40대","서울특별시","강서구","화곡동","중국집","40"
"20180131","수","남","30대","서울특별시","강서구","가양동","중국집","40"
"20180131","수","남","40대","서울특별시","강서구","내발산동","중국집","54"
"20180131","수","여","20대","서울특별시","강서구","가양동","중국집","9"
"20180131","수","남","60대이상","서울특별시","강서구","내발산동","중국집","14"
"20180131","수","여","20대","서울특별시","강서구","내발산동","중국집","8"
"20180131","수","여","20대","서울특별시","강서구","등촌동","중국집","8"
"20180131","수","여","20대","서울특별시","강서구","외발산동","중국집","5"
"20180131","수","여","30대","서울특별시","강서구","가양동","중국집","11"
"20180131","수","여","30대","서울특별시","강서구","내발산동","중국집","26"
"20180131","수","여","30대","서울특별시","강서구","등촌동","중국집","16"
"20180131","수","여","30대","서울특별시","강서구","화곡동","중국집","36"
"20180131","수","여","40대","서울특별시","강서구","가양동","중국집","29"
"20180131","수","여","30대","서울특별시","강서구","마곡동","중국집","5"
"20180131","수","여","40대","서울특별시","강서구","내발산동","중국집","62"
"20180131","수","여","40대","서울특별시","강서구","등촌동","중국집","29"
"20180131","수","남","20대","서울특별시","강서구","내발산동","중국집","27"
"20180131","수","여","40대","서울특별시","강서구","방화동","중국집","5"
"20180131","수","여","40대","서울특별시","강서구","외발산동","중국집","5"
"20180131","수","남","50대","서울특별시","강서구","등촌동","중국집","17"
"20180131","수","여","40대","서울특별시","강서구","화곡동","중국집","75"
"20180131","수","여","40대","서울특별시","강서구","마곡동","중국집","5"
"20180131","수","남","40대","서울특별시","강서구","가양동","중국집","20"
"20180131","수","여","50대","서울특별시","강서구","가양동","중국집","8"
"20180131","수","여","50대","서울특별시","강서구","내발산동","중국집","25"
"20180131","수","여","50대","서울특별시","강서구","등촌동","중국집","9"
"20180131","수","남","30대","서울특별시","강서구","외발산동","중국집","5"
"20180131","수","남","20대","서울특별시","강서구","마곡동","중국집","5"
"20180131","수","여","50대","서울특별시","강서구","마곡동","중국집","5"
"20180131","수","여","20대","서울특별시","강서구","화곡동","중국집","10"
"20180131","수","여","30대","서울특별시","강서구","방화동","중국집","5"
"20180131","수","여","50대","서울특별시","강서구","화곡동","중국집","25"
"20180131","수","남","10대","서울특별시","강서구","내발산동","중국집","7"
"20180131","수","여","60대이상","서울특별시","강서구","내발산동","중국집","15"
"20180131","수","여","60대이상","서울특별시","강서구","등촌동","중국집","12"
"20180131","수","여","60대이상","서울특별시","강서구","화곡동","중국집","16"
"20180131","수","여","60대이상","서울특별시","강서구","가양동","중국집","8"
"20180131","수","남","10대","서울특별시","관악구","신림동","중국집","5"
"20180131","수","남","30대","서울특별시","관악구","신림동","중국집","6"
"20180131","수","남","40대","서울특별시","관악구","봉천동","중국집","5"
"20180131","수","남","50대","서울특별시","관악구","신림동","중국집","5"
"20180131","수","남","60대이상","서울특별시","관악구","봉천동","중국집","6"
"20180131","수","남","20대","서울특별시","관악구","봉천동","중국집","6"
"20180131","수","남","60대이상","서울특별시","관악구","신림동","중국집","5"
"20180131","수","여","20대","서울특별시","관악구","봉천동","중국집","6"
"20180131","수","여","20대","서울특별시","관악구","신림동","중국집","7"
"20180131","수","여","30대","서울특별시","관악구","봉천동","중국집","7"
"20180131","수","여","30대","서울특별시","관악구","신림동","중국집","5"
"20180131","수","남","50대","서울특별시","관악구","봉천동","중국집","5"
"20180131","수","여","40대","서울특별시","관악구","신림동","중국집","5"
"20180131","수","남","20대","서울특별시","관악구","신림동","중국집","11"
"20180131","수","여","50대","서울특별시","관악구","봉천동","중국집","5"
"20180131","수","남","40대","서울특별시","관악구","신림동","중국집","5"
"20180131","수","남","30대","서울특별시","관악구","봉천동","중국집","6"
"20180131","수","여","50대","서울특별시","관악구","신림동","중국집","5"
"20180131","수","여","60대이상","서울특별시","관악구","봉천동","중국집","5"
"20180131","수","여","60대이상","서울특별시","관악구","신림동","중국집","6"
"20180131","수","여","40대","서울특별시","관악구","봉천동","중국집","7"
"20180131","수","남","10대","서울특별시","광진구","능동","중국집","5"
"20180131","수","남","10대","서울특별시","광진구","자양동","중국집","5"
"20180131","수","남","20대","서울특별시","광진구","자양동","중국집","8"
"20180131","수","남","20대","서울특별시","광진구","중곡동","중국집","5"
"20180131","수","남","20대","서울특별시","광진구","화양동","중국집","5"
"20180131","수","남","30대","서울특별시","광진구","광장동","중국집","5"
"20180131","수","남","30대","서울특별시","광진구","능동","중국집","5"
"20180131","수","남","30대","서울특별시","광진구","자양동","중국집","12"
"20180131","수","남","40대","서울특별시","광진구","자양동","중국집","6"
"20180131","수","남","40대","서울특별시","광진구","중곡동","중국집","5"
"20180131","수","남","50대","서울특별시","광진구","자양동","중국집","6"
"20180131","수","남","60대이상","서울특별시","광진구","자양동","중국집","5"
"20180131","수","여","20대","서울특별시","광진구","자양동","중국집","5"
"20180131","수","남","40대","서울특별시","광진구","광장동","중국집","5"
"20180131","수","여","20대","서울특별시","광진구","중곡동","중국집","5"
"20180131","수","여","30대","서울특별시","광진구","자양동","중국집","5"
"20180131","수","여","30대","서울특별시","광진구","중곡동","중국집","5"
"20180131","수","여","20대","서울특별시","광진구","광장동","중국집","5"
"20180131","수","여","40대","서울특별시","광진구","광장동","중국집","5"
"20180131","수","여","40대","서울특별시","광진구","자양동","중국집","8"
"20180131","수","여","40대","서울특별시","광진구","중곡동","중국집","5"
"20180131","수","여","50대","서울특별시","광진구","자양동","중국집","5"
"20180131","수","여","60대이상","서울특별시","광진구","광장동","중국집","5"
"20180131","수","여","60대이상","서울특별시","광진구","자양동","중국집","5"
"20180131","수","여","60대이상","서울특별시","광진구","중곡동","중국집","5"
"20180131","수","남","10대","서울특별시","구로구","개봉동","중국집","5"
"20180131","수","남","10대","서울특별시","구로구","궁동","중국집","5"
"20180131","수","남","20대","서울특별시","구로구","개봉동","중국집","9"
"20180131","수","남","30대","서울특별시","구로구","개봉동","중국집","10"
"20180131","수","남","30대","서울특별시","구로구","구로동","중국집","6"
"20180131","수","남","30대","서울특별시","구로구","궁동","중국집","5"
"20180131","수","남","40대","서울특별시","구로구","개봉동","중국집","26"
"20180131","수","남","50대","서울특별시","구로구","개봉동","중국집","24"
"20180131","수","남","50대","서울특별시","구로구","구로동","중국집","5"
"20180131","수","남","50대","서울특별시","구로구","궁동","중국집","5"
"20180131","수","남","40대","서울특별시","구로구","궁동","중국집","5"
"20180131","수","남","60대이상","서울특별시","구로구","개봉동","중국집","12"
"20180131","수","남","60대이상","서울특별시","구로구","구로동","중국집","5"
"20180131","수","남","60대이상","서울특별시","구로구","궁동","중국집","5"
"20180131","수","여","10대","서울특별시","구로구","개봉동","중국집","5"
"20180131","수","남","10대","서울특별시","구로구","구로동","중국집","5"
"20180131","수","여","20대","서울특별시","구로구","개봉동","중국집","8"
"20180131","수","여","20대","서울특별시","구로구","구로동","중국집","5"
"20180131","수","여","30대","서울특별시","구로구","구로동","중국집","5"
"20180131","수","여","20대","서울특별시","구로구","궁동","중국집","5"
"20180131","수","여","30대","서울특별시","구로구","궁동","중국집","5"
"20180131","수","여","40대","서울특별시","구로구","개봉동","중국집","38"
"20180131","수","여","40대","서울특별시","구로구","구로동","중국집","5"
"20180131","수","여","40대","서울특별시","구로구","궁동","중국집","5"
"20180131","수","여","50대","서울특별시","구로구","개봉동","중국집","17"
"20180131","수","여","50대","서울특별시","구로구","구로동","중국집","5"
"20180131","수","여","50대","서울특별시","구로구","궁동","중국집","5"
"20180131","수","여","60대이상","서울특별시","구로구","개봉동","중국집","5"
"20180131","수","여","60대이상","서울특별시","구로구","구로동","중국집","5"
"20180131","수","여","30대","서울특별시","구로구","개봉동","중국집","24"
"20180131","수","남","10대","서울특별시","금천구","시흥동","중국집","5"
"20180131","수","남","20대","서울특별시","금천구","독산동","중국집","5"
"20180131","수","남","30대","서울특별시","금천구","가산동","중국집","21"
"20180131","수","남","40대","서울특별시","금천구","가산동","중국집","14"
"20180131","수","남","40대","서울특별시","금천구","시흥동","중국집","5"
"20180131","수","남","30대","서울특별시","금천구","시흥동","중국집","5"
"20180131","수","남","50대","서울특별시","금천구","가산동","중국집","8"
"20180131","수","남","50대","서울특별시","금천구","시흥동","중국집","5"
"20180131","수","남","60대이상","서울특별시","금천구","시흥동","중국집","5"
"20180131","수","여","20대","서울특별시","금천구","가산동","중국집","5"
"20180131","수","남","60대이상","서울특별시","금천구","가산동","중국집","8"
"20180131","수","여","20대","서울특별시","금천구","독산동","중국집","5"
"20180131","수","남","20대","서울특별시","금천구","가산동","중국집","21"
"20180131","수","여","30대","서울특별시","금천구","가산동","중국집","6"
"20180131","수","여","30대","서울특별시","금천구","시흥동","중국집","5"
"20180131","수","여","40대","서울특별시","금천구","가산동","중국집","16"
"20180131","수","남","10대","서울특별시","금천구","가산동","중국집","5"
"20180131","수","여","50대","서울특별시","금천구","가산동","중국집","5"
"20180131","수","여","50대","서울특별시","금천구","시흥동","중국집","5"
"20180131","수","여","60대이상","서울특별시","금천구","가산동","중국집","5"
"20180131","수","남","30대","서울특별시","금천구","독산동","중국집","7"
"20180131","수","여","60대이상","서울특별시","금천구","독산동","중국집","5"
"20180131","수","여","60대이상","서울특별시","금천구","시흥동","중국집","5"
"20180131","수","남","10대","서울특별시","노원구","월계동","중국집","5"
"20180131","수","남","10대","서울특별시","노원구","중계동","중국집","5"
"20180131","수","남","20대","서울특별시","노원구","공릉동","중국집","5"
"20180131","수","남","20대","서울특별시","노원구","상계동","중국집","28"
"20180131","수","남","20대","서울특별시","노원구","중계동","중국집","5"
"20180131","수","남","30대","서울특별시","노원구","공릉동","중국집","5"
"20180131","수","남","30대","서울특별시","노원구","상계동","중국집","29"
"20180131","수","남","30대","서울특별시","노원구","월계동","중국집","5"
"20180131","수","남","10대","서울특별시","노원구","상계동","중국집","18"
"20180131","수","남","40대","서울특별시","노원구","상계동","중국집","51"
"20180131","수","남","40대","서울특별시","노원구","월계동","중국집","5"
"20180131","수","남","50대","서울특별시","노원구","월계동","중국집","5"
"20180131","수","남","50대","서울특별시","노원구","중계동","중국집","5"
"20180131","수","남","60대이상","서울특별시","노원구","공릉동","중국집","5"
"20180131","수","남","60대이상","서울특별시","노원구","상계동","중국집","26"
"20180131","수","여","10대","서울특별시","노원구","공릉동","중국집","5"
"20180131","수","여","10대","서울특별시","노원구","상계동","중국집","5"
"20180131","수","여","10대","서울특별시","노원구","월계동","중국집","5"
"20180131","수","여","20대","서울특별시","노원구","공릉동","중국집","5"
"20180131","수","여","20대","서울특별시","노원구","상계동","중국집","11"
"20180131","수","여","20대","서울특별시","노원구","월계동","중국집","5"
"20180131","수","여","30대","서울특별시","노원구","공릉동","중국집","5"
"20180131","수","여","30대","서울특별시","노원구","상계동","중국집","31"
"20180131","수","여","30대","서울특별시","노원구","중계동","중국집","5"
"20180131","수","남","50대","서울특별시","노원구","상계동","중국집","35"
"20180131","수","여","40대","서울특별시","노원구","공릉동","중국집","5"
"20180131","수","여","40대","서울특별시","노원구","상계동","중국집","73"
"20180131","수","여","40대","서울특별시","노원구","월계동","중국집","5"
"20180131","수","여","40대","서울특별시","노원구","중계동","중국집","8"
"20180131","수","여","50대","서울특별시","노원구","상계동","중국집","34"
"20180131","수","여","50대","서울특별시","노원구","중계동","중국집","5"
"20180131","수","여","60대이상","서울특별시","노원구","공릉동","중국집","5"
"20180131","수","여","60대이상","서울특별시","노원구","상계동","중국집","24"
"20180131","수","여","60대이상","서울특별시","노원구","중계동","중국집","5"
"20180131","수","여","60대이상","서울특별시","노원구","하계동","중국집","5"
"20180131","수","남","20대","서울특별시","도봉구","방학동","중국집","5"
"20180131","수","남","20대","서울특별시","도봉구","쌍문동","중국집","5"
"20180131","수","남","30대","서울특별시","도봉구","도봉동","중국집","5"
"20180131","수","남","30대","서울특별시","도봉구","방학동","중국집","5"
"20180131","수","남","40대","서울특별시","도봉구","쌍문동","중국집","5"
"20180131","수","남","40대","서울특별시","도봉구","방학동","중국집","5"
"20180131","수","남","50대","서울특별시","도봉구","방학동","중국집","5"
"20180131","수","남","50대","서울특별시","도봉구","쌍문동","중국집","5"
"20180131","수","남","60대이상","서울특별시","도봉구","도봉동","중국집","5"
"20180131","수","남","60대이상","서울특별시","도봉구","방학동","중국집","5"
"20180131","수","여","20대","서울특별시","도봉구","방학동","중국집","5"
"20180131","수","여","20대","서울특별시","도봉구","쌍문동","중국집","5"
"20180131","수","여","30대","서울특별시","도봉구","도봉동","중국집","5"
"20180131","수","여","30대","서울특별시","도봉구","방학동","중국집","5"
"20180131","수","여","30대","서울특별시","도봉구","쌍문동","중국집","5"
"20180131","수","여","40대","서울특별시","도봉구","도봉동","중국집","5"
"20180131","수","여","40대","서울특별시","도봉구","방학동","중국집","5"
"20180131","수","여","40대","서울특별시","도봉구","쌍문동","중국집","9"
"20180131","수","여","50대","서울특별시","도봉구","쌍문동","중국집","7"
"20180131","수","여","60대이상","서울특별시","도봉구","쌍문동","중국집","5"
"20180131","수","여","60대이상","서울특별시","도봉구","방학동","중국집","5"
"20180131","수","남","10대","서울특별시","동대문구","장안동","중국집","7"
"20180131","수","남","10대","서울특별시","동대문구","제기동","중국집","7"
"20180131","수","남","20대","서울특별시","동대문구","답십리동","중국집","5"
"20180131","수","남","10대","서울특별시","동대문구","전농동","중국집","5"
"20180131","수","남","20대","서울특별시","동대문구","장안동","중국집","24"
"20180131","수","남","20대","서울특별시","동대문구","전농동","중국집","5"
"20180131","수","남","30대","서울특별시","동대문구","전농동","중국집","5"
"20180131","수","남","40대","서울특별시","동대문구","장안동","중국집","27"
"20180131","수","남","40대","서울특별시","동대문구","제기동","중국집","55"
"20180131","수","남","40대","서울특별시","동대문구","휘경동","중국집","5"
"20180131","수","남","30대","서울특별시","동대문구","답십리동","중국집","5"
"20180131","수","남","50대","서울특별시","동대문구","전농동","중국집","5"
"20180131","수","남","50대","서울특별시","동대문구","장안동","중국집","20"
"20180131","수","남","60대이상","서울특별시","동대문구","답십리동","중국집","5"
"20180131","수","남","60대이상","서울특별시","동대문구","장안동","중국집","17"
"20180131","수","남","60대이상","서울특별시","동대문구","전농동","중국집","5"
"20180131","수","여","10대","서울특별시","동대문구","장안동","중국집","5"
"20180131","수","여","20대","서울특별시","동대문구","답십리동","중국집","5"
"20180131","수","여","20대","서울특별시","동대문구","장안동","중국집","8"
"20180131","수","여","20대","서울특별시","동대문구","전농동","중국집","5"
"20180131","수","여","20대","서울특별시","동대문구","제기동","중국집","24"
"20180131","수","여","30대","서울특별시","동대문구","답십리동","중국집","5"
"20180131","수","여","30대","서울특별시","동대문구","장안동","중국집","31"
"20180131","수","여","30대","서울특별시","동대문구","전농동","중국집","5"
"20180131","수","남","50대","서울특별시","동대문구","제기동","중국집","28"
"20180131","수","남","30대","서울특별시","동대문구","제기동","중국집","48"
"20180131","수","여","10대","서울특별시","동대문구","답십리동","중국집","5"
"20180131","수","남","60대이상","서울특별시","동대문구","제기동","중국집","24"
"20180131","수","여","30대","서울특별시","동대문구","제기동","중국집","29"
"20180131","수","여","10대","서울특별시","동대문구","전농동","중국집","5"
"20180131","수","여","40대","서울특별시","동대문구","답십리동","중국집","5"
"20180131","수","여","40대","서울특별시","동대문구","장안동","중국집","56"
"20180131","수","여","40대","서울특별시","동대문구","전농동","중국집","5"
"20180131","수","남","40대","서울특별시","동대문구","전농동","중국집","5"
"20180131","수","남","30대","서울특별시","동대문구","장안동","중국집","48"
"20180131","수","여","40대","서울특별시","동대문구","제기동","중국집","28"
"20180131","수","여","50대","서울특별시","동대문구","답십리동","중국집","5"
"20180131","수","남","20대","서울특별시","동대문구","제기동","중국집","33"
"20180131","수","여","50대","서울특별시","동대문구","장안동","중국집","26"
"20180131","수","여","50대","서울특별시","동대문구","전농동","중국집","5"
"20180131","수","여","50대","서울특별시","동대문구","제기동","중국집","25"
"20180131","수","여","50대","서울특별시","동대문구","휘경동","중국집","5"
"20180131","수","여","60대이상","서울특별시","동대문구","답십리동","중국집","5"
"20180131","수","여","60대이상","서울특별시","동대문구","장안동","중국집","7"
"20180131","수","여","60대이상","서울특별시","동대문구","전농동","중국집","5"
"20180131","수","여","10대","서울특별시","동대문구","제기동","중국집","5"
"20180131","수","여","60대이상","서울특별시","동대문구","제기동","중국집","24"
"20180131","수","남","10대","서울특별시","동작구","신대방동","중국집","14"
"20180131","수","남","20대","서울특별시","동작구","노량진동","중국집","5"
"20180131","수","남","20대","서울특별시","동작구","사당동","중국집","5"
"20180131","수","남","20대","서울특별시","동작구","신대방동","중국집","62"
"20180131","수","남","30대","서울특별시","동작구","대방동","중국집","5"
"20180131","수","남","30대","서울특별시","동작구","사당동","중국집","7"
"20180131","수","남","30대","서울특별시","동작구","신대방동","중국집","114"
"20180131","수","남","30대","서울특별시","동작구","흑석동","중국집","5"
"20180131","수","남","40대","서울특별시","동작구","상도동","중국집","5"
"20180131","수","남","40대","서울특별시","동작구","신대방동","중국집","76"
"20180131","수","남","50대","서울특별시","동작구","본동","중국집","5"
"20180131","수","남","50대","서울특별시","동작구","신대방동","중국집","72"
"20180131","수","남","60대이상","서울특별시","동작구","본동","중국집","5"
"20180131","수","남","60대이상","서울특별시","동작구","사당동","중국집","5"
"20180131","수","남","20대","서울특별시","동작구","상도동","중국집","5"
"20180131","수","남","60대이상","서울특별시","동작구","상도동","중국집","5"
"20180131","수","남","60대이상","서울특별시","동작구","신대방동","중국집","44"
"20180131","수","남","30대","서울특별시","동작구","본동","중국집","5"
"20180131","수","여","10대","서울특별시","동작구","신대방동","중국집","7"
"20180131","수","여","20대","서울특별시","동작구","노량진동","중국집","5"
"20180131","수","여","20대","서울특별시","동작구","사당동","중국집","5"
"20180131","수","여","20대","서울특별시","동작구","상도동","중국집","5"
"20180131","수","여","20대","서울특별시","동작구","신대방동","중국집","33"
"20180131","수","남","30대","서울특별시","동작구","상도동","중국집","5"
"20180131","수","남","40대","서울특별시","동작구","사당동","중국집","5"
"20180131","수","여","30대","서울특별시","동작구","노량진동","중국집","5"
"20180131","수","남","50대","서울특별시","동작구","사당동","중국집","5"
"20180131","수","여","30대","서울특별시","동작구","사당동","중국집","5"
"20180131","수","여","40대","서울특별시","동작구","본동","중국집","5"
"20180131","수","여","40대","서울특별시","동작구","사당동","중국집","5"
"20180131","수","여","40대","서울특별시","동작구","상도동","중국집","8"
"20180131","수","여","40대","서울특별시","동작구","신대방동","중국집","69"
"20180131","수","여","50대","서울특별시","동작구","본동","중국집","5"
"20180131","수","여","50대","서울특별시","동작구","사당동","중국집","5"
"20180131","수","여","30대","서울특별시","동작구","신대방동","중국집","60"
"20180131","수","여","50대","서울특별시","동작구","상도동","중국집","5"
"20180131","수","남","10대","서울특별시","동작구","상도동","중국집","5"
"20180131","수","여","50대","서울특별시","동작구","흑석동","중국집","5"
"20180131","수","여","50대","서울특별시","동작구","신대방동","중국집","50"
"20180131","수","남","50대","서울특별시","동작구","노량진동","중국집","5"
"20180131","수","여","60대이상","서울특별시","동작구","사당동","중국집","5"
"20180131","수","여","40대","서울특별시","동작구","흑석동","중국집","5"
"20180131","수","여","60대이상","서울특별시","동작구","상도동","중국집","5"
"20180131","수","남","50대","서울특별시","동작구","상도동","중국집","5"
"20180131","수","여","60대이상","서울특별시","동작구","신대방동","중국집","43"
"20180131","수","남","20대","서울특별시","동작구","본동","중국집","5"
"20180131","수","여","60대이상","서울특별시","동작구","흑석동","중국집","5"
"20180131","수","남","10대","서울특별시","마포구","합정동","중국집","5"
"20180131","수","남","20대","서울특별시","마포구","신공덕동","중국집","5"
"20180131","수","남","30대","서울특별시","마포구","공덕동","중국집","5"
"20180131","수","남","30대","서울특별시","마포구","상수동","중국집","5"
"20180131","수","남","40대","서울특별시","마포구","신공덕동","중국집","5"
"20180131","수","남","40대","서울특별시","마포구","신수동","중국집","5"
"20180131","수","남","50대","서울특별시","마포구","대흥동","중국집","5"
"20180131","수","남","50대","서울특별시","마포구","마포동","중국집","5"
"20180131","수","남","30대","서울특별시","마포구","상암동","중국집","14"
"20180131","수","남","60대이상","서울특별시","마포구","합정동","중국집","5"
"20180131","수","여","10대","서울특별시","마포구","상암동","중국집","5"
"20180131","수","남","20대","서울특별시","마포구","아현동","중국집","5"
"20180131","수","여","10대","서울특별시","마포구","서교동","중국집","5"
"20180131","수","여","10대","서울특별시","마포구","합정동","중국집","5"
"20180131","수","여","10대","서울특별시","마포구","대흥동","중국집","5"
"20180131","수","여","20대","서울특별시","마포구","공덕동","중국집","5"
"20180131","수","여","20대","서울특별시","마포구","상암동","중국집","5"
"20180131","수","여","20대","서울특별시","마포구","신공덕동","중국집","5"
"20180131","수","여","20대","서울특별시","마포구","신수동","중국집","5"
"20180131","수","여","20대","서울특별시","마포구","염리동","중국집","5"
"20180131","수","남","50대","서울특별시","마포구","신공덕동","중국집","5"
"20180131","수","여","20대","서울특별시","마포구","창전동","중국집","5"
"20180131","수","남","20대","서울특별시","마포구","합정동","중국집","11"
"20180131","수","남","10대","서울특별시","마포구","신수동","중국집","5"
"20180131","수","여","20대","서울특별시","마포구","합정동","중국집","7"
"20180131","수","여","30대","서울특별시","마포구","공덕동","중국집","5"
"20180131","수","여","30대","서울특별시","마포구","신공덕동","중국집","5"
"20180131","수","여","20대","서울특별시","마포구","대흥동","중국집","5"
"20180131","수","여","30대","서울특별시","마포구","신수동","중국집","5"
"20180131","수","남","40대","서울특별시","마포구","망원동","중국집","5"
"20180131","수","여","30대","서울특별시","마포구","아현동","중국집","5"
"20180131","수","남","60대이상","서울특별시","마포구","상암동","중국집","8"
"20180131","수","여","30대","서울특별시","마포구","염리동","중국집","5"
"20180131","수","남","50대","서울특별시","마포구","합정동","중국집","5"
"20180131","수","여","30대","서울특별시","마포구","합정동","중국집","7"
"20180131","수","여","40대","서울특별시","마포구","공덕동","중국집","5"
"20180131","수","여","40대","서울특별시","마포구","마포동","중국집","5"
"20180131","수","남","20대","서울특별시","마포구","서교동","중국집","5"
"20180131","수","남","50대","서울특별시","마포구","상암동","중국집","6"
"20180131","수","여","40대","서울특별시","마포구","상암동","중국집","26"
"20180131","수","남","30대","서울특별시","마포구","망원동","중국집","5"
"20180131","수","남","40대","서울특별시","마포구","합정동","중국집","12"
"20180131","수","여","40대","서울특별시","마포구","신공덕동","중국집","5"
"20180131","수","남","10대","서울특별시","마포구","대흥동","중국집","5"
"20180131","수","여","40대","서울특별시","마포구","염리동","중국집","5"
"20180131","수","여","40대","서울특별시","마포구","창전동","중국집","5"
"20180131","수","남","20대","서울특별시","마포구","상암동","중국집","7"
"20180131","수","여","40대","서울특별시","마포구","합정동","중국집","12"
"20180131","수","남","30대","서울특별시","마포구","창전동","중국집","5"
"20180131","수","여","50대","서울특별시","마포구","공덕동","중국집","5"
"20180131","수","남","40대","서울특별시","마포구","상암동","중국집","18"
"20180131","수","남","60대이상","서울특별시","마포구","염리동","중국집","5"
"20180131","수","여","50대","서울특별시","마포구","대흥동","중국집","5"
"20180131","수","여","50대","서울특별시","마포구","망원동","중국집","5"
"20180131","수","남","30대","서울특별시","마포구","염리동","중국집","5"
"20180131","수","남","10대","서울특별시","마포구","서교동","중국집","5"
"20180131","수","여","20대","서울특별시","마포구","망원동","중국집","5"
"20180131","수","남","30대","서울특별시","마포구","신공덕동","중국집","5"
"20180131","수","여","50대","서울특별시","마포구","신공덕동","중국집","5"
"20180131","수","여","50대","서울특별시","마포구","신수동","중국집","5"
"20180131","수","여","50대","서울특별시","마포구","상암동","중국집","15"
"20180131","수","여","50대","서울특별시","마포구","합정동","중국집","5"
"20180131","수","남","40대","서울특별시","마포구","아현동","중국집","5"
"20180131","수","여","60대이상","서울특별시","마포구","공덕동","중국집","5"
"20180131","수","여","30대","서울특별시","마포구","대흥동","중국집","5"
"20180131","수","여","60대이상","서울특별시","마포구","마포동","중국집","5"
"20180131","수","남","10대","서울특별시","마포구","상암동","중국집","8"
"20180131","수","여","60대이상","서울특별시","마포구","망원동","중국집","5"
"20180131","수","남","60대이상","서울특별시","마포구","아현동","중국집","5"
"20180131","수","남","20대","서울특별시","마포구","염리동","중국집","5"
"20180131","수","남","60대이상","서울특별시","마포구","망원동","중국집","5"
"20180131","수","여","60대이상","서울특별시","마포구","상암동","중국집","9"
"20180131","수","여","60대이상","서울특별시","마포구","신공덕동","중국집","5"
"20180131","수","여","30대","서울특별시","마포구","상암동","중국집","16"
"20180131","수","여","60대이상","서울특별시","마포구","합정동","중국집","5"
"20180131","수","남","30대","서울특별시","마포구","합정동","중국집","16"
"20180131","수","남","30대","서울특별시","마포구","마포동","중국집","5"
"20180131","수","여","60대이상","서울특별시","마포구","대흥동","중국집","5"
"20180131","수","남","10대","서울특별시","서대문구","북가좌동","중국집","5"
"20180131","수","남","10대","서울특별시","서대문구","연희동","중국집","5"
"20180131","수","남","10대","서울특별시","서대문구","창천동","중국집","5"
"20180131","수","남","10대","서울특별시","서대문구","홍은동","중국집","5"
"20180131","수","남","10대","서울특별시","서대문구","홍제동","중국집","5"
"20180131","수","남","20대","서울특별시","서대문구","북아현동","중국집","5"
"20180131","수","남","20대","서울특별시","서대문구","연희동","중국집","46"
"20180131","수","남","20대","서울특별시","서대문구","충정로3가","중국집","5"
"20180131","수","남","20대","서울특별시","서대문구","홍은동","중국집","5"
"20180131","수","남","20대","서울특별시","서대문구","홍제동","중국집","24"
"20180131","수","남","30대","서울특별시","서대문구","연희동","중국집","33"
"20180131","수","남","30대","서울특별시","서대문구","홍제동","중국집","34"
"20180131","수","남","40대","서울특별시","서대문구","연희동","중국집","47"
"20180131","수","남","40대","서울특별시","서대문구","홍은동","중국집","5"
"20180131","수","남","40대","서울특별시","서대문구","홍제동","중국집","29"
"20180131","수","남","50대","서울특별시","서대문구","남가좌동","중국집","5"
"20180131","수","남","50대","서울특별시","서대문구","북아현동","중국집","5"
"20180131","수","남","50대","서울특별시","서대문구","연희동","중국집","25"
"20180131","수","남","20대","서울특별시","서대문구","창천동","중국집","10"
"20180131","수","남","50대","서울특별시","서대문구","창천동","중국집","18"
"20180131","수","남","50대","서울특별시","서대문구","충정로3가","중국집","5"
"20180131","수","남","50대","서울특별시","서대문구","홍제동","중국집","26"
"20180131","수","남","60대이상","서울특별시","서대문구","북가좌동","중국집","5"
"20180131","수","남","60대이상","서울특별시","서대문구","홍제동","중국집","10"
"20180131","수","남","60대이상","서울특별시","서대문구","연희동","중국집","25"
"20180131","수","남","60대이상","서울특별시","서대문구","창천동","중국집","11"
"20180131","수","여","10대","서울특별시","서대문구","연희동","중국집","5"
"20180131","수","여","10대","서울특별시","서대문구","충정로3가","중국집","5"
"20180131","수","여","10대","서울특별시","서대문구","홍제동","중국집","5"
"20180131","수","남","40대","서울특별시","서대문구","창천동","중국집","23"
"20180131","수","남","50대","서울특별시","서대문구","홍은동","중국집","5"
"20180131","수","여","20대","서울특별시","서대문구","홍은동","중국집","5"
"20180131","수","여","20대","서울특별시","서대문구","연희동","중국집","22"
"20180131","수","여","30대","서울특별시","서대문구","창천동","중국집","20"
"20180131","수","남","30대","서울특별시","서대문구","창천동","중국집","29"
"20180131","수","여","30대","서울특별시","서대문구","홍제동","중국집","20"
"20180131","수","여","40대","서울특별시","서대문구","창천동","중국집","24"
"20180131","수","여","10대","서울특별시","서대문구","창천동","중국집","5"
"20180131","수","여","40대","서울특별시","서대문구","홍제동","중국집","46"
"20180131","수","여","50대","서울특별시","서대문구","연희동","중국집","17"
"20180131","수","남","30대","서울특별시","서대문구","충정로3가","중국집","5"
"20180131","수","여","40대","서울특별시","서대문구","연희동","중국집","36"
"20180131","수","여","50대","서울특별시","서대문구","창천동","중국집","11"
"20180131","수","여","50대","서울특별시","서대문구","홍제동","중국집","20"
"20180131","수","여","60대이상","서울특별시","서대문구","북아현동","중국집","5"
"20180131","수","여","30대","서울특별시","서대문구","충정로3가","중국집","5"
"20180131","수","여","60대이상","서울특별시","서대문구","연희동","중국집","17"
"20180131","수","여","40대","서울특별시","서대문구","충정로3가","중국집","5"
"20180131","수","여","20대","서울특별시","서대문구","충정로3가","중국집","5"
"20180131","수","여","60대이상","서울특별시","서대문구","창천동","중국집","9"
"20180131","수","여","20대","서울특별시","서대문구","홍제동","중국집","6"
"20180131","수","여","60대이상","서울특별시","서대문구","홍제동","중국집","12"
"20180131","수","여","20대","서울특별시","서대문구","창천동","중국집","9"
"20180131","수","여","30대","서울특별시","서대문구","연희동","중국집","26"
"20180131","수","남","20대","서울특별시","서초구","방배동","중국집","33"
"20180131","수","남","20대","서울특별시","서초구","양재동","중국집","23"
"20180131","수","남","40대","서울특별시","서초구","방배동","중국집","57"
"20180131","수","남","30대","서울특별시","서초구","반포동","중국집","8"
"20180131","수","남","40대","서울특별시","서초구","양재동","중국집","43"
"20180131","수","남","50대","서울특별시","서초구","방배동","중국집","38"
"20180131","수","남","50대","서울특별시","서초구","양재동","중국집","16"
"20180131","수","남","30대","서울특별시","서초구","내곡동","중국집","5"
"20180131","수","남","10대","서울특별시","서초구","방배동","중국집","7"
"20180131","수","남","40대","서울특별시","서초구","반포동","중국집","13"
"20180131","수","남","60대이상","서울특별시","서초구","반포동","중국집","13"
"20180131","수","남","20대","서울특별시","서초구","반포동","중국집","5"
"20180131","수","남","60대이상","서울특별시","서초구","서초동","중국집","5"
"20180131","수","남","10대","서울특별시","서초구","양재동","중국집","5"
"20180131","수","남","60대이상","서울특별시","서초구","양재동","중국집","13"
"20180131","수","남","40대","서울특별시","서초구","서초동","중국집","16"
"20180131","수","여","10대","서울특별시","서초구","반포동","중국집","5"
"20180131","수","여","10대","서울특별시","서초구","방배동","중국집","5"
"20180131","수","여","20대","서울특별시","서초구","반포동","중국집","6"
"20180131","수","남","60대이상","서울특별시","서초구","방배동","중국집","33"
"20180131","수","남","50대","서울특별시","서초구","서초동","중국집","5"
"20180131","수","여","20대","서울특별시","서초구","방배동","중국집","20"
"20180131","수","여","20대","서울특별시","서초구","서초동","중국집","5"
"20180131","수","남","40대","서울특별시","서초구","내곡동","중국집","5"
"20180131","수","남","10대","서울특별시","서초구","반포동","중국집","6"
"20180131","수","여","20대","서울특별시","서초구","양재동","중국집","14"
"20180131","수","여","30대","서울특별시","서초구","반포동","중국집","16"
"20180131","수","여","30대","서울특별시","서초구","방배동","중국집","44"
"20180131","수","여","30대","서울특별시","서초구","양재동","중국집","20"
"20180131","수","여","40대","서울특별시","서초구","내곡동","중국집","5"
"20180131","수","남","50대","서울특별시","서초구","반포동","중국집","5"
"20180131","수","남","30대","서울특별시","서초구","양재동","중국집","42"
"20180131","수","여","30대","서울특별시","서초구","잠원동","중국집","5"
"20180131","수","남","30대","서울특별시","서초구","잠원동","중국집","5"
"20180131","수","여","40대","서울특별시","서초구","반포동","중국집","35"
"20180131","수","남","10대","서울특별시","서초구","서초동","중국집","5"
"20180131","수","여","40대","서울특별시","서초구","서초동","중국집","8"
"20180131","수","여","40대","서울특별시","서초구","양재동","중국집","44"
"20180131","수","남","20대","서울특별시","서초구","서초동","중국집","9"
"20180131","수","여","50대","서울특별시","서초구","내곡동","중국집","5"
"20180131","수","여","40대","서울특별시","서초구","방배동","중국집","52"
"20180131","수","여","50대","서울특별시","서초구","반포동","중국집","12"
"20180131","수","여","50대","서울특별시","서초구","서초동","중국집","5"
"20180131","수","남","30대","서울특별시","서초구","방배동","중국집","68"
"20180131","수","여","50대","서울특별시","서초구","양재동","중국집","13"
"20180131","수","여","60대이상","서울특별시","서초구","반포동","중국집","8"
"20180131","수","여","50대","서울특별시","서초구","방배동","중국집","23"
"20180131","수","여","60대이상","서울특별시","서초구","방배동","중국집","20"
"20180131","수","남","30대","서울특별시","서초구","서초동","중국집","8"
"20180131","수","여","60대이상","서울특별시","서초구","서초동","중국집","8"
"20180131","수","여","30대","서울특별시","서초구","서초동","중국집","6"
"20180131","수","여","60대이상","서울특별시","서초구","양재동","중국집","8"
"20180131","수","남","10대","서울특별시","성동구","옥수동","중국집","5"
"20180131","수","남","20대","서울특별시","성동구","성수동2가","중국집","59"
"20180131","수","남","20대","서울특별시","성동구","행당동","중국집","5"
"20180131","수","남","30대","서울특별시","성동구","성수동2가","중국집","81"
"20180131","수","남","30대","서울특별시","성동구","옥수동","중국집","14"
"20180131","수","남","40대","서울특별시","성동구","성수동2가","중국집","61"
"20180131","수","남","40대","서울특별시","성동구","옥수동","중국집","33"
"20180131","수","남","40대","서울특별시","성동구","행당동","중국집","5"
"20180131","수","남","50대","서울특별시","성동구","성수동2가","중국집","77"
"20180131","수","남","50대","서울특별시","성동구","옥수동","중국집","26"
"20180131","수","남","20대","서울특별시","성동구","옥수동","중국집","12"
"20180131","수","남","10대","서울특별시","성동구","성수동2가","중국집","11"
"20180131","수","남","60대이상","서울특별시","성동구","옥수동","중국집","14"
"20180131","수","남","60대이상","서울특별시","성동구","홍익동","중국집","5"
"20180131","수","여","10대","서울특별시","성동구","성수동2가","중국집","6"
"20180131","수","남","60대이상","서울특별시","성동구","성수동2가","중국집","29"
"20180131","수","여","10대","서울특별시","성동구","옥수동","중국집","5"
"20180131","수","여","20대","서울특별시","성동구","성수동2가","중국집","22"
"20180131","수","여","20대","서울특별시","성동구","옥수동","중국집","5"
"20180131","수","여","30대","서울특별시","성동구","옥수동","중국집","8"
"20180131","수","여","40대","서울특별시","성동구","성수동2가","중국집","58"
"20180131","수","여","40대","서울특별시","성동구","행당동","중국집","5"
"20180131","수","여","40대","서울특별시","성동구","옥수동","중국집","9"
"20180131","수","여","50대","서울특별시","성동구","성수동2가","중국집","30"
"20180131","수","여","50대","서울특별시","성동구","옥수동","중국집","16"
"20180131","수","여","30대","서울특별시","성동구","성수동2가","중국집","44"
"20180131","수","여","60대이상","서울특별시","성동구","성수동2가","중국집","31"
"20180131","수","여","60대이상","서울특별시","성동구","옥수동","중국집","13"
"20180131","수","남","10대","서울특별시","성북구","길음동","중국집","5"
"20180131","수","남","10대","서울특별시","성북구","동선동2가","중국집","5"
"20180131","수","남","10대","서울특별시","성북구","상월곡동","중국집","5"
"20180131","수","남","10대","서울특별시","성북구","정릉동","중국집","5"
"20180131","수","남","20대","서울특별시","성북구","동선동2가","중국집","29"
"20180131","수","남","20대","서울특별시","성북구","동선동3가","중국집","5"
"20180131","수","남","20대","서울특별시","성북구","종암동","중국집","5"
"20180131","수","남","30대","서울특별시","성북구","삼선동5가","중국집","5"
"20180131","수","남","30대","서울특별시","성북구","종암동","중국집","5"
"20180131","수","남","40대","서울특별시","성북구","길음동","중국집","5"
"20180131","수","남","20대","서울특별시","성북구","삼선동5가","중국집","5"
"20180131","수","남","40대","서울특별시","성북구","동선동2가","중국집","48"
"20180131","수","남","40대","서울특별시","성북구","정릉동","중국집","5"
"20180131","수","남","40대","서울특별시","성북구","하월곡동","중국집","5"
"20180131","수","남","50대","서울특별시","성북구","성북동","중국집","5"
"20180131","수","남","50대","서울특별시","성북구","정릉동","중국집","5"
"20180131","수","남","60대이상","서울특별시","성북구","정릉동","중국집","5"
"20180131","수","남","60대이상","서울특별시","성북구","하월곡동","중국집","5"
"20180131","수","남","50대","서울특별시","성북구","종암동","중국집","5"
"20180131","수","여","10대","서울특별시","성북구","동선동2가","중국집","5"
"20180131","수","남","50대","서울특별시","성북구","동선동2가","중국집","43"
"20180131","수","여","20대","서울특별시","성북구","삼선동5가","중국집","5"
"20180131","수","여","20대","서울특별시","성북구","정릉동","중국집","5"
"20180131","수","여","20대","서울특별시","성북구","하월곡동","중국집","5"
"20180131","수","남","60대이상","서울특별시","성북구","종암동","중국집","5"
"20180131","수","여","30대","서울특별시","성북구","동선동2가","중국집","21"
"20180131","수","남","30대","서울특별시","성북구","동선동2가","중국집","36"
"20180131","수","여","30대","서울특별시","성북구","삼선동5가","중국집","5"
"20180131","수","남","20대","서울특별시","성북구","정릉동","중국집","6"
"20180131","수","여","30대","서울특별시","성북구","정릉동","중국집","5"
"20180131","수","여","30대","서울특별시","성북구","하월곡동","중국집","5"
"20180131","수","여","40대","서울특별시","성북구","길음동","중국집","5"
"20180131","수","남","30대","서울특별시","성북구","정릉동","중국집","5"
"20180131","수","여","40대","서울특별시","성북구","동선동2가","중국집","30"
"20180131","수","여","40대","서울특별시","성북구","삼선동5가","중국집","5"
"20180131","수","여","40대","서울특별시","성북구","정릉동","중국집","5"
"20180131","수","여","40대","서울특별시","성북구","하월곡동","중국집","5"
"20180131","수","여","50대","서울특별시","성북구","동선동2가","중국집","17"
"20180131","수","여","50대","서울특별시","성북구","정릉동","중국집","5"
"20180131","수","여","50대","서울특별시","성북구","종암동","중국집","5"
"20180131","수","여","60대이상","서울특별시","성북구","길음동","중국집","5"
"20180131","수","남","60대이상","서울특별시","성북구","동선동2가","중국집","22"
"20180131","수","여","40대","서울특별시","성북구","종암동","중국집","5"
"20180131","수","여","60대이상","서울특별시","성북구","동선동2가","중국집","11"
"20180131","수","여","30대","서울특별시","성북구","성북동","중국집","5"
"20180131","수","남","60대이상","서울특별시","성북구","삼선동5가","중국집","5"
"20180131","수","여","60대이상","서울특별시","성북구","동선동3가","중국집","5"
"20180131","수","여","60대이상","서울특별시","성북구","하월곡동","중국집","5"
"20180131","수","여","20대","서울특별시","성북구","동선동2가","중국집","13"
"20180131","수","남","10대","서울특별시","송파구","가락동","중국집","5"
"20180131","수","남","20대","서울특별시","송파구","마천동","중국집","5"
"20180131","수","남","20대","서울특별시","송파구","송파동","중국집","54"
"20180131","수","남","10대","서울특별시","송파구","마천동","중국집","5"
"20180131","수","남","20대","서울특별시","송파구","풍납동","중국집","5"
"20180131","수","남","30대","서울특별시","송파구","송파동","중국집","88"
"20180131","수","남","10대","서울특별시","송파구","송파동","중국집","10"
"20180131","수","남","30대","서울특별시","송파구","풍납동","중국집","5"
"20180131","수","남","40대","서울특별시","송파구","가락동","중국집","6"
"20180131","수","남","40대","서울특별시","송파구","마천동","중국집","5"
"20180131","수","남","40대","서울특별시","송파구","방이동","중국집","5"
"20180131","수","남","40대","서울특별시","송파구","송파동","중국집","88"
"20180131","수","남","50대","서울특별시","송파구","가락동","중국집","8"
"20180131","수","남","50대","서울특별시","송파구","마천동","중국집","5"
"20180131","수","남","50대","서울특별시","송파구","송파동","중국집","47"
"20180131","수","남","60대이상","서울특별시","송파구","가락동","중국집","8"
"20180131","수","남","60대이상","서울특별시","송파구","송파동","중국집","46"
"20180131","수","여","10대","서울특별시","송파구","송파동","중국집","9"
"20180131","수","여","20대","서울특별시","송파구","가락동","중국집","5"
"20180131","수","여","20대","서울특별시","송파구","송파동","중국집","16"
"20180131","수","남","20대","서울특별시","송파구","가락동","중국집","5"
"20180131","수","남","50대","서울특별시","송파구","풍납동","중국집","5"
"20180131","수","여","30대","서울특별시","송파구","가락동","중국집","12"
"20180131","수","여","30대","서울특별시","송파구","마천동","중국집","5"
"20180131","수","여","30대","서울특별시","송파구","풍납동","중국집","5"
"20180131","수","남","40대","서울특별시","송파구","풍납동","중국집","5"
"20180131","수","여","40대","서울특별시","송파구","가락동","중국집","13"
"20180131","수","여","40대","서울특별시","송파구","송파동","중국집","73"
"20180131","수","여","40대","서울특별시","송파구","풍납동","중국집","5"
"20180131","수","여","50대","서울특별시","송파구","가락동","중국집","6"
"20180131","수","여","30대","서울특별시","송파구","송파동","중국집","59"
"20180131","수","여","50대","서울특별시","송파구","송파동","중국집","58"
"20180131","수","여","50대","서울특별시","송파구","풍납동","중국집","5"
"20180131","수","여","60대이상","서울특별시","송파구","가락동","중국집","8"
"20180131","수","여","60대이상","서울특별시","송파구","마천동","중국집","5"
"20180131","수","남","30대","서울특별시","송파구","가락동","중국집","15"
"20180131","수","여","60대이상","서울특별시","송파구","송파동","중국집","17"
"20180131","수","남","10대","서울특별시","양천구","목동","중국집","5"
"20180131","수","남","10대","서울특별시","양천구","신정동","중국집","6"
"20180131","수","남","20대","서울특별시","양천구","신정동","중국집","8"
"20180131","수","남","30대","서울특별시","양천구","목동","중국집","5"
"20180131","수","남","30대","서울특별시","양천구","신정동","중국집","10"
"20180131","수","남","40대","서울특별시","양천구","신월동","중국집","5"
"20180131","수","남","50대","서울특별시","양천구","목동","중국집","5"
"20180131","수","남","50대","서울특별시","양천구","신정동","중국집","10"
"20180131","수","남","60대이상","서울특별시","양천구","신월동","중국집","5"
"20180131","수","남","60대이상","서울특별시","양천구","신정동","중국집","5"
"20180131","수","여","10대","서울특별시","양천구","신정동","중국집","5"
"20180131","수","남","20대","서울특별시","양천구","신월동","중국집","5"
"20180131","수","여","20대","서울특별시","양천구","신월동","중국집","5"
"20180131","수","남","40대","서울특별시","양천구","신정동","중국집","15"
"20180131","수","여","20대","서울특별시","양천구","신정동","중국집","5"
"20180131","수","여","30대","서울특별시","양천구","목동","중국집","5"
"20180131","수","여","30대","서울특별시","양천구","신월동","중국집","5"
"20180131","수","여","40대","서울특별시","양천구","목동","중국집","5"
"20180131","수","여","40대","서울특별시","양천구","신월동","중국집","5"
"20180131","수","여","40대","서울특별시","양천구","신정동","중국집","19"
"20180131","수","남","50대","서울특별시","양천구","신월동","중국집","5"
"20180131","수","여","50대","서울특별시","양천구","신월동","중국집","5"
"20180131","수","여","50대","서울특별시","양천구","신정동","중국집","8"
"20180131","수","여","60대이상","서울특별시","양천구","신월동","중국집","5"
"20180131","수","여","30대","서울특별시","양천구","신정동","중국집","13"
"20180131","수","여","60대이상","서울특별시","양천구","신정동","중국집","5"
"20180131","수","남","10대","서울특별시","영등포구","영등포동1가","중국집","5"
"20180131","수","남","20대","서울특별시","영등포구","여의도동","중국집","15"
"20180131","수","남","20대","서울특별시","영등포구","영등포동7가","중국집","5"
"20180131","수","남","30대","서울특별시","영등포구","문래동2가","중국집","16"
"20180131","수","남","30대","서울특별시","영등포구","문래동3가","중국집","16"
"20180131","수","남","30대","서울특별시","영등포구","신길동","중국집","5"
"20180131","수","남","30대","서울특별시","영등포구","영등포동1가","중국집","7"
"20180131","수","남","30대","서울특별시","영등포구","여의도동","중국집","44"
"20180131","수","남","30대","서울특별시","영등포구","영등포동7가","중국집","5"
"20180131","수","남","40대","서울특별시","영등포구","문래동3가","중국집","23"
"20180131","수","남","40대","서울특별시","영등포구","신길동","중국집","5"
"20180131","수","남","50대","서울특별시","영등포구","문래동3가","중국집","18"
"20180131","수","남","50대","서울특별시","영등포구","신길동","중국집","5"
"20180131","수","남","20대","서울특별시","영등포구","문래동3가","중국집","10"
"20180131","수","남","50대","서울특별시","영등포구","영등포동1가","중국집","5"
"20180131","수","남","40대","서울특별시","영등포구","영등포동1가","중국집","5"
"20180131","수","남","50대","서울특별시","영등포구","영등포동8가","중국집","5"
"20180131","수","남","60대이상","서울특별시","영등포구","당산동6가","중국집","5"
"20180131","수","남","60대이상","서울특별시","영등포구","문래동2가","중국집","6"
"20180131","수","남","20대","서울특별시","영등포구","대림동","중국집","5"
"20180131","수","남","60대이상","서울특별시","영등포구","문래동3가","중국집","15"
"20180131","수","남","60대이상","서울특별시","영등포구","여의도동","중국집","10"
"20180131","수","남","20대","서울특별시","영등포구","영등포동1가","중국집","5"
"20180131","수","여","20대","서울특별시","영등포구","대림동","중국집","5"
"20180131","수","여","20대","서울특별시","영등포구","문래동2가","중국집","5"
"20180131","수","여","20대","서울특별시","영등포구","문래동3가","중국집","7"
"20180131","수","여","20대","서울특별시","영등포구","영등포동8가","중국집","5"
"20180131","수","여","10대","서울특별시","영등포구","문래동2가","중국집","5"
"20180131","수","여","30대","서울특별시","영등포구","대림동","중국집","5"
"20180131","수","여","30대","서울특별시","영등포구","문래동3가","중국집","20"
"20180131","수","여","30대","서울특별시","영등포구","당산동6가","중국집","5"
"20180131","수","여","30대","서울특별시","영등포구","신길동","중국집","5"
"20180131","수","여","30대","서울특별시","영등포구","영등포동1가","중국집","5"
"20180131","수","여","30대","서울특별시","영등포구","문래동2가","중국집","10"
"20180131","수","여","30대","서울특별시","영등포구","여의도동","중국집","32"
"20180131","수","여","30대","서울특별시","영등포구","영등포동7가","중국집","5"
"20180131","수","여","40대","서울특별시","영등포구","당산동3가","중국집","5"
"20180131","수","남","60대이상","서울특별시","영등포구","신길동","중국집","5"
"20180131","수","여","40대","서울특별시","영등포구","대림동","중국집","5"
"20180131","수","여","40대","서울특별시","영등포구","문래동2가","중국집","14"
"20180131","수","여","40대","서울특별시","영등포구","여의도동","중국집","14"
"20180131","수","여","40대","서울특별시","영등포구","영등포동1가","중국집","5"
"20180131","수","여","40대","서울특별시","영등포구","영등포동7가","중국집","5"
"20180131","수","남","20대","서울특별시","영등포구","문래동2가","중국집","10"
"20180131","수","남","40대","서울특별시","영등포구","여의도동","중국집","44"
"20180131","수","여","50대","서울특별시","영등포구","문래동2가","중국집","9"
"20180131","수","남","60대이상","서울특별시","영등포구","영등포동1가","중국집","5"
"20180131","수","여","50대","서울특별시","영등포구","문래동3가","중국집","6"
"20180131","수","여","50대","서울특별시","영등포구","여의도동","중국집","9"
"20180131","수","여","50대","서울특별시","영등포구","영등포동1가","중국집","5"
"20180131","수","여","60대이상","서울특별시","영등포구","당산동3가","중국집","5"
"20180131","수","여","60대이상","서울특별시","영등포구","대림동","중국집","5"
"20180131","수","남","50대","서울특별시","영등포구","여의도동","중국집","19"
"20180131","수","남","40대","서울특별시","영등포구","문래동2가","중국집","23"
"20180131","수","남","50대","서울특별시","영등포구","문래동2가","중국집","17"
"20180131","수","여","60대이상","서울특별시","영등포구","문래동2가","중국집","9"
"20180131","수","여","20대","서울특별시","영등포구","당산동6가","중국집","5"
"20180131","수","남","10대","서울특별시","영등포구","문래동2가","중국집","5"
"20180131","수","여","50대","서울특별시","영등포구","대림동","중국집","5"
"20180131","수","여","60대이상","서울특별시","영등포구","문래동3가","중국집","5"
"20180131","수","남","10대","서울특별시","영등포구","문래동3가","중국집","7"
"20180131","수","여","40대","서울특별시","영등포구","문래동3가","중국집","22"
"20180131","수","남","30대","서울특별시","영등포구","대림동","중국집","5"
"20180131","수","여","60대이상","서울특별시","영등포구","신길동","중국집","5"
"20180131","수","여","20대","서울특별시","영등포구","여의도동","중국집","16"
"20180131","수","여","60대이상","서울특별시","영등포구","여의도동","중국집","5"
"20180131","수","여","10대","서울특별시","영등포구","여의도동","중국집","5"
"20180131","수","남","10대","서울특별시","용산구","이촌동","중국집","5"
"20180131","수","남","20대","서울특별시","용산구","신계동","중국집","5"
"20180131","수","남","20대","서울특별시","용산구","보광동","중국집","5"
"20180131","수","남","20대","서울특별시","용산구","후암동","중국집","5"
"20180131","수","남","30대","서울특별시","용산구","신계동","중국집","5"
"20180131","수","남","30대","서울특별시","용산구","원효로4가","중국집","5"
"20180131","수","남","30대","서울특별시","용산구","후암동","중국집","27"
"20180131","수","남","20대","서울특별시","용산구","한강로3가","중국집","20"
"20180131","수","남","40대","서울특별시","용산구","동자동","중국집","5"
"20180131","수","남","40대","서울특별시","용산구","보광동","중국집","12"
"20180131","수","남","40대","서울특별시","용산구","한강로3가","중국집","45"
"20180131","수","남","20대","서울특별시","용산구","원효로4가","중국집","5"
"20180131","수","남","40대","서울특별시","용산구","한남동","중국집","5"
"20180131","수","남","50대","서울특별시","용산구","한남동","중국집","5"
"20180131","수","남","50대","서울특별시","용산구","한강로3가","중국집","21"
"20180131","수","남","50대","서울특별시","용산구","후암동","중국집","26"
"20180131","수","남","60대이상","서울특별시","용산구","이태원동","중국집","5"
"20180131","수","여","20대","서울특별시","용산구","보광동","중국집","5"
"20180131","수","여","10대","서울특별시","용산구","이촌동","중국집","5"
"20180131","수","남","40대","서울특별시","용산구","신계동","중국집","5"
"20180131","수","여","20대","서울특별시","용산구","이촌동","중국집","5"
"20180131","수","여","20대","서울특별시","용산구","한강로3가","중국집","6"
"20180131","수","남","10대","서울특별시","용산구","한강로3가","중국집","5"
"20180131","수","여","30대","서울특별시","용산구","동자동","중국집","5"
"20180131","수","남","20대","서울특별시","용산구","이촌동","중국집","5"
"20180131","수","남","30대","서울특별시","용산구","한강로3가","중국집","47"
"20180131","수","여","30대","서울특별시","용산구","보광동","중국집","5"
"20180131","수","여","30대","서울특별시","용산구","한강로3가","중국집","16"
"20180131","수","여","30대","서울특별시","용산구","후암동","중국집","19"
"20180131","수","남","60대이상","서울특별시","용산구","한강로3가","중국집","15"
"20180131","수","여","40대","서울특별시","용산구","동자동","중국집","5"
"20180131","수","남","10대","서울특별시","용산구","도원동","중국집","5"
"20180131","수","남","10대","서울특별시","용산구","이태원동","중국집","5"
"20180131","수","남","10대","서울특별시","용산구","후암동","중국집","5"
"20180131","수","여","40대","서울특별시","용산구","보광동","중국집","5"
"20180131","수","여","20대","서울특별시","용산구","후암동","중국집","9"
"20180131","수","남","60대이상","서울특별시","용산구","신계동","중국집","5"
"20180131","수","남","60대이상","서울특별시","용산구","보광동","중국집","5"
"20180131","수","남","30대","서울특별시","용산구","도원동","중국집","5"
"20180131","수","여","10대","서울특별시","용산구","한강로3가","중국집","5"
"20180131","수","여","40대","서울특별시","용산구","신계동","중국집","5"
"20180131","수","남","30대","서울특별시","용산구","이태원동","중국집","5"
"20180131","수","여","40대","서울특별시","용산구","원효로4가","중국집","5"
"20180131","수","남","30대","서울특별시","용산구","한남동","중국집","5"
"20180131","수","여","40대","서울특별시","용산구","이촌동","중국집","7"
"20180131","수","여","40대","서울특별시","용산구","이태원동","중국집","5"
"20180131","수","남","40대","서울특별시","용산구","후암동","중국집","48"
"20180131","수","여","40대","서울특별시","용산구","한강로3가","중국집","30"
"20180131","수","남","30대","서울특별시","용산구","이촌동","중국집","5"
"20180131","수","여","40대","서울특별시","용산구","후암동","중국집","32"
"20180131","수","남","20대","서울특별시","용산구","이태원동","중국집","5"
"20180131","수","여","10대","서울특별시","용산구","원효로4가","중국집","5"
"20180131","수","여","50대","서울특별시","용산구","보광동","중국집","5"
"20180131","수","여","20대","서울특별시","용산구","동자동","중국집","5"
"20180131","수","여","20대","서울특별시","용산구","갈월동","중국집","5"
"20180131","수","여","50대","서울특별시","용산구","원효로4가","중국집","5"
"20180131","수","여","50대","서울특별시","용산구","이촌동","중국집","5"
"20180131","수","여","50대","서울특별시","용산구","이태원동","중국집","5"
"20180131","수","남","50대","서울특별시","용산구","동자동","중국집","5"
"20180131","수","여","40대","서울특별시","용산구","효창동","중국집","5"
"20180131","수","여","40대","서울특별시","용산구","한남동","중국집","5"
"20180131","수","남","30대","서울특별시","용산구","보광동","중국집","5"
"20180131","수","남","60대이상","서울특별시","용산구","후암동","중국집","24"
"20180131","수","여","50대","서울특별시","용산구","한강로3가","중국집","19"
"20180131","수","여","50대","서울특별시","용산구","후암동","중국집","6"
"20180131","수","여","20대","서울특별시","용산구","한남동","중국집","5"
"20180131","수","여","60대이상","서울특별시","용산구","도원동","중국집","5"
"20180131","수","여","20대","서울특별시","용산구","이태원동","중국집","5"
"20180131","수","남","40대","서울특별시","용산구","이촌동","중국집","5"
"20180131","수","여","20대","서울특별시","용산구","도원동","중국집","5"
"20180131","수","여","60대이상","서울특별시","용산구","보광동","중국집","5"
"20180131","수","여","60대이상","서울특별시","용산구","이촌동","중국집","5"
"20180131","수","남","50대","서울특별시","용산구","보광동","중국집","5"
"20180131","수","남","50대","서울특별시","용산구","원효로4가","중국집","5"
"20180131","수","여","60대이상","서울특별시","용산구","한강로3가","중국집","7"
"20180131","수","여","30대","서울특별시","용산구","도원동","중국집","5"
"20180131","수","여","60대이상","서울특별시","용산구","후암동","중국집","10"
"20180131","수","여","30대","서울특별시","용산구","이촌동","중국집","5"
"20180131","수","남","60대이상","서울특별시","용산구","원효로4가","중국집","5"
"20180131","수","남","10대","서울특별시","은평구","불광동","중국집","5"
"20180131","수","남","10대","서울특별시","은평구","증산동","중국집","5"
"20180131","수","남","20대","서울특별시","은평구","수색동","중국집","5"
"20180131","수","남","30대","서울특별시","은평구","구산동","중국집","5"
"20180131","수","남","30대","서울특별시","은평구","불광동","중국집","43"
"20180131","수","남","30대","서울특별시","은평구","증산동","중국집","5"
"20180131","수","남","40대","서울특별시","은평구","불광동","중국집","46"
"20180131","수","남","40대","서울특별시","은평구","수색동","중국집","5"
"20180131","수","남","20대","서울특별시","은평구","불광동","중국집","21"
"20180131","수","남","40대","서울특별시","은평구","증산동","중국집","5"
"20180131","수","남","50대","서울특별시","은평구","구산동","중국집","5"
"20180131","수","남","50대","서울특별시","은평구","불광동","중국집","15"
"20180131","수","남","60대이상","서울특별시","은평구","불광동","중국집","16"
"20180131","수","여","10대","서울특별시","은평구","불광동","중국집","5"
"20180131","수","여","20대","서울특별시","은평구","불광동","중국집","18"
"20180131","수","여","30대","서울특별시","은평구","구산동","중국집","5"
"20180131","수","여","30대","서울특별시","은평구","불광동","중국집","30"
"20180131","수","여","30대","서울특별시","은평구","증산동","중국집","5"
"20180131","수","여","40대","서울특별시","은평구","불광동","중국집","43"
"20180131","수","남","50대","서울특별시","은평구","증산동","중국집","5"
"20180131","수","여","40대","서울특별시","은평구","수색동","중국집","5"
"20180131","수","여","40대","서울특별시","은평구","증산동","중국집","5"
"20180131","수","여","50대","서울특별시","은평구","구산동","중국집","5"
"20180131","수","여","50대","서울특별시","은평구","불광동","중국집","22"
"20180131","수","여","50대","서울특별시","은평구","증산동","중국집","5"
"20180131","수","여","10대","서울특별시","은평구","구산동","중국집","5"
"20180131","수","여","60대이상","서울특별시","은평구","불광동","중국집","12"
"20180131","수","여","60대이상","서울특별시","은평구","수색동","중국집","5"
"20180131","수","남","20대","서울특별시","종로구","경운동","중국집","5"
"20180131","수","남","20대","서울특별시","종로구","관수동","중국집","5"
"20180131","수","남","20대","서울특별시","종로구","신문로2가","중국집","5"
"20180131","수","남","20대","서울특별시","종로구","종로6가","중국집","5"
"20180131","수","남","30대","서울특별시","종로구","경운동","중국집","5"
"20180131","수","남","30대","서울특별시","종로구","동숭동","중국집","5"
"20180131","수","남","30대","서울특별시","종로구","숭인동","중국집","5"
"20180131","수","남","30대","서울특별시","종로구","원서동","중국집","5"
"20180131","수","남","30대","서울특별시","종로구","관수동","중국집","5"
"20180131","수","남","30대","서울특별시","종로구","창성동","중국집","5"
"20180131","수","남","40대","서울특별시","종로구","관수동","중국집","5"
"20180131","수","남","20대","서울특별시","종로구","평창동","중국집","5"
"20180131","수","남","40대","서울특별시","종로구","교남동","중국집","5"
"20180131","수","남","40대","서울특별시","종로구","동숭동","중국집","5"
"20180131","수","남","40대","서울특별시","종로구","숭인동","중국집","5"
"20180131","수","남","40대","서울특별시","종로구","창성동","중국집","5"
"20180131","수","남","40대","서울특별시","종로구","평창동","중국집","5"
"20180131","수","남","50대","서울특별시","종로구","관수동","중국집","5"
"20180131","수","남","30대","서울특별시","종로구","평창동","중국집","5"
"20180131","수","남","50대","서울특별시","종로구","동숭동","중국집","5"
"20180131","수","남","50대","서울특별시","종로구","종로6가","중국집","5"
"20180131","수","남","50대","서울특별시","종로구","창성동","중국집","5"
"20180131","수","남","60대이상","서울특별시","종로구","관수동","중국집","5"
"20180131","수","남","60대이상","서울특별시","종로구","동숭동","중국집","5"
"20180131","수","남","40대","서울특별시","종로구","경운동","중국집","5"
"20180131","수","남","60대이상","서울특별시","종로구","명륜3가","중국집","5"
"20180131","수","남","60대이상","서울특별시","종로구","원서동","중국집","5"
"20180131","수","남","60대이상","서울특별시","종로구","청진동","중국집","5"
"20180131","수","남","60대이상","서울특별시","종로구","평창동","중국집","5"
"20180131","수","여","20대","서울특별시","종로구","신문로2가","중국집","5"
"20180131","수","남","20대","서울특별시","종로구","창성동","중국집","5"
"20180131","수","여","20대","서울특별시","종로구","안국동","중국집","5"
"20180131","수","여","30대","서울특별시","종로구","교남동","중국집","5"
"20180131","수","여","30대","서울특별시","종로구","낙원동","중국집","5"
"20180131","수","남","60대이상","서울특별시","종로구","종로5가","중국집","5"
"20180131","수","여","20대","서울특별시","종로구","서린동","중국집","5"
"20180131","수","남","40대","서울특별시","종로구","원서동","중국집","5"
"20180131","수","남","10대","서울특별시","종로구","교남동","중국집","5"
"20180131","수","여","30대","서울특별시","종로구","동숭동","중국집","5"
"20180131","수","남","50대","서울특별시","종로구","원서동","중국집","5"
"20180131","수","남","10대","서울특별시","종로구","평창동","중국집","5"
"20180131","수","여","30대","서울특별시","종로구","신문로2가","중국집","5"
"20180131","수","여","30대","서울특별시","종로구","옥인동","중국집","5"
"20180131","수","여","20대","서울특별시","종로구","창성동","중국집","5"
"20180131","수","여","30대","서울특별시","종로구","원서동","중국집","5"
"20180131","수","여","30대","서울특별시","종로구","창성동","중국집","5"
"20180131","수","여","20대","서울특별시","종로구","숭인동","중국집","5"
"20180131","수","여","40대","서울특별시","종로구","관수동","중국집","5"
"20180131","수","남","20대","서울특별시","종로구","원서동","중국집","5"
"20180131","수","여","40대","서울특별시","종로구","교남동","중국집","6"
"20180131","수","여","20대","서울특별시","종로구","동숭동","중국집","5"
"20180131","수","여","40대","서울특별시","종로구","동숭동","중국집","5"
"20180131","수","남","50대","서울특별시","종로구","신문로2가","중국집","5"
"20180131","수","남","50대","서울특별시","종로구","서린동","중국집","5"
"20180131","수","여","40대","서울특별시","종로구","서린동","중국집","5"
"20180131","수","여","40대","서울특별시","종로구","숭인동","중국집","5"
"20180131","수","여","40대","서울특별시","종로구","원서동","중국집","5"
"20180131","수","남","30대","서울특별시","종로구","낙원동","중국집","5"
"20180131","수","여","40대","서울특별시","종로구","종로6가","중국집","5"
"20180131","수","여","40대","서울특별시","종로구","창성동","중국집","5"
"20180131","수","남","20대","서울특별시","종로구","낙원동","중국집","5"
"20180131","수","남","50대","서울특별시","종로구","숭인동","중국집","5"
"20180131","수","여","40대","서울특별시","종로구","평창동","중국집","5"
"20180131","수","여","20대","서울특별시","종로구","원서동","중국집","5"
"20180131","수","남","20대","서울특별시","종로구","동숭동","중국집","5"
"20180131","수","여","50대","서울특별시","종로구","관수동","중국집","5"
"20180131","수","여","50대","서울특별시","종로구","서린동","중국집","5"
"20180131","수","남","20대","서울특별시","종로구","명륜1가","중국집","5"
"20180131","수","여","30대","서울특별시","종로구","종로5가","중국집","5"
"20180131","수","여","50대","서울특별시","종로구","원서동","중국집","5"
"20180131","수","여","40대","서울특별시","종로구","신문로2가","중국집","5"
"20180131","수","남","50대","서울특별시","종로구","교남동","중국집","5"
"20180131","수","여","50대","서울특별시","종로구","종로5가","중국집","5"
"20180131","수","여","50대","서울특별시","종로구","평창동","중국집","5"
"20180131","수","여","60대이상","서울특별시","종로구","교남동","중국집","5"
"20180131","수","남","50대","서울특별시","종로구","낙원동","중국집","5"
"20180131","수","여","60대이상","서울특별시","종로구","낙원동","중국집","5"
"20180131","수","남","10대","서울특별시","종로구","창성동","중국집","5"
"20180131","수","여","30대","서울특별시","종로구","서린동","중국집","5"
"20180131","수","여","20대","서울특별시","종로구","평창동","중국집","5"
"20180131","수","여","60대이상","서울특별시","종로구","숭인동","중국집","5"
"20180131","수","여","50대","서울특별시","종로구","종로6가","중국집","5"
"20180131","수","남","60대이상","서울특별시","종로구","숭인동","중국집","5"
"20180131","수","여","20대","서울특별시","종로구","교남동","중국집","5"
"20180131","수","여","60대이상","서울특별시","종로구","원서동","중국집","5"
"20180131","수","여","20대","서울특별시","종로구","경운동","중국집","5"
"20180131","수","여","60대이상","서울특별시","종로구","창성동","중국집","5"
"20180131","수","여","60대이상","서울특별시","종로구","평창동","중국집","5"
"20180131","수","남","30대","서울특별시","종로구","서린동","중국집","5"
"20180131","수","여","40대","서울특별시","종로구","낙원동","중국집","5"
"20180131","수","남","10대","서울특별시","중구","수하동","중국집","7"
"20180131","수","남","10대","서울특별시","중구","필동2가","중국집","5"
"20180131","수","남","30대","서울특별시","중구","무교동","중국집","5"
"20180131","수","남","30대","서울특별시","중구","신당동","중국집","51"
"20180131","수","남","30대","서울특별시","중구","정동","중국집","5"
"20180131","수","남","30대","서울특별시","중구","필동2가","중국집","5"
"20180131","수","남","30대","서울특별시","중구","을지로6가","중국집","5"
"20180131","수","남","30대","서울특별시","중구","회현동1가","중국집","5"
"20180131","수","남","40대","서울특별시","중구","신당동","중국집","65"
"20180131","수","남","40대","서울특별시","중구","을지로4가","중국집","5"
"20180131","수","남","20대","서울특별시","중구","신당동","중국집","41"
"20180131","수","남","40대","서울특별시","중구","충무로1가","중국집","5"
"20180131","수","남","50대","서울특별시","중구","수표동","중국집","5"
"20180131","수","남","50대","서울특별시","중구","신당동","중국집","47"
"20180131","수","남","50대","서울특별시","중구","을지로3가","중국집","5"
"20180131","수","남","10대","서울특별시","중구","을지로6가","중국집","5"
"20180131","수","남","60대이상","서울특별시","중구","수하동","중국집","39"
"20180131","수","남","60대이상","서울특별시","중구","신당동","중국집","36"
"20180131","수","남","60대이상","서울특별시","중구","을지로6가","중국집","5"
"20180131","수","남","60대이상","서울특별시","중구","주교동","중국집","5"
"20180131","수","남","20대","서울특별시","중구","수하동","중국집","40"
"20180131","수","여","10대","서울특별시","중구","수하동","중국집","6"
"20180131","수","여","10대","서울특별시","중구","신당동","중국집","5"
"20180131","수","남","40대","서울특별시","중구","주교동","중국집","5"
"20180131","수","여","20대","서울특별시","중구","수하동","중국집","19"
"20180131","수","남","40대","서울특별시","중구","수하동","중국집","85"
"20180131","수","여","20대","서울특별시","중구","무교동","중국집","5"
"20180131","수","여","20대","서울특별시","중구","신당동","중국집","20"
"20180131","수","여","20대","서울특별시","중구","장충동2가","중국집","5"
"20180131","수","남","50대","서울특별시","중구","필동2가","중국집","6"
"20180131","수","여","30대","서울특별시","중구","명동1가","중국집","5"
"20180131","수","남","20대","서울특별시","중구","을지로6가","중국집","5"
"20180131","수","여","30대","서울특별시","중구","수하동","중국집","27"
"20180131","수","여","30대","서울특별시","중구","정동","중국집","5"
"20180131","수","여","30대","서울특별시","중구","충무로1가","중국집","5"
"20180131","수","남","40대","서울특별시","중구","을지로3가","중국집","5"
"20180131","수","남","30대","서울특별시","중구","수하동","중국집","82"
"20180131","수","여","40대","서울특별시","중구","신당동","중국집","63"
"20180131","수","여","40대","서울특별시","중구","을지로1가","중국집","5"
"20180131","수","남","30대","서울특별시","중구","을지로3가","중국집","5"
"20180131","수","여","40대","서울특별시","중구","을지로3가","중국집","5"
"20180131","수","남","30대","서울특별시","중구","명동1가","중국집","5"
"20180131","수","남","20대","서울특별시","중구","필동2가","중국집","5"
"20180131","수","여","50대","서울특별시","중구","수하동","중국집","24"
"20180131","수","남","50대","서울특별시","중구","을지로6가","중국집","5"
"20180131","수","남","10대","서울특별시","중구","신당동","중국집","8"
"20180131","수","여","40대","서울특별시","중구","수하동","중국집","28"
"20180131","수","여","50대","서울특별시","중구","신당동","중국집","33"
"20180131","수","남","50대","서울특별시","중구","수하동","중국집","68"
"20180131","수","여","50대","서울특별시","중구","을지로3가","중국집","5"
"20180131","수","여","40대","서울특별시","중구","을지로6가","중국집","5"
"20180131","수","여","60대이상","서울특별시","중구","명동1가","중국집","5"
"20180131","수","여","60대이상","서울특별시","중구","수하동","중국집","22"
"20180131","수","여","30대","서울특별시","중구","필동2가","중국집","5"
"20180131","수","남","40대","서울특별시","중구","을지로6가","중국집","5"
"20180131","수","여","60대이상","서울특별시","중구","신당동","중국집","27"
"20180131","수","여","30대","서울특별시","중구","신당동","중국집","39"
"20180131","수","여","30대","서울특별시","중구","을지로6가","중국집","5"
"20180131","수","남","40대","서울특별시","중구","회현동1가","중국집","5"
"20180131","수","여","60대이상","서울특별시","중구","주교동","중국집","5"
"20180131","수","여","50대","서울특별시","중구","을지로6가","중국집","5"
"20180131","수","여","60대이상","서울특별시","중구","회현동1가","중국집","5"
"20180131","수","남","10대","서울특별시","중랑구","신내동","중국집","5"
"20180131","수","남","20대","서울특별시","중랑구","면목동","중국집","20"
"20180131","수","남","20대","서울특별시","중랑구","묵동","중국집","5"
"20180131","수","남","30대","서울특별시","중랑구","망우동","중국집","5"
"20180131","수","남","30대","서울특별시","중랑구","면목동","중국집","45"
"20180131","수","남","30대","서울특별시","중랑구","상봉동","중국집","5"
"20180131","수","남","10대","서울특별시","중랑구","면목동","중국집","5"
"20180131","수","남","40대","서울특별시","중랑구","망우동","중국집","5"
"20180131","수","남","40대","서울특별시","중랑구","묵동","중국집","5"
"20180131","수","남","40대","서울특별시","중랑구","신내동","중국집","5"
"20180131","수","남","50대","서울특별시","중랑구","면목동","중국집","43"
"20180131","수","남","50대","서울특별시","중랑구","상봉동","중국집","5"
"20180131","수","남","50대","서울특별시","중랑구","신내동","중국집","5"
"20180131","수","남","60대이상","서울특별시","중랑구","망우동","중국집","5"
"20180131","수","남","30대","서울특별시","중랑구","신내동","중국집","5"
"20180131","수","남","50대","서울특별시","중랑구","망우동","중국집","5"
"20180131","수","남","60대이상","서울특별시","중랑구","면목동","중국집","22"
"20180131","수","여","10대","서울특별시","중랑구","면목동","중국집","5"
"20180131","수","여","20대","서울특별시","중랑구","면목동","중국집","12"
"20180131","수","여","20대","서울특별시","중랑구","신내동","중국집","5"
"20180131","수","여","30대","서울특별시","중랑구","망우동","중국집","5"
"20180131","수","여","30대","서울특별시","중랑구","면목동","중국집","31"
"20180131","수","남","40대","서울특별시","중랑구","면목동","중국집","54"
"20180131","수","여","30대","서울특별시","중랑구","묵동","중국집","5"
"20180131","수","남","20대","서울특별시","중랑구","망우동","중국집","5"
"20180131","수","여","30대","서울특별시","중랑구","신내동","중국집","5"
"20180131","수","여","30대","서울특별시","중랑구","중화동","중국집","5"
"20180131","수","남","50대","서울특별시","중랑구","묵동","중국집","5"
"20180131","수","여","40대","서울특별시","중랑구","망우동","중국집","5"
"20180131","수","여","40대","서울특별시","중랑구","면목동","중국집","39"
"20180131","수","여","40대","서울특별시","중랑구","신내동","중국집","5"
"20180131","수","여","50대","서울특별시","중랑구","망우동","중국집","5"
"20180131","수","여","40대","서울특별시","중랑구","묵동","중국집","5"
"20180131","수","여","50대","서울특별시","중랑구","면목동","중국집","36"
"20180131","수","여","50대","서울특별시","중랑구","묵동","중국집","5"
"20180131","수","여","60대이상","서울특별시","중랑구","망우동","중국집","5"
"20180131","수","남","20대","서울특별시","중랑구","신내동","중국집","5"
"20180131","수","여","60대이상","서울특별시","중랑구","면목동","중국집","11"
"20180131","수","남","30대","서울특별시","중랑구","묵동","중국집","6"
"20180131","수","여","60대이상","서울특별시","중랑구","신내동","중국집","5"
